-1.185881569981575012e-01
-1.221465989947319031e-01
-1.508125960826873779e-01
9.199685603380203247e-02
6.856034975498914719e-03
5.606036633253097534e-02
-3.669125214219093323e-02
-5.425903201103210449e-02
-1.365511566400527954e-01
2.653458388522267342e-03
-8.338056504726409912e-02
-5.407910048961639404e-02
-3.537596389651298523e-02
-7.866612076759338379e-02
6.822596490383148193e-02
-4.499531909823417664e-02
8.399531245231628418e-03
-5.581375956535339355e-02
-2.570865117013454437e-02
6.437885016202926636e-02
-1.742676496505737305e-01
1.989625245332717896e-01
-6.612336635589599609e-02
-3.076257742941379547e-02
-9.195972234010696411e-02
1.224512383341789246e-01
9.431707859039306641e-02
-9.213890880346298218e-02
-2.839346602559089661e-02
3.359883278608322144e-02
1.252277493476867676e-01
2.369552664458751678e-02
-1.415658369660377502e-02
-3.970468789339065552e-02
-9.420581907033920288e-02
3.306706994771957397e-02
-2.271589636802673340e-02
1.655506044626235962e-01
-5.303762108087539673e-02
1.799930073320865631e-02
-1.688215583562850952e-01
-8.818767219781875610e-02
-4.782736673951148987e-02
9.499055147171020508e-02
-1.132085472345352173e-01
-1.715597137808799744e-02
-9.303501993417739868e-02
-6.323360651731491089e-02
5.499767884612083435e-02
-1.186640262603759766e-01
8.630628138780593872e-02
-6.076531857252120972e-02
4.420746117830276489e-02
3.128589317202568054e-02
1.313869841396808624e-02
1.119216009974479675e-01
9.970913082361221313e-02
1.243738159537315369e-01
1.328618172556161880e-02
-3.507041186094284058e-02
1.797809265553951263e-02
2.318851649761199951e-01
-7.476295530796051025e-02
5.815916508436203003e-02
-6.000691652297973633e-02
4.938422888517379761e-02
6.666922569274902344e-02
5.608755350112915039e-02
2.333745956420898438e-01
-5.319664720445871353e-03
-5.523406714200973511e-02
-8.552283048629760742e-03
1.543890405446290970e-02
7.435646653175354004e-02
7.598246634006500244e-02
-1.303077191114425659e-01
1.040900349617004395e-01
-1.091061383485794067e-01
2.241607755422592163e-02
-1.709761619567871094e-01
1.404971182346343994e-01
-9.348039329051971436e-02
-8.375604450702667236e-02
-1.626766659319400787e-02
1.958970725536346436e-02
1.362421084195375443e-03
-1.074415370821952820e-01
7.854031398892402649e-03
1.505466997623443604e-01
9.852087497711181641e-02
-8.275319635868072510e-02
7.612075656652450562e-02
-2.080837264657020569e-03
-8.083946257829666138e-02
-9.597464650869369507e-02
-6.010061502456665039e-02
-1.782070100307464600e-02
3.200248256325721741e-02
2.942571975290775299e-02
7.822602987289428711e-02
-3.798568388447165489e-03
5.474497005343437195e-02
-8.973447978496551514e-02
1.529198586940765381e-01
-3.913221880793571472e-02
8.128780126571655273e-02
-1.222417131066322327e-01
-4.051842261105775833e-03
-2.684963941574096680e-01
1.707684434950351715e-02
5.403882265090942383e-02
3.326892154291272163e-03
1.072550192475318909e-01
-4.114978015422821045e-02
-6.032586842775344849e-02
-7.221966050565242767e-03
-1.445519626140594482e-01
-2.582157962024211884e-02
-7.848757505416870117e-02
9.084930270910263062e-02
8.781898021697998047e-02
1.194767281413078308e-01
-2.451006881892681122e-02
7.775926589965820312e-02
-8.981055580079555511e-03
7.263711839914321899e-02
-6.486826390027999878e-02
-2.939689345657825470e-02
