-4.213676601648330688e-02
-1.022684872150421143e-01
-1.554801464080810547e-01
-1.130613777786493301e-02
2.987169660627841949e-02
1.226646918803453445e-02
-1.028149425983428955e-01
-1.926843822002410889e-02
-1.029986664652824402e-01
-3.750461712479591370e-02
-7.662420719861984253e-02
3.740393370389938354e-02
-7.535076141357421875e-02
-1.017083078622817993e-01
8.213318884372711182e-02
9.892683476209640503e-02
-4.178890958428382874e-02
-4.779962822794914246e-02
1.035322472453117371e-01
-1.021671518683433533e-01
-9.040280431509017944e-02
1.323866397142410278e-01
4.207457229495048523e-02
-5.507342889904975891e-02
-1.562383174896240234e-01
1.578020900487899780e-01
9.444638341665267944e-02
-1.110568940639495850e-01
-1.881708577275276184e-02
-1.067186426371335983e-02
1.636111140251159668e-01
-4.466594010591506958e-02
1.047928333282470703e-01
-6.861311197280883789e-02
-1.649614423513412476e-02
-9.321629256010055542e-02
2.280384488403797150e-02
-2.777775051072239876e-03
3.476151078939437866e-02
2.933805808424949646e-02
-1.718696057796478271e-01
-9.226899594068527222e-02
-6.488415598869323730e-02
1.764552444219589233e-01
-2.914904803037643433e-02
-5.499823950231075287e-03
-1.952538453042507172e-02
-1.263584382832050323e-02
1.569446362555027008e-02
-4.088516533374786377e-02
1.415451616048812866e-01
9.552745148539543152e-03
9.793953597545623779e-02
-1.427196618169546127e-02
4.268500953912734985e-02
3.268499299883842468e-02
3.987047448754310608e-02
9.314037859439849854e-02
1.417141854763031006e-01
2.849451825022697449e-02
1.581317633390426636e-01
1.423462033271789551e-01
-1.328864600509405136e-02
5.920713394880294800e-02
-6.147439405322074890e-02
1.648984104394912720e-02
1.183734387159347534e-01
1.063317954540252686e-01
8.003540337085723877e-02
-5.187266692519187927e-02
-2.153772115707397461e-02
-3.411101922392845154e-02
-1.467519104480743408e-01
1.041001304984092712e-01
2.446475625038146973e-01
-1.437633037567138672e-01
1.784034259617328644e-02
-2.706673741340637207e-02
-6.353233009576797485e-02
-6.195494532585144043e-02
1.144949570298194885e-01
-2.463338896632194519e-02
-1.224410310387611389e-01
1.495653763413429260e-03
-4.996320977807044983e-02
9.767556190490722656e-02
-1.862655282020568848e-01
8.443345129489898682e-02
1.566842496395111084e-01
-2.600203966721892357e-03
2.799509651958942413e-02
8.172410726547241211e-02
-4.693666100502014160e-02
-1.242174357175827026e-01
-1.046313196420669556e-01
-1.823915839195251465e-01
8.022490888833999634e-02
-2.576664276421070099e-02
7.173846010118722916e-03
2.097002975642681122e-02
2.725701779127120972e-02
-3.055148571729660034e-02
5.917992675676941872e-04
4.713626205921173096e-02
7.242023944854736328e-03
8.166535943746566772e-02
-7.576114684343338013e-02
1.219121180474758148e-02
-5.681262910366058350e-02
3.738421946763992310e-02
1.073508784174919128e-01
1.411588042974472046e-01
1.309465318918228149e-01
7.509295828640460968e-03
-1.785080283880233765e-01
-5.640602484345436096e-02
-1.507512629032135010e-01
-6.487478315830230713e-02
2.728696446865797043e-03
7.407926768064498901e-02
4.512919858098030090e-02
-3.682550042867660522e-02
-1.274460554122924805e-01
1.338284611701965332e-01
-2.400731109082698822e-02
-1.464414503425359726e-02
-3.136665793135762215e-03
7.544652372598648071e-02
