-1.403301507234573364e-01
5.299161747097969055e-02
-3.826319798827171326e-02
3.497159481048583984e-02
-1.290090978145599365e-01
-1.139992475509643555e-01
-4.263992235064506531e-02
-1.405295133590698242e-01
-7.043733447790145874e-02
2.393820695579051971e-02
-9.216997027397155762e-02
-1.025313884019851685e-01
6.618278473615646362e-02
-1.345306634902954102e-01
4.054532200098037720e-02
-7.639216631650924683e-02
-5.798275396227836609e-02
5.755187477916479111e-03
-4.641078040003776550e-02
-1.526688225567340851e-02
-5.853042751550674438e-02
1.486512124538421631e-01
-4.646273702383041382e-02
-6.852988153696060181e-02
-3.750228497665375471e-04
1.133308559656143188e-01
-5.704663321375846863e-02
5.161565542221069336e-02
-9.117618203163146973e-02
-1.129038184881210327e-01
1.351390630006790161e-01
1.493746135383844376e-02
1.506120860576629639e-01
-1.293214708566665649e-01
6.414197850972414017e-03
8.729698508977890015e-02
-2.139974534511566162e-01
4.901952669024467468e-02
-9.633298963308334351e-03
1.109290048480033875e-01
-1.240643039345741272e-01
5.236038006842136383e-03
-5.223881080746650696e-02
1.028390675783157349e-01
2.134725451469421387e-02
1.240030527114868164e-01
1.074793115258216858e-01
5.396228283643722534e-02
1.974007934331893921e-01
7.213785499334335327e-02
1.695626527070999146e-01
-1.733057014644145966e-02
-1.087721288204193115e-01
1.689327415078878403e-03
-6.842917203903198242e-02
2.492070756852626801e-02
-1.080757230520248413e-01
-2.652237378060817719e-02
1.765244454145431519e-01
2.366877719759941101e-02
3.751615062355995178e-02
2.280152216553688049e-02
-8.662220090627670288e-02
-1.483096554875373840e-02
-5.304814130067825317e-02
-6.118687614798545837e-02
-7.269764691591262817e-02
-4.016495496034622192e-02
1.209177896380424500e-01
5.637432634830474854e-02
6.550542265176773071e-02
5.743445456027984619e-02
-5.586939305067062378e-02
1.462534219026565552e-01
7.323703914880752563e-02
-1.109010055661201477e-01
9.152328968048095703e-02
-3.325100988149642944e-02
-8.492732793092727661e-02
-4.625202342867851257e-02
1.926753520965576172e-01
-8.892019838094711304e-02
-5.556818097829818726e-02
-9.419580549001693726e-02
9.717246890068054199e-02
-1.046398072503507137e-03
-3.385891020298004150e-02
1.187715865671634674e-02
1.341471672058105469e-01
9.176626056432723999e-02
-9.602422267198562622e-02
1.791878789663314819e-01
-3.795199096202850342e-02
-7.885283976793289185e-02
-1.546661257743835449e-01
-7.371149957180023193e-02
8.541689813137054443e-02
1.448047067970037460e-02
4.342903569340705872e-02
2.934081712737679482e-03
6.063961610198020935e-02
-3.327390877529978752e-03
-2.791944192722439766e-03
1.114790886640548706e-01
-5.873185396194458008e-02
-4.592319577932357788e-02
-2.367598563432693481e-02
6.344239413738250732e-02
-7.657575607299804688e-02
-1.121443212032318115e-01
4.599043726921081543e-02
-8.114666491746902466e-02
1.697192341089248657e-01
6.316976249217987061e-02
-1.130285486578941345e-02
-1.076065972447395325e-01
-1.592121124267578125e-01
9.499606490135192871e-02
6.122801080346107483e-02
-1.139797493815422058e-01
-1.133220568299293518e-01
-9.031201899051666260e-02
1.609052903950214386e-02
1.856989040970802307e-02
-1.052797120064496994e-02
4.461769759654998779e-02
2.143271081149578094e-02
8.315241336822509766e-02
