-8.583094924688339233e-02
-1.724102050065994263e-01
-1.753048896789550781e-01
8.573601953685283661e-03
2.488701976835727692e-02
9.238547831773757935e-02
-1.102991402149200439e-02
-5.005273222923278809e-02
-1.664361059665679932e-01
-5.483468621969223022e-02
-1.643043756484985352e-02
-5.012616515159606934e-02
-6.013259291648864746e-02
-7.360336929559707642e-02
8.212713152170181274e-02
4.042229428887367249e-02
1.634598895907402039e-02
-7.819253206253051758e-02
-1.164823491126298904e-02
-4.554200172424316406e-02
-1.155464723706245422e-01
1.485898792743682861e-01
6.952791661024093628e-02
-7.111858576536178589e-02
-1.608986258506774902e-01
9.231788665056228638e-02
9.100056439638137817e-02
-1.208544000983238220e-01
-2.608583681285381317e-02
9.142941981554031372e-02
1.700723171234130859e-01
-3.425595909357070923e-02
6.848680973052978516e-02
-5.106578767299652100e-02
-5.396106094121932983e-02
-2.153336815536022186e-02
-1.018293108791112900e-02
6.254780292510986328e-02
-6.572139263153076172e-02
5.112520232796669006e-02
-1.827951073646545410e-01
-3.118856810033321381e-02
-9.940560907125473022e-02
1.471379697322845459e-01
-9.931217879056930542e-02
-6.705734878778457642e-02
-3.020906820893287659e-02
-3.427612036466598511e-02
2.677578479051589966e-02
-1.505129039287567139e-02
1.369457095861434937e-01
2.011211775243282318e-02
3.936637938022613525e-02
-1.331745553761720657e-02
7.474754750728607178e-02
9.868555516004562378e-02
9.358181059360504150e-02
1.222301423549652100e-01
7.978136837482452393e-02
1.826255954802036285e-02
9.307447820901870728e-02
1.676552444696426392e-01
-6.206411868333816528e-02
1.116095930337905884e-01
2.066409960389137268e-02
5.767112597823143005e-02
1.313480138778686523e-01
2.126281760865822434e-04
9.058610349893569946e-02
4.123468324542045593e-02
9.636708348989486694e-02
4.625591635704040527e-02
-9.922470897436141968e-02
3.637747466564178467e-02
1.615142226219177246e-01
-1.468775421380996704e-01
4.484843462705612183e-02
-6.346360594034194946e-02
1.420808490365743637e-02
-1.643858700990676880e-01
1.174413710832595825e-01
-1.326857358217239380e-01
-1.991053372621536255e-01
-1.747673377394676208e-03
-1.127463579177856445e-02
-2.260750532150268555e-02
-8.834647387266159058e-02
4.500344768166542053e-02
1.606935113668441772e-01
2.086663432419300079e-02
-6.881422549486160278e-02
1.056851893663406372e-01
-4.936381801962852478e-02
-1.213839650154113770e-01
-8.908466994762420654e-02
-9.676399827003479004e-02
8.580721169710159302e-02
8.925781585276126862e-03
-3.702173009514808655e-02
8.413116633892059326e-02
8.627589046955108643e-02
2.691808855161070824e-03
-9.470509365200996399e-03
8.316612243652343750e-02
1.006256416440010071e-02
6.540560722351074219e-02
-8.819400519132614136e-02
-5.496597290039062500e-02
-1.590291857719421387e-01
-2.423551492393016815e-02
5.994885414838790894e-02
8.118457347154617310e-02
1.197627335786819458e-01
-3.942326828837394714e-02
-7.000360637903213501e-02
-1.481815613806247711e-02
-1.768244355916976929e-01
-1.196217238903045654e-01
-2.697106637060642242e-02
6.471545249223709106e-02
7.692413777112960815e-02
1.193658187985420227e-01
-5.718959495425224304e-02
1.121480017900466919e-01
-6.869824975728988647e-02
-4.284283518791198730e-02
-7.304733246564865112e-02
2.953987196087837219e-02
