-5.458629876375198364e-02
2.513599954545497894e-02
-3.340953215956687927e-02
2.579518966376781464e-02
-1.039681807160377502e-01
7.828176021575927734e-03
-2.692336775362491608e-02
-1.680297106504440308e-01
-1.079127863049507141e-01
-5.247946828603744507e-02
-7.281834632158279419e-02
1.219431683421134949e-02
-7.142005115747451782e-02
-6.008040532469749451e-02
-7.881280779838562012e-02
-7.804682105779647827e-02
4.848373681306838989e-02
1.375801712274551392e-01
2.387305535376071930e-02
-4.836706444621086121e-02
2.671122923493385315e-02
6.652559340000152588e-02
8.167161047458648682e-02
-6.096909753978252411e-03
-8.066353201866149902e-02
1.027812883257865906e-01
-7.667216658592224121e-02
2.037674002349376678e-02
2.828991413116455078e-02
2.000998705625534058e-02
-5.027576349675655365e-03
4.103128612041473389e-02
1.505891680717468262e-01
-1.068561431020498276e-02
-7.546264678239822388e-02
8.478803187608718872e-02
-1.140736266970634460e-01
-1.514908373355865479e-01
-8.304753154516220093e-02
1.673283278942108154e-01
-1.646543443202972412e-01
3.581478819251060486e-02
-9.621806442737579346e-02
3.530840389430522919e-03
9.934559464454650879e-02
-1.032514870166778564e-02
1.829166710376739502e-01
2.376924082636833191e-02
5.749886855483055115e-02
8.231876790523529053e-02
2.429676353931427002e-01
6.729458272457122803e-02
-7.039730250835418701e-02
4.902525618672370911e-02
-1.324592158198356628e-02
-3.651062771677970886e-02
-5.295892478898167610e-04
-4.372567310929298401e-02
1.249711774289608002e-02
4.216887801885604858e-02
-2.290888130664825439e-02
-1.614427566528320312e-02
-8.574318885803222656e-02
-4.668339714407920837e-02
8.232153952121734619e-02
1.014134138822555542e-01
-9.702920168638229370e-02
8.788438886404037476e-02
1.135712936520576477e-01
5.401434376835823059e-02
1.028546169400215149e-01
2.177750319242477417e-01
-2.484766021370887756e-02
8.826953917741775513e-02
6.310690194368362427e-02
-2.071977220475673676e-02
-8.175713941454887390e-03
-1.221556216478347778e-02
-4.885329678654670715e-02
-2.644447684288024902e-01
1.611941158771514893e-01
-1.432905048131942749e-01
-1.637613922357559204e-01
-7.976057380437850952e-02
6.854596734046936035e-02
1.044789776206016541e-01
-7.225088775157928467e-02
-6.432310491800308228e-02
1.179903000593185425e-01
1.743518188595771790e-02
-1.598179340362548828e-01
3.339614346623420715e-02
-7.115067541599273682e-02
3.233280032873153687e-02
-1.055152937769889832e-01
-9.456845372915267944e-02
-4.994082450866699219e-02
-1.055326461791992188e-01
7.276786118745803833e-02
-1.038119196891784668e-01
-4.367991536855697632e-02
-3.250440582633018494e-02
2.960757119581103325e-03
1.167044863104820251e-01
-3.272178769111633301e-02
-1.509202569723129272e-01
-3.987153992056846619e-02
-1.890227496623992920e-01
-1.255404949188232422e-01
-1.244186516851186752e-02
-1.016674339771270752e-01
-5.752978846430778503e-03
7.995857298374176025e-02
1.321430951356887817e-01
-4.712954536080360413e-02
-3.396845236420631409e-02
4.121911153197288513e-02
3.629494458436965942e-02
2.993049658834934235e-02
-3.611754626035690308e-02
3.844555839896202087e-02
4.898649826645851135e-02
-5.016425158828496933e-03
-7.909016311168670654e-02
-1.485996991395950317e-01
4.644970223307609558e-02
3.163816034793853760e-02
-5.422907415777444839e-03
