1.222896389663219452e-02
-8.840616047382354736e-02
2.143674157559871674e-02
1.653814613819122314e-01
-1.019055116921663284e-02
1.276451945304870605e-01
1.941779442131519318e-02
-1.328386068344116211e-01
-5.566216260194778442e-02
6.427476555109024048e-02
9.166214615106582642e-03
-1.709092855453491211e-01
-1.572671532630920410e-01
2.307719737291336060e-02
6.306110322475433350e-02
2.743328176438808441e-02
-1.666815392673015594e-02
-1.315335370600223541e-02
4.645693674683570862e-02
-1.342983394861221313e-01
-1.094690263271331787e-01
8.312333375215530396e-02
7.298138737678527832e-02
-1.177909001708030701e-01
-1.488548219203948975e-01
4.022204130887985229e-02
-1.115402337745763361e-04
8.926296606659889221e-03
1.535326242446899414e-01
8.184275776147842407e-02
1.362293809652328491e-01
-3.907588124275207520e-02
2.631102502346038818e-02
4.097351431846618652e-02
2.385029755532741547e-02
5.295721068978309631e-02
-1.453265398740768433e-01
1.305820886045694351e-02
-9.011132270097732544e-02
2.200664132833480835e-01
-3.527288511395454407e-02
-1.221973299980163574e-01
2.409638091921806335e-02
9.114639461040496826e-02
5.712279304862022400e-02
-4.487455263733863831e-02
-2.226306125521659851e-02
-8.215054124593734741e-02
1.197694838047027588e-01
2.320370078086853027e-02
7.082949578762054443e-02
-9.672975540161132812e-02
-5.958803743124008179e-02
4.507530853152275085e-02
1.473789513111114502e-01
4.666685312986373901e-02
1.069206297397613525e-01
3.865910321474075317e-02
5.356097593903541565e-02
-4.580546915531158447e-02
-3.142677247524261475e-02
1.504795849323272705e-01
1.109423264861106873e-01
3.852738067507743835e-02
4.254176095128059387e-02
1.674834936857223511e-01
-4.611902683973312378e-02
-3.716596961021423340e-02
2.509291097521781921e-02
6.757975090295076370e-03
1.460302770137786865e-01
-1.908190734684467316e-02
-1.193217039108276367e-01
5.141097307205200195e-02
7.718807458877563477e-02
-3.827032819390296936e-02
2.167330682277679443e-02
6.685341149568557739e-02
2.210897020995616913e-02
-6.947268545627593994e-02
1.686866879463195801e-01
-2.059205472469329834e-01
-6.630333513021469116e-02
-8.302018046379089355e-02
8.868148922920227051e-02
4.655340313911437988e-02
-8.221934735774993896e-02
4.583254456520080566e-02
1.204780414700508118e-01
2.012367732822895050e-02
-1.576668620109558105e-01
1.426806598901748657e-01
-8.857468515634536743e-02
-1.752795428037643433e-01
-9.672363102436065674e-02
-1.813349425792694092e-01
-7.490925490856170654e-02
4.293517023324966431e-02
1.502576768398284912e-01
-3.618703037500381470e-02
-6.835035979747772217e-02
-6.532378494739532471e-02
-7.768053561449050903e-02
1.130605712532997131e-01
7.353790849447250366e-02
2.668569982051849365e-02
5.914815142750740051e-02
-7.199785858392715454e-02
-9.779060631990432739e-02
3.471745923161506653e-02
-6.238280609250068665e-02
-5.232282727956771851e-02
6.523258984088897705e-02
6.713275611400604248e-02
-5.767629295587539673e-02
-4.335218295454978943e-02
-4.277697950601577759e-02
-7.724294066429138184e-02
-2.417741902172565460e-02
2.862081862986087799e-03
3.408812358975410461e-02
9.010417014360427856e-02
-6.524059176445007324e-02
4.591720923781394958e-02
-1.060115918517112732e-01
7.251951843500137329e-02
-1.304011791944503784e-01
5.945502314716577530e-03
