-1.111909598112106323e-01
1.485668681561946869e-02
-7.957673817873001099e-02
1.995088160037994385e-01
1.922613196074962616e-02
1.596836894750595093e-01
-1.120931059122085571e-01
-1.018085852265357971e-01
-7.920573651790618896e-02
-3.480637073516845703e-02
3.763256222009658813e-02
-6.249438598752021790e-02
-6.408549845218658447e-02
-5.790529027581214905e-02
-6.713669747114181519e-02
3.026202879846096039e-02
-4.107612403458915651e-05
9.287249995395541191e-04
5.252245441079139709e-02
-3.513459488749504089e-02
6.356008350849151611e-02
1.954435259103775024e-01
2.598484978079795837e-03
-1.477662026882171631e-01
-6.808501482009887695e-02
1.475629955530166626e-01
8.579064905643463135e-02
-7.652279734611511230e-02
-4.952311143279075623e-02
-4.348450526595115662e-02
9.190706163644790649e-02
1.258326619863510132e-01
-3.986172750592231750e-02
-8.841420710086822510e-02
-2.133893519639968872e-01
-4.886680096387863159e-02
-3.287350013852119446e-02
4.736419301480054855e-03
-7.522403448820114136e-02
4.920226335525512695e-02
-2.991218492388725281e-02
-1.386602371931076050e-01
2.059370838105678558e-02
9.993623942136764526e-02
2.834088169038295746e-02
-1.215721294283866882e-01
-4.204268008470535278e-02
3.110566642135381699e-03
-3.059592330828309059e-03
2.356140315532684326e-02
2.258030325174331665e-01
4.427048936486244202e-02
1.640317030251026154e-02
-7.798558473587036133e-02
-7.022417616099119186e-03
5.194522067904472351e-02
1.276699155569076538e-01
6.546200066804885864e-02
2.717377431690692902e-02
4.606533423066139221e-02
-5.949202924966812134e-02
4.895394667983055115e-02
-5.009829998016357422e-02
-6.597949564456939697e-02
-6.337674707174301147e-02
-3.215353237465023994e-03
4.940076172351837158e-02
7.452097535133361816e-02
1.302267462015151978e-01
6.363279372453689575e-02
1.659702658653259277e-01
2.700023120269179344e-03
-1.313444077968597412e-01
1.113667637109756470e-01
9.467351436614990234e-02
-5.493681877851486206e-02
-3.505512699484825134e-02
-1.170726567506790161e-01
-6.798508018255233765e-02
-1.914680153131484985e-01
7.527715712785720825e-02
-1.531051248311996460e-01
-6.137830391526222229e-02
-1.208483278751373291e-01
-3.631403669714927673e-02
-7.794932276010513306e-02
-6.000521779060363770e-02
-5.730511248111724854e-02
1.420012442395091057e-03
-5.916780792176723480e-03
-9.026004374027252197e-02
5.383370909839868546e-03
-2.042016685009002686e-01
-8.337040245532989502e-02
2.733671851456165314e-02
-1.072931662201881409e-01
1.198989897966384888e-01
1.674978807568550110e-02
-8.969329297542572021e-02
1.195251010358333588e-02
2.294859662652015686e-02
-6.632426287978887558e-03
-1.244680881500244141e-01
2.112091928720474243e-01
1.001993268728256226e-01
7.805829495191574097e-02
-4.974185302853584290e-02
-3.889367729425430298e-02
-1.345882415771484375e-01
6.581950187683105469e-02
2.650112099945545197e-02
-2.280010841786861420e-02
3.801067918539047241e-02
2.787351841107010841e-03
-4.964556917548179626e-02
2.885640598833560944e-02
-5.966185778379440308e-02
-4.377668350934982300e-02
3.549776971340179443e-02
1.416932046413421631e-01
6.954118609428405762e-02
-7.931760698556900024e-02
-1.310813333839178085e-02
-6.838306039571762085e-02
-1.464787572622299194e-01
-1.353446394205093384e-01
2.784568071365356445e-02
-1.118141263723373413e-01
