6.836785376071929932e-02
-1.501488536596298218e-01
-6.467870622873306274e-02
1.444136500358581543e-01
-3.206440061330795288e-02
3.895568102598190308e-02
-5.926852673292160034e-02
-1.004660800099372864e-01
-2.862005494534969330e-02
7.777111977338790894e-02
-3.508307784795761108e-02
-9.240642935037612915e-02
-5.238809622824192047e-03
-4.749764874577522278e-02
4.120145365595817566e-02
3.972310945391654968e-02
-2.967968396842479706e-02
-5.475459247827529907e-02
1.165495216846466064e-01
-1.490928232669830322e-01
-8.212761580944061279e-02
5.347665399312973022e-02
2.806894667446613312e-02
-1.002330631017684937e-01
-1.362665295600891113e-01
3.109362721443176270e-02
2.018782682716846466e-02
-1.809363439679145813e-02
1.064343079924583435e-01
3.182785212993621826e-02
3.902341425418853760e-02
-2.406304515898227692e-02
2.348434738814830780e-02
2.803475782275199890e-02
-8.450237661600112915e-02
7.637955248355865479e-02
-9.833511710166931152e-02
3.888624161481857300e-02
-1.215178593993186951e-01
1.930223256349563599e-01
-6.040252000093460083e-02
-5.524438247084617615e-02
5.227910354733467102e-02
1.874996423721313477e-01
-2.754106884822249413e-03
-1.872521080076694489e-02
-3.926698863506317139e-02
-5.494765937328338623e-02
5.756468698382377625e-02
2.322779223322868347e-02
5.497766658663749695e-02
-2.758354134857654572e-02
-7.217858731746673584e-02
8.528245240449905396e-02
1.355245411396026611e-01
6.904856860637664795e-02
4.941225424408912659e-02
-1.498147175880149007e-04
1.171875521540641785e-01
-3.550496697425842285e-02
-4.773033037781715393e-02
7.540511339902877808e-02
5.613742768764495850e-02
1.057960675098001957e-03
7.845245301723480225e-02
1.668895184993743896e-01
-6.233756244182586670e-02
-8.820971474051475525e-03
1.225287541747093201e-01
-6.542365998029708862e-02
1.086609661579132080e-01
-3.265639021992683411e-02
-1.580746173858642578e-01
-8.414912968873977661e-02
1.981500238180160522e-01
-1.098902896046638489e-01
9.379752911627292633e-03
4.237236827611923218e-02
5.878944322466850281e-02
-4.797673970460891724e-02
2.180504351854324341e-01
-1.891742944717407227e-01
-6.713313609361648560e-02
-1.224996149539947510e-01
1.012887656688690186e-01
1.249744296073913574e-01
-1.015849187970161438e-01
3.078748658299446106e-02
1.202855780720710754e-01
8.390875533223152161e-03
-8.925724774599075317e-02
1.305743306875228882e-01
-3.050814196467399597e-02
-1.955150514841079712e-01
-1.313006877899169922e-01
-9.759830683469772339e-02
-4.026977717876434326e-02
-2.863223291933536530e-02
1.915709674358367920e-01
-3.675330430269241333e-02
-5.263001844286918640e-02
-5.776690319180488586e-02
-5.864600464701652527e-02
1.199381053447723389e-01
6.255570054054260254e-02
3.886238113045692444e-02
2.466725558042526245e-02
-7.631058990955352783e-02
-1.534306406974792480e-01
1.645800843834877014e-02
-3.126007318496704102e-02
6.276255100965499878e-02
9.096287935972213745e-02
8.872535824775695801e-02
-1.437515616416931152e-01
2.868729643523693085e-02
-3.417785093188285828e-02
-6.046005338430404663e-02
3.761103004217147827e-02
-1.590724801644682884e-03
3.217674791812896729e-02
1.813267474062740803e-03
-6.995934993028640747e-02
4.106537625193595886e-02
-1.489389836788177490e-01
1.194293648004531860e-01
-7.587465643882751465e-02
1.017719432711601257e-01
