-1.292797178030014038e-02
1.340716984122991562e-02
-5.087859928607940674e-02
1.128413006663322449e-01
-4.069470614194869995e-02
1.592331007122993469e-02
-6.226769834756851196e-02
-1.199150905013084412e-01
-9.545704722404479980e-02
-8.560001850128173828e-03
1.004967838525772095e-01
-1.359034329652786255e-01
-1.504603177309036255e-01
4.022620245814323425e-02
-2.755349315702915192e-02
-3.744572401046752930e-02
-1.299072951078414917e-01
9.625369682908058167e-03
1.780155152082443237e-01
-1.714013963937759399e-01
-1.002521812915802002e-01
1.712291389703750610e-01
-1.402944475412368774e-01
-1.225395649671554565e-01
6.438130885362625122e-02
5.884698033332824707e-02
-1.509986817836761475e-02
-2.848125807940959930e-02
1.081430632621049881e-02
5.653024092316627502e-02
8.491890132427215576e-02
1.189749836921691895e-01
-1.307711284607648849e-02
-1.018784493207931519e-01
-9.709847159683704376e-03
-6.632781773805618286e-02
-1.194987297058105469e-01
3.094566427171230316e-02
-1.161662265658378601e-01
1.722649782896041870e-01
-1.972136832773685455e-02
-8.721407502889633179e-02
1.148682907223701477e-01
9.093222022056579590e-02
6.301796436309814453e-02
-5.332469195127487183e-02
5.349989607930183411e-02
-1.850895583629608154e-02
-4.647486284375190735e-02
8.459378033876419067e-02
1.432180255651473999e-01
5.773538723587989807e-02
-7.512246817350387573e-02
-7.902963459491729736e-02
1.580891013145446777e-01
2.746419608592987061e-02
6.540033221244812012e-02
1.396526992321014404e-01
6.019536778330802917e-02
1.023762896656990051e-01
-4.724943637847900391e-02
2.182044833898544312e-02
-3.962225466966629028e-02
-1.355588287115097046e-01
3.143619745969772339e-03
-5.490354821085929871e-02
-6.051388755440711975e-02
-1.836091978475451469e-03
1.487740278244018555e-01
1.854868233203887939e-01
1.284530609846115112e-01
1.182035263627767563e-02
-1.936491876840591431e-01
6.279994547367095947e-02
8.436152338981628418e-02
-1.964845135807991028e-02
-2.377617731690406799e-02
-1.293109208345413208e-01
2.659324184060096741e-02
3.753646463155746460e-02
1.015022024512290955e-01
-2.071554809808731079e-01
9.131829440593719482e-02
-1.519095003604888916e-01
-8.041529916226863861e-03
5.894791334867477417e-03
4.744560644030570984e-02
-1.268457323312759399e-01
5.624475702643394470e-02
-5.203686282038688660e-02
-8.123692870140075684e-02
1.186088770627975464e-01
-1.105517446994781494e-01
-1.093790009617805481e-01
-2.313393913209438324e-02
-1.021263599395751953e-01
1.141159832477569580e-01
1.449832767248153687e-01
6.872472818940877914e-03
-8.493004366755485535e-03
3.687471523880958557e-02
-9.485074132680892944e-02
-1.082647293806076050e-01
9.255127608776092529e-02
1.167094707489013672e-01
3.438794612884521484e-02
-5.425804480910301208e-02
-2.327158674597740173e-02
-6.559292227029800415e-02
-2.460552193224430084e-02
9.177685715258121490e-03
1.352934539318084717e-02
3.939330205321311951e-02
-2.707932842895388603e-03
-3.729581460356712341e-02
5.131695419549942017e-02
-2.941158786416053772e-02
-7.145553827285766602e-02
-4.359152168035507202e-02
-6.977711617946624756e-02
-7.069340348243713379e-02
4.207503516227006912e-03
2.278076484799385071e-02
3.333420306444168091e-02
-1.654570996761322021e-01
-8.413764834403991699e-02
-8.518427610397338867e-02
4.865092039108276367e-02
