-8.721993118524551392e-02
-3.978723287582397461e-02
-1.060506179928779602e-01
1.327128522098064423e-02
1.225841417908668518e-02
3.304637596011161804e-02
-4.351642727851867676e-02
6.082452461123466492e-02
-1.341731473803520203e-02
1.509357690811157227e-01
-3.938463702797889709e-02
-8.937781676650047302e-03
-1.666277050971984863e-01
-1.147376894950866699e-01
1.565817743539810181e-02
9.425060451030731201e-02
-9.028092026710510254e-02
-3.970040753483772278e-02
4.959996044635772705e-02
-1.268825610168278217e-03
-6.014626845717430115e-02
1.216233074665069580e-01
-3.417386859655380249e-02
1.417152211070060730e-02
-1.078719422221183777e-01
1.870429366827011108e-01
4.998468235135078430e-02
-1.173505783081054688e-01
-1.416795607656240463e-02
-9.895521216094493866e-03
1.936451345682144165e-01
1.093314737081527710e-01
4.744268953800201416e-02
-1.142821088433265686e-01
-3.612962737679481506e-02
-4.374261200428009033e-02
-9.552127681672573090e-03
7.453160732984542847e-02
-1.874452270567417145e-02
-4.075461998581886292e-03
-1.034546270966529846e-01
-1.481919288635253906e-01
-2.410523779690265656e-02
1.225959658622741699e-01
-3.278499469161033630e-02
5.801727250218391418e-02
2.973088435828685760e-02
-3.953224048018455505e-02
2.136019617319107056e-02
-4.732428118586540222e-02
1.823318153619766235e-01
1.070670858025550842e-01
2.961602434515953064e-02
-1.406421791762113571e-02
1.488646566867828369e-01
-4.669500514864921570e-03
1.393734961748123169e-01
9.224613010883331299e-02
1.403156518936157227e-01
1.106128916144371033e-01
1.130398549139499664e-02
9.398789703845977783e-02
-1.130778715014457703e-01
4.698938503861427307e-02
-9.576421976089477539e-02
-1.407773699611425400e-02
3.267322434112429619e-03
2.058536186814308167e-02
1.758660972118377686e-01
2.779634669423103333e-02
1.348211169242858887e-01
-5.739505961537361145e-02
-1.326704472303390503e-01
9.726519137620925903e-02
8.716578781604766846e-02
-1.564469039440155029e-01
-8.724382519721984863e-02
-5.504481866955757141e-02
-1.028440073132514954e-01
-8.370552957057952881e-02
6.995900534093379974e-03
-6.750363856554031372e-02
-6.615637987852096558e-02
-1.624132543802261353e-01
-8.212313055992126465e-02
1.119803637266159058e-01
-1.428777724504470825e-01
-1.101427450776100159e-01
4.845069255679845810e-03
1.313344836235046387e-01
3.299870714545249939e-02
1.904551684856414795e-01
-7.831050455570220947e-02
-1.374433487653732300e-01
-4.766130074858665466e-02
-1.355071514844894409e-01
4.779569059610366821e-02
4.281052201986312866e-02
-1.992936246097087860e-02
9.170086681842803955e-02
1.556311100721359253e-01
1.063319295644760132e-01
-8.321239799261093140e-02
3.730662912130355835e-02
1.011330038309097290e-01
5.388920381665229797e-02
-4.058820754289627075e-02
1.679359003901481628e-02
-9.435322135686874390e-02
-1.954569853842258453e-02
8.553121238946914673e-02
3.290408849716186523e-02
1.782174408435821533e-01
3.977239131927490234e-02
-8.420210331678390503e-02
1.978436298668384552e-02
-2.555273659527301788e-02
-4.984083771705627441e-02
4.117668420076370239e-02
1.557831466197967529e-02
4.402947798371315002e-02
5.104352906346321106e-02
-1.179132461547851562e-01
5.421430617570877075e-02
-1.211085692048072815e-01
3.329916391521692276e-03
1.923821680247783661e-02
9.719307720661163330e-02
