-5.118988081812858582e-02
1.607398036867380142e-03
-1.214495748281478882e-01
1.753049343824386597e-01
1.101680546998977661e-01
8.970189094543457031e-02
-1.407510340213775635e-01
-1.333577036857604980e-01
-1.145583987236022949e-01
-5.118646100163459778e-02
-7.236360013484954834e-02
-1.461316496133804321e-01
-7.611021399497985840e-02
-1.008516736328601837e-02
-1.147340759634971619e-01
-8.032775670289993286e-02
-5.601904913783073425e-02
5.025612190365791321e-02
9.757433831691741943e-02
-8.281868882477283478e-03
-1.128078997135162354e-01
1.827037781476974487e-01
-4.640844836831092834e-02
-1.801088452339172363e-01
-8.432691544294357300e-02
6.027583777904510498e-02
-4.354653880000114441e-03
-3.884962573647499084e-02
-3.689579665660858154e-02
1.057152524590492249e-01
2.148546837270259857e-02
7.347217202186584473e-02
-2.414995804429054260e-02
2.264134213328361511e-02
-1.383278071880340576e-01
3.269863873720169067e-02
-9.263819456100463867e-02
2.376303263008594513e-02
-2.064871340990066528e-01
1.033547297120094299e-01
-3.723798319697380066e-02
-5.616526305675506592e-02
1.069426983594894409e-01
-1.417772192507982254e-02
-4.943487048149108887e-02
8.785311132669448853e-03
-4.001952335238456726e-02
-1.347596049308776855e-01
-5.514631979167461395e-03
9.045549482107162476e-02
8.662272989749908447e-02
4.529174789786338806e-02
2.154613612219691277e-03
-4.786341637372970581e-02
1.132132206112146378e-02
1.653629094362258911e-01
3.912610188126564026e-02
1.332426667213439941e-01
1.065729930996894836e-02
-7.554976642131805420e-02
1.142874825745820999e-02
1.440395712852478027e-01
7.542847190052270889e-03
-9.280502796173095703e-02
2.921947976574301720e-03
7.609058171510696411e-02
9.207036346197128296e-03
3.306698426604270935e-02
6.647843122482299805e-02
1.236630231142044067e-01
1.092138588428497314e-01
-5.698798596858978271e-02
-4.289554432034492493e-02
7.551767677068710327e-02
2.556709200143814087e-02
8.674783632159233093e-03
2.156982198357582092e-02
-1.082184091210365295e-01
1.041267290711402893e-01
-4.711798951029777527e-02
1.327200382947921753e-01
-2.249618768692016602e-01
2.613884396851062775e-02
-1.252461224794387817e-01
4.918166622519493103e-02
3.528016433119773865e-02
1.336329896003007889e-02
3.406753391027450562e-02
1.692727059125900269e-01
1.203699782490730286e-01
-6.818261742591857910e-02
3.455194458365440369e-02
5.208732187747955322e-02
-1.219034418463706970e-01
7.740065455436706543e-02
-1.347489841282367706e-02
1.395798195153474808e-02
8.568502962589263916e-02
1.032108515501022339e-01
9.016361832618713379e-02
-2.434612438082695007e-02
1.373353134840726852e-02
-1.010748967528343201e-01
1.797306835651397705e-01
-2.543334662914276123e-02
9.383051097393035889e-02
-1.193691119551658630e-01
1.752274669706821442e-02
-1.406205147504806519e-01
-3.963204845786094666e-02
-3.731849789619445801e-02
2.356783114373683929e-02
7.009724620729684830e-03
-1.113346666097640991e-01
-1.531692296266555786e-01
5.214281380176544189e-02
-1.633315905928611755e-02
2.140611968934535980e-02
-1.241694539785385132e-01
-4.638938233256340027e-02
-9.309871494770050049e-02
4.458731040358543396e-02
8.170837908983230591e-02
4.073363170027732849e-02
-1.857983767986297607e-01
-6.146519258618354797e-02
-7.749441266059875488e-02
1.997115090489387512e-02
