-6.854490190744400024e-02
-2.200337685644626617e-02
3.235447034239768982e-02
1.434285342693328857e-01
-9.872102737426757812e-02
6.087256968021392822e-02
6.000290066003799438e-02
-8.818596601486206055e-02
-3.062161207199096680e-01
9.002957493066787720e-03
5.726849660277366638e-03
-4.153765257797203958e-05
-2.126947790384292603e-02
-1.015657857060432434e-01
6.589438766241073608e-02
8.320924639701843262e-02
1.315224468708038330e-01
-1.448674406856298447e-02
3.689459711313247681e-02
-1.101753786206245422e-01
-3.924313932657241821e-02
7.267783582210540771e-02
6.187740713357925415e-02
6.606052070856094360e-02
2.570127323269844055e-02
4.380440711975097656e-02
-6.452250480651855469e-02
5.027427896857261658e-02
8.006871491670608521e-02
4.746954888105392456e-02
1.318402886390686035e-01
-1.378536131232976913e-02
4.281267151236534119e-02
-1.371635310351848602e-02
1.201604027301073074e-03
8.756357431411743164e-02
-2.296916022896766663e-02
6.248543784022331238e-02
-4.870463162660598755e-02
2.028542459011077881e-01
-1.073492877185344696e-02
5.989127233624458313e-02
-4.563841968774795532e-02
2.427154593169689178e-02
-7.473424077033996582e-02
7.453333586454391479e-02
1.957908505573868752e-03
-6.534498929977416992e-02
9.680345654487609863e-02
9.609304368495941162e-02
7.371086627244949341e-02
-5.125305056571960449e-02
-1.587444096803665161e-01
-3.533521294593811035e-02
9.697380661964416504e-02
-7.675528526306152344e-03
4.723703488707542419e-02
4.823673889040946960e-02
-2.977281808853149414e-02
-3.604695899412035942e-03
-3.431959822773933411e-02
6.500341743230819702e-02
-2.596535906195640564e-02
3.971856459975242615e-02
8.787408471107482910e-02
2.548719756305217743e-02
-5.455317348241806030e-02
-2.865154482424259186e-02
7.126742601394653320e-02
6.004277244210243225e-02
1.873369216918945312e-01
2.445996925234794617e-02
-1.990116760134696960e-02
-6.133690103888511658e-02
1.227541714906692505e-01
-1.036319658160209656e-01
-2.337512746453285217e-02
5.659667775034904480e-02
-3.730282559990882874e-02
-1.461922079324722290e-01
1.969970166683197021e-01
-1.559567153453826904e-01
-8.089260011911392212e-02
-5.996968969702720642e-02
1.182154566049575806e-01
1.396161168813705444e-01
-3.004325181245803833e-02
1.403543911874294281e-02
4.636638611555099487e-02
-4.470718279480934143e-02
-1.763611584901809692e-01
1.319631934165954590e-02
-4.771434701979160309e-03
-9.473112970590591431e-02
-8.261571824550628662e-02
-2.986310422420501709e-02
2.119414508342742920e-02
8.065169304609298706e-02
7.265596091747283936e-02
-7.827879488468170166e-02
7.246220111846923828e-02
-8.719541132450103760e-02
7.280111312866210938e-02
2.056379318237304688e-01
1.277551054954528809e-01
-3.529654582962393761e-03
1.054807230830192566e-01
-1.681284159421920776e-01
-2.739526629447937012e-01
-1.300530582666397095e-01
2.915689907968044281e-02
-1.048006191849708557e-01
5.765195935964584351e-02
-1.700317487120628357e-02
-1.170898601412773132e-01
-2.934977412223815918e-02
-4.548059031367301941e-02
-2.482235059142112732e-02
5.844660103321075439e-03
-5.359213799238204956e-03
7.582105696201324463e-02
-4.065589979290962219e-02
-4.295375570654869080e-02
7.234285026788711548e-02
-1.358631551265716553e-01
8.965690433979034424e-02
-1.243581771850585938e-01
-8.427479863166809082e-02
