2.507668733596801758e-02
1.838988438248634338e-02
-5.257754400372505188e-02
1.314042210578918457e-01
6.722050905227661133e-02
8.409587293863296509e-02
-6.600020825862884521e-02
-1.285614818334579468e-01
-1.504549533128738403e-01
-1.969230175018310547e-02
4.415155574679374695e-02
-1.801641881465911865e-01
-1.134418398141860962e-01
7.126571238040924072e-02
-4.608054459095001221e-02
-3.232786059379577637e-02
-3.650346025824546814e-02
1.904802396893501282e-02
1.794159710407257080e-01
-1.487184762954711914e-01
-1.229729279875755310e-01
2.076668441295623779e-01
-3.403156250715255737e-02
-7.753355801105499268e-02
2.427157387137413025e-02
4.683858901262283325e-02
-1.126456819474697113e-02
2.537158317863941193e-03
3.393506258726119995e-02
1.262560188770294189e-01
2.197059430181980133e-02
1.001604646444320679e-01
-3.851514309644699097e-02
-7.698908448219299316e-02
-9.196213795803487301e-04
-4.988096654415130615e-02
-1.113927364349365234e-01
-2.788282558321952820e-02
-1.142539829015731812e-01
1.227736994624137878e-01
2.434003166854381561e-02
-1.268311217427253723e-02
8.784876763820648193e-02
8.024148643016815186e-02
6.243982538580894470e-02
-1.131377220153808594e-01
5.482612643390893936e-03
-1.372608989477157593e-01
-9.803181514143943787e-03
9.979639202356338501e-02
1.357294768095016479e-01
1.631318219006061554e-02
-3.288102149963378906e-02
-1.104766130447387695e-01
9.533589333295822144e-02
1.544631272554397583e-01
4.828192293643951416e-02
1.475315839052200317e-01
6.586876511573791504e-02
2.339548058807849884e-02
-7.420735061168670654e-02
8.735337108373641968e-02
1.475380384363234043e-03
-1.117760613560676575e-01
4.904407635331153870e-02
7.148010190576314926e-03
-7.067677564918994904e-03
1.114541292190551758e-01
9.752316772937774658e-02
1.625856757164001465e-01
8.604991436004638672e-02
1.558854617178440094e-02
-1.934453248977661133e-01
7.339302450418472290e-02
6.156346574425697327e-02
1.638970716157928109e-04
-1.338696340098977089e-03
-5.100465938448905945e-02
3.693221509456634521e-02
-3.047005273401737213e-02
1.189232096076011658e-01
-2.255964875221252441e-01
4.691332206130027771e-02
-1.364914923906326294e-01
4.162370041012763977e-02
-1.636639982461929321e-02
3.036426566541194916e-02
-2.940698154270648956e-02
8.405151218175888062e-02
-3.077944554388523102e-02
-1.308464556932449341e-01
9.085655212402343750e-02
-4.222822934389114380e-02
-1.216855272650718689e-01
1.949355751276016235e-02
-1.340190470218658447e-01
2.794882468879222870e-02
1.775731593370437622e-01
2.777304686605930328e-02
1.360760629177093506e-02
-3.776705637574195862e-02
-1.156229898333549500e-01
-1.219239607453346252e-01
1.237796917557716370e-01
1.019050404429435730e-01
6.474301218986511230e-02
-5.405543372035026550e-02
1.761598326265811920e-02
-1.356229782104492188e-01
2.745827287435531616e-02
-3.721352294087409973e-02
-4.923475533723831177e-02
1.189492410048842430e-03
-5.941060185432434082e-02
-7.918850332498550415e-02
7.077860087156295776e-02
-6.613558158278465271e-03
-1.688477210700511932e-02
-9.947325289249420166e-02
2.535950858145952225e-03
-5.333783105015754700e-02
1.780660077929496765e-02
4.780392348766326904e-02
7.221394032239913940e-02
-2.057772278785705566e-01
-1.463620830327272415e-02
-1.385362595319747925e-01
-1.698036491870880127e-02
