-5.855915322899818420e-02
3.243447467684745789e-02
4.912400618195533752e-02
1.199354529380798340e-01
5.415361374616622925e-03
2.026517689228057861e-02
-2.530672214925289154e-02
-9.472171217203140259e-02
-1.704794019460678101e-01
4.277849569916725159e-02
-4.506405815482139587e-02
-1.058653146028518677e-01
-1.072636768221855164e-01
-2.531420066952705383e-02
3.626189380884170532e-02
-3.784519061446189880e-02
6.521367281675338745e-02
9.109784662723541260e-02
1.135750412940979004e-01
-7.344128191471099854e-02
4.628990776836872101e-03
3.047925047576427460e-02
2.042400091886520386e-01
-3.977519646286964417e-02
-5.011824518442153931e-02
6.449954211711883545e-02
-1.163070499897003174e-01
4.154007136821746826e-02
6.276529282331466675e-02
-1.556428265757858753e-03
9.326285123825073242e-02
9.789831005036830902e-03
1.595947295427322388e-01
2.801017370074987411e-03
-1.076646372675895691e-01
1.122130006551742554e-01
-1.515837907791137695e-01
-2.798731997609138489e-02
-3.021286241710186005e-02
1.953329294919967651e-01
-1.085772663354873657e-01
-6.763504445552825928e-02
-6.362818926572799683e-02
1.400231011211872101e-02
1.810825914144515991e-01
-4.947070404887199402e-02
9.355067461729049683e-02
-3.874354809522628784e-02
7.988587766885757446e-02
7.743550837039947510e-02
2.371280491352081299e-01
5.526594072580337524e-02
-6.739502400159835815e-02
-9.992314875125885010e-02
8.593345433473587036e-02
-2.383315749466419220e-02
8.719164133071899414e-02
6.398304551839828491e-02
4.345541819930076599e-02
6.738820672035217285e-02
-5.498522520065307617e-02
1.726623028516769409e-01
1.935003325343132019e-02
6.351174414157867432e-02
2.109744818881154060e-03
8.405792713165283203e-02
-6.516257673501968384e-02
-1.208114158362150192e-02
4.125160723924636841e-02
1.058103442192077637e-01
2.245122045278549194e-01
1.521274596452713013e-01
-6.524869799613952637e-02
8.474210649728775024e-02
-1.812726445496082306e-02
-2.473433129489421844e-02
-3.876207768917083740e-02
-2.457745000720024109e-02
-4.344185814261436462e-02
-1.678843647241592407e-01
1.402830928564071655e-01
-1.074031442403793335e-01
-1.393748223781585693e-01
9.648890234529972076e-03
8.447001874446868896e-02
-8.801207691431045532e-02
-1.065950244665145874e-01
-6.062836199998855591e-02
1.215526312589645386e-01
8.578986860811710358e-03
-1.806465685367584229e-01
1.148542240262031555e-01
-4.471277818083763123e-02
6.575093418359756470e-02
-1.027578487992286682e-01
-3.046206571161746979e-02
-6.721580773591995239e-02
5.808918550610542297e-02
5.929939448833465576e-02
-1.065301150083541870e-02
4.932949319481849670e-02
6.542254239320755005e-02
-2.150229923427104950e-02
1.080441400408744812e-01
5.178067833185195923e-02
-7.404137402772903442e-02
1.863932050764560699e-02
-1.135176867246627808e-01
-1.267514824867248535e-01
-1.332763284444808960e-01
-1.171942353248596191e-01
-1.212321408092975616e-02
6.275864690542221069e-02
9.219940006732940674e-02
1.376835256814956665e-02
-1.266532093286514282e-01
-2.290047891438007355e-02
-5.408097431063652039e-02
-3.566692396998405457e-02
-3.072226978838443756e-02
3.577819094061851501e-02
9.023485332727432251e-02
7.670900225639343262e-02
-8.107588440179824829e-02
-1.029416024684906006e-01
5.133191496133804321e-02
-3.371944278478622437e-02
-1.126147806644439697e-02
