-2.368753217160701752e-02
-4.876839369535446167e-02
-3.815918788313865662e-02
1.472032815217971802e-01
-5.603444762527942657e-03
7.581550627946853638e-02
8.100211620330810547e-02
-1.869190335273742676e-01
-1.842446625232696533e-01
7.286494970321655273e-02
-1.472102403640747070e-01
-7.956456393003463745e-02
-1.299518346786499023e-01
-4.063482582569122314e-02
4.334102943539619446e-02
-3.726745396852493286e-02
9.249301254749298096e-02
1.630087196826934814e-01
9.516012668609619141e-02
-3.938980400562286377e-02
1.189266517758369446e-02
1.182883754372596741e-01
8.227594196796417236e-02
-4.274418577551841736e-02
-1.240175142884254456e-01
1.879272237420082092e-02
-9.026074409484863281e-02
2.827033586800098419e-02
2.559195458889007568e-02
1.111012697219848633e-01
8.296316117048263550e-02
2.075459621846675873e-02
8.632870763540267944e-02
1.577769964933395386e-02
-9.515797346830368042e-02
1.021514609456062317e-01
-1.182798817753791809e-01
-2.645912766456604004e-02
-8.369923382997512817e-02
1.349972337484359741e-01
-1.053482592105865479e-01
-1.095080450177192688e-01
-4.305149614810943604e-02
1.546627469360828400e-02
1.992973731830716133e-03
5.929273553192615509e-03
1.357833482325077057e-02
-1.118142902851104736e-01
7.943993061780929565e-02
8.133136481046676636e-02
9.495593607425689697e-02
-2.186369523406028748e-02
-4.564870521426200867e-02
-3.047258127480745316e-03
2.285911887884140015e-02
1.260608881711959839e-01
1.299363076686859131e-01
1.260198205709457397e-01
2.722666040062904358e-02
-2.932436205446720123e-02
-6.477113813161849976e-02
1.383680403232574463e-01
9.085486643016338348e-03
-1.757858134806156158e-02
1.195068284869194031e-01
1.653115451335906982e-01
-9.860833734273910522e-02
-6.243414059281349182e-02
-9.345398284494876862e-03
5.972001701593399048e-02
1.190820112824440002e-01
6.963054090738296509e-02
-4.017293080687522888e-02
-1.207979023456573486e-02
4.679493978619575500e-02
-1.033812854439020157e-02
-6.025632843375205994e-03
-5.004202947020530701e-03
-4.168999847024679184e-03
-9.941218048334121704e-02
1.884875744581222534e-01
-2.119678705930709839e-01
-1.345975250005722046e-01
-7.925505936145782471e-02
1.160509958863258362e-01
1.182076707482337952e-02
-6.382786482572555542e-02
8.192773163318634033e-02
1.767410039901733398e-01
1.017613485455513000e-01
-1.416418403387069702e-01
1.252373009920120239e-01
-7.317348569631576538e-02
-2.239101799204945564e-03
-6.979868561029434204e-02
3.286947309970855713e-02
-1.148853823542594910e-01
-1.950713223777711391e-03
6.770090758800506592e-02
-5.462943762540817261e-02
1.507997605949640274e-02
7.027085125446319580e-02
5.714249238371849060e-02
1.535293310880661011e-01
-1.273285318166017532e-02
-4.905965924263000488e-02
-2.788936346769332886e-02
-1.347666233777999878e-01
-9.030158072710037231e-02
-1.378028690814971924e-01
-7.751833647489547729e-02
-7.292374968528747559e-02
1.548498310148715973e-02
-1.056780200451612473e-02
-6.139770150184631348e-02
-1.166129186749458313e-01
8.175890892744064331e-03
6.172683089971542358e-03
-1.464475989341735840e-01
-6.841418147087097168e-02
1.962656527757644653e-02
1.196326836943626404e-01
-9.037739946506917477e-04
-4.333449527621269226e-02
-1.282001435756683350e-01
5.442346632480621338e-02
-1.317741274833679199e-01
1.475711073726415634e-02
