-1.676463484764099121e-01
-2.138657495379447937e-02
-6.292134523391723633e-02
8.057107776403427124e-02
-6.469479296356439590e-03
-4.590533673763275146e-03
-6.150443479418754578e-02
-1.648974977433681488e-02
-4.271060973405838013e-02
9.831193834543228149e-02
3.853488340973854065e-02
-5.294515565037727356e-02
-1.458373218774795532e-01
-1.520677655935287476e-02
9.179674088954925537e-03
1.938405819237232208e-02
-8.929049223661422729e-02
-6.068550795316696167e-02
1.383772194385528564e-01
-1.455707103013992310e-02
4.591740143951028585e-04
1.541344821453094482e-01
-1.615835353732109070e-02
-1.258692424744367599e-02
-3.473417460918426514e-02
1.814526468515396118e-01
7.104773819446563721e-02
-1.233278065919876099e-01
-2.803539298474788666e-02
6.808249745517969131e-03
1.351344585418701172e-01
1.015283912420272827e-01
6.809516251087188721e-02
-1.651228368282318115e-01
-6.776704639196395874e-02
-5.009323358535766602e-02
-3.660204261541366577e-02
5.461961403489112854e-02
-7.561992853879928589e-02
6.525040138512849808e-03
-6.984708458185195923e-02
-1.456040441989898682e-01
3.395051928237080574e-03
1.588709205389022827e-01
-5.062858015298843384e-02
1.336875185370445251e-02
-4.148884036112576723e-04
7.639964669942855835e-02
-5.296865850687026978e-02
-1.405675522983074188e-02
2.099288851022720337e-01
9.498205780982971191e-02
-9.902815334498882294e-03
-1.035217568278312683e-01
8.335461467504501343e-02
1.661679334938526154e-02
1.027308776974678040e-01
3.105752728879451752e-02
4.327666014432907104e-02
1.580415666103363037e-01
-1.005176082253456116e-01
5.008253082633018494e-02
-1.479054391384124756e-01
-1.243264763616025448e-03
-4.460578784346580505e-02
6.703158374875783920e-03
1.155435200780630112e-02
-3.694859566166996956e-03
1.031165719032287598e-01
3.381059318780899048e-02
1.784498244524002075e-01
8.680652827024459839e-03
-1.439905762672424316e-01
8.626022189855575562e-02
1.437403708696365356e-01
-1.249057799577713013e-01
-1.586612164974212646e-01
-1.539005190134048462e-01
-1.758719421923160553e-02
-5.175179615616798401e-02
-2.175002545118331909e-02
-7.029364258050918579e-02
-1.281973719596862793e-01
-1.643636971712112427e-01
-5.080227181315422058e-02
4.375139251351356506e-02
-5.812849849462509155e-02
-1.037012785673141479e-01
-1.515801902860403061e-02
6.613382697105407715e-02
2.193336747586727142e-02
1.661388427019119263e-01
-2.031694203615188599e-01
-7.502637803554534912e-02
-4.152953624725341797e-02
-1.057278588414192200e-01
8.700440824031829834e-02
-1.575010642409324646e-02
1.477961335331201553e-02
8.260597288608551025e-02
1.111042499542236328e-01
6.851279735565185547e-02
-1.438966244459152222e-01
-2.637733472511172295e-03
9.712482243776321411e-02
1.323926635086536407e-02
-1.047405004501342773e-01
-3.819484263658523560e-02
-6.467004865407943726e-02
-2.896166034042835236e-02
6.245835497975349426e-02
6.401517987251281738e-02
1.190627366304397583e-01
6.530755758285522461e-02
3.909769281744956970e-02
1.148567646741867065e-01
-6.852570176124572754e-02
-1.760400831699371338e-01
-6.722488254308700562e-02
-5.793475545942783356e-03
3.339617978781461716e-03
7.745271921157836914e-02
-3.900518268346786499e-02
-7.276357710361480713e-02
-1.208702847361564636e-01
-4.971976950764656067e-02
7.935301959514617920e-02
6.880728155374526978e-02
