-1.492450665682554245e-02
-1.290446370840072632e-01
-3.777088597416877747e-02
9.161575883626937866e-02
5.025589838624000549e-03
1.340264678001403809e-01
7.456983625888824463e-02
-1.499642133712768555e-01
-6.846465170383453369e-02
6.389828026294708252e-02
8.714689314365386963e-02
-1.293104141950607300e-01
-1.318074762821197510e-01
5.198734626173973083e-02
1.120073571801185608e-01
5.548932403326034546e-02
-6.697110086679458618e-02
-8.336742222309112549e-02
8.392588794231414795e-02
-1.876472234725952148e-01
-5.965773761272430420e-02
9.908366203308105469e-02
6.370363384485244751e-02
-1.087610274553298950e-01
-1.089785769581794739e-01
6.092917174100875854e-02
4.686059802770614624e-02
-4.032671079039573669e-02
1.510999649763107300e-01
7.425308227539062500e-02
1.743439733982086182e-01
-8.049448579549789429e-02
-1.583776064217090607e-02
-9.756548330187797546e-03
3.326776623725891113e-02
3.107126615941524506e-02
-6.849637627601623535e-02
-8.936315774917602539e-03
1.496813446283340454e-02
1.714732348918914795e-01
-3.903358429670333862e-02
-2.003066614270210266e-02
1.940906979143619537e-02
1.356060355901718140e-01
3.761795908212661743e-02
-3.104303218424320221e-02
7.048455625772476196e-02
8.625578135251998901e-03
1.552305184304714203e-02
1.524196285754442215e-02
5.064592510461807251e-02
-1.405515372753143311e-01
-1.013383492827415466e-01
1.475157588720321655e-01
9.229476004838943481e-02
4.335125908255577087e-02
1.283965706825256348e-01
-2.555587887763977051e-02
4.408872500061988831e-02
-4.667834192514419556e-02
-1.608961634337902069e-02
1.333530098199844360e-01
2.139137312769889832e-02
2.822245284914970398e-02
4.385342821478843689e-02
6.809469312429428101e-02
9.395126253366470337e-03
-1.514864861965179443e-01
1.085255965590476990e-01
8.031998760998249054e-03
1.524193882942199707e-01
6.076035276055335999e-02
-1.590578109025955200e-01
1.149621233344078064e-02
1.068712919950485229e-01
-2.789125405251979828e-02
1.647188700735569000e-02
1.682038046419620514e-02
8.271630108356475830e-02
-1.251394599676132202e-01
1.404540240764617920e-01
-2.222170233726501465e-01
-7.626422494649887085e-02
-1.843784376978874207e-02
7.025006413459777832e-02
8.919621817767620087e-03
-1.127904728055000305e-01
3.067660517990589142e-02
9.810797870159149170e-02
3.026844700798392296e-03
-1.946122497320175171e-01
4.942770674824714661e-02
-6.797854602336883545e-02
-8.029566705226898193e-02
-1.021570488810539246e-01
-2.302631288766860962e-01
2.264652401208877563e-02
3.729672729969024658e-02
1.159555315971374512e-01
-8.909228444099426270e-02
1.725729182362556458e-02
7.223174907267093658e-03
-6.744563579559326172e-02
1.835843734443187714e-02
1.363993585109710693e-01
-7.348956540226936340e-03
4.800741374492645264e-02
-4.071006551384925842e-02
-1.566447317600250244e-01
9.790837764739990234e-02
-4.892854392528533936e-02
-2.841058000922203064e-02
1.352033615112304688e-01
9.215322881937026978e-02
-1.575687341392040253e-02
-3.588811308145523071e-02
-1.076893135905265808e-01
-1.520605236291885376e-01
3.011318389326334000e-03
1.203753333538770676e-02
5.100893229246139526e-02
5.658052861690521240e-02
3.767355903983116150e-02
9.843975305557250977e-03
-6.810078769922256470e-02
-4.123003222048282623e-03
-6.505601853132247925e-02
-6.973804533481597900e-02
