-1.528297513723373413e-01
-1.409511566162109375e-01
-1.426892280578613281e-01
3.195363655686378479e-02
1.794578507542610168e-02
5.715353041887283325e-02
-9.344007819890975952e-02
-3.550724312663078308e-02
-9.550646692514419556e-02
3.588400315493345261e-03
-3.172732144594192505e-02
-7.233212888240814209e-02
-1.005698889493942261e-01
-5.345270782709121704e-02
5.732837691903114319e-02
-3.946645185351371765e-02
-1.158918961882591248e-01
-1.014496684074401855e-01
-4.494408145546913147e-02
5.003549903631210327e-02
-1.533965468406677246e-01
1.414261460304260254e-01
-3.513847291469573975e-02
-1.046842709183692932e-01
-1.644720137119293213e-01
1.574387699365615845e-01
1.139539852738380432e-01
-9.601721912622451782e-02
6.194584816694259644e-02
1.559794228523969650e-02
1.932077854871749878e-01
-2.630846016108989716e-02
9.812203235924243927e-03
-6.857665628194808960e-02
-1.418167501688003540e-01
-3.691918030381202698e-02
-8.430948853492736816e-02
7.992223650217056274e-02
-4.902272298932075500e-02
1.275994349271059036e-03
-1.523315608501434326e-01
-1.322161257266998291e-01
-7.218245416879653931e-02
1.263450086116790771e-01
-5.321672186255455017e-02
-3.725465387105941772e-02
5.883004050701856613e-03
-2.335046045482158661e-02
-4.388672765344381332e-03
-3.981402516365051270e-02
1.062366515398025513e-01
1.217799726873636246e-02
5.174581706523895264e-02
7.155898213386535645e-02
1.802368275821208954e-02
7.640253752470016479e-02
8.048835396766662598e-02
1.159203499555587769e-01
6.234332546591758728e-02
2.273090556263923645e-02
4.159901663661003113e-02
1.554589867591857910e-01
-4.397524520754814148e-02
9.594481438398361206e-02
-1.020682528614997864e-01
2.356561273336410522e-02
8.760722726583480835e-02
4.614809900522232056e-02
1.745741069316864014e-01
6.666228175163269043e-02
1.958623901009559631e-02
-1.759728975594043732e-02
-5.422991141676902771e-02
1.334261745214462280e-01
5.208418890833854675e-02
-1.236881390213966370e-01
7.172960042953491211e-02
-1.039647385478019714e-01
3.569515794515609741e-02
-1.201068311929702759e-01
1.084005609154701233e-01
-8.341766148805618286e-02
-1.241621747612953186e-01
-7.614193111658096313e-02
-1.724759675562381744e-02
-5.907104350626468658e-03
-1.396144032478332520e-01
-3.013845346868038177e-02
1.575308442115783691e-01
1.063832193613052368e-01
-5.487333983182907104e-02
1.244163140654563904e-01
-1.105104312300682068e-01
-1.166189089417457581e-01
-9.873564541339874268e-02
-2.024203389883041382e-01
6.291571538895368576e-03
-2.052540145814418793e-02
-1.542194653302431107e-02
1.055343672633171082e-01
-3.119334205985069275e-02
8.612465113401412964e-02
-1.448996514081954956e-01
1.466205343604087830e-02
-3.450940549373626709e-02
4.409354180097579956e-02
-9.653242677450180054e-02
-1.571690477430820465e-02
-1.458041816949844360e-01
2.281297370791435242e-02
5.705239623785018921e-02
3.793232515454292297e-02
1.209484487771987915e-01
2.773239836096763611e-02
-7.738608866930007935e-03
-2.379314042627811432e-02
-1.387203186750411987e-01
-1.283976733684539795e-01
-6.466396152973175049e-02
1.054822802543640137e-01
8.523790538311004639e-02
1.256610304117202759e-01
-2.053273655474185944e-02
1.127165369689464569e-02
-6.672992836683988571e-03
-1.676478050649166107e-02
-1.081866721506230533e-04
3.319935500621795654e-02
