-6.936699897050857544e-02
-1.392343044281005859e-01
-8.469222486019134521e-02
1.047009155154228210e-01
-2.706532599404454231e-03
1.125625446438789368e-01
-6.921342015266418457e-02
-9.842157363891601562e-02
-5.644071847200393677e-02
-5.754052102565765381e-02
1.062006577849388123e-01
-1.131265982985496521e-01
-5.659540370106697083e-02
4.497338086366653442e-02
5.601318553090095520e-02
2.002030238509178162e-02
-1.059024557471275330e-01
-6.246241182088851929e-02
3.984957188367843628e-02
-7.876928895711898804e-02
-8.838959783315658569e-02
1.826747208833694458e-01
7.592712342739105225e-02
-2.312324792146682739e-01
-4.002037271857261658e-02
6.893050670623779297e-02
1.230642721056938171e-01
-1.162373200058937073e-01
-1.956501975655555725e-02
5.451126024127006531e-02
1.901045069098472595e-02
5.041436105966567993e-02
-2.271205559372901917e-02
-3.194700554013252258e-02
-6.410236656665802002e-02
-5.154899880290031433e-02
-2.037638053297996521e-02
2.919796854257583618e-02
-1.215027049183845520e-01
1.087592318654060364e-01
-1.120477244257926941e-01
-3.083921596407890320e-02
1.846772059798240662e-02
1.206018254160881042e-01
-5.110318958759307861e-02
-1.088036522269248962e-01
-3.810773417353630066e-02
-1.710738614201545715e-02
-3.178657591342926025e-02
1.317241974174976349e-02
7.432544976472854614e-02
-7.959780097007751465e-02
3.120330162346363068e-02
-1.035753823816776276e-02
6.538620591163635254e-02
1.090425029397010803e-01
1.390548348426818848e-01
1.289120167493820190e-01
5.600901693105697632e-02
2.348115667700767517e-02
-8.038490265607833862e-02
1.353564858436584473e-01
-8.294961601495742798e-02
-2.858599275350570679e-02
6.773007661104202271e-02
8.004014939069747925e-02
3.011127933859825134e-03
1.220449246466159821e-02
2.162416577339172363e-01
8.625970035791397095e-02
8.538670837879180908e-02
3.473265096545219421e-02
-1.242503225803375244e-01
2.930810302495956421e-02
1.396382451057434082e-01
-8.360645920038223267e-02
3.706892952322959900e-02
-1.076959222555160522e-01
8.092343807220458984e-02
-1.617446988821029663e-01
8.053993433713912964e-02
-1.698741912841796875e-01
-2.076677419245243073e-02
-5.653670430183410645e-02
-1.796677894890308380e-02
-2.412792108952999115e-02
-5.775380507111549377e-02
-1.174644008278846741e-02
1.083659604191780090e-01
5.983310285955667496e-03
-1.462767124176025391e-01
9.731874614953994751e-02
-1.920189559459686279e-01
-1.288121789693832397e-01
-1.071858108043670654e-01
-1.915974318981170654e-01
3.941540792584419250e-02
5.243471637368202209e-02
3.413950093090534210e-03
6.216508150100708008e-02
2.355386735871434212e-03
3.183640912175178528e-02
-1.090752184391021729e-01
3.547781333327293396e-02
1.064890921115875244e-01
5.190836731344461441e-03
-1.243565008044242859e-01
-1.216133311390876770e-02
-2.120893895626068115e-01
-9.491262026131153107e-03
2.546426653861999512e-02
3.414149582386016846e-02
9.135981649160385132e-02
2.135919779539108276e-02
-8.392085134983062744e-02
3.694498538970947266e-02
-1.104200258851051331e-01
-8.024184405803680420e-02
-3.099045529961585999e-02
6.419175118207931519e-02
7.964148372411727905e-02
2.965783234685659409e-03
7.743744645267724991e-03
8.910346031188964844e-02
-1.749606579542160034e-01
-3.031048923730850220e-02
-9.991111606359481812e-02
-2.092236839234828949e-02
