-5.787262693047523499e-02
-7.223813980817794800e-02
-1.141493692994117737e-01
7.287468761205673218e-02
-4.558291658759117126e-02
-7.915294170379638672e-02
1.526307966560125351e-02
-9.752460755407810211e-03
-4.631040245294570923e-02
4.485029727220535278e-02
-8.882114291191101074e-02
-4.943322390317916870e-02
2.349294349551200867e-02
-1.008095666766166687e-01
4.734199866652488708e-02
5.167363584041595459e-02
-4.450756311416625977e-02
-7.425523549318313599e-02
1.089546605944633484e-01
-5.270492285490036011e-02
-7.071384787559509277e-02
7.696969807147979736e-02
-1.694332435727119446e-02
-5.483496189117431641e-02
-9.058424085378646851e-02
2.045767456293106079e-01
4.856876656413078308e-02
-1.221106126904487610e-01
-2.766495943069458008e-02
-2.328306250274181366e-02
1.406625956296920776e-01
5.677871033549308777e-02
9.545899927616119385e-02
-1.941312700510025024e-01
-8.687338791787624359e-03
2.437586523592472076e-02
1.590639725327491760e-02
7.580337673425674438e-02
3.521741926670074463e-02
1.380037050694227219e-02
-1.116236448287963867e-01
1.768420822918415070e-02
-9.683911502361297607e-02
1.833574622869491577e-01
-8.483266830444335938e-02
8.638413622975349426e-03
-3.297511860728263855e-02
4.714660346508026123e-03
2.077406831085681915e-02
1.369426026940345764e-04
2.118168622255325317e-01
6.240076571702957153e-02
-1.881495118141174316e-02
-1.313394904136657715e-01
-9.720258414745330811e-03
1.603337563574314117e-02
-5.816360935568809509e-03
4.774642363190650940e-02
1.728967875242233276e-01
1.311705112457275391e-01
-4.194791242480278015e-02
5.029407143592834473e-02
-1.531960815191268921e-01
-4.543646704405546188e-03
-2.133561670780181885e-02
4.215674474835395813e-03
-1.769567653536796570e-02
9.803344495594501495e-03
9.886624664068222046e-02
-2.029349841177463531e-02
1.209359169006347656e-01
-1.532837469130754471e-02
-1.457175016403198242e-01
2.855021320283412933e-02
1.889301389455795288e-01
-1.788304448127746582e-01
-1.434870213270187378e-01
-7.983487099409103394e-02
-1.316825002431869507e-01
9.980687871575355530e-03
5.713173374533653259e-02
-6.089565157890319824e-02
-1.489982008934020996e-01
-1.375411599874496460e-01
-7.667759805917739868e-02
8.882153779268264771e-02
-1.455305665731430054e-01
-9.873080253601074219e-02
7.708860188722610474e-02
4.706972837448120117e-02
8.309419453144073486e-02
1.739142686128616333e-01
-4.344361275434494019e-02
-9.799295663833618164e-02
-9.889638423919677734e-02
-8.847599476575851440e-02
1.282675266265869141e-01
-1.576904766261577606e-02
3.141254559159278870e-02
3.830321878194808960e-02
1.217123419046401978e-01
9.899891912937164307e-02
-3.228907659649848938e-02
7.034996896982192993e-02
1.213481426239013672e-01
5.550751090049743652e-02
-4.028950631618499756e-02
6.528944522142410278e-02
-1.453638970851898193e-01
-3.179067745804786682e-02
1.046817451715469360e-01
3.749069198966026306e-02
1.844150125980377197e-01
2.004717290401458740e-02
-7.224637549370527267e-03
6.473050266504287720e-02
-9.342964738607406616e-02
-5.335364863276481628e-02
3.852287307381629944e-02
-3.224880993366241455e-02
-5.653727054595947266e-02
-3.315076231956481934e-02
-9.315901994705200195e-02
2.726028207689523697e-03
-9.907133132219314575e-02
3.810796514153480530e-02
2.254844643175601959e-02
1.737604737281799316e-01
