-9.973550587892532349e-02
-9.480423480272293091e-02
-5.936866998672485352e-02
3.717869147658348083e-02
3.924720361828804016e-02
5.731261149048805237e-02
7.909644395112991333e-02
-2.268860489130020142e-02
-4.384032264351844788e-02
2.479478903114795685e-02
2.191169001162052155e-02
-1.483144983649253845e-02
-1.616362631320953369e-01
3.250319138169288635e-02
1.072630956768989563e-01
-1.803042739629745483e-02
-5.206184461712837219e-02
-2.422356745228171349e-03
7.235098630189895630e-02
-4.554518312215805054e-02
-9.676353633403778076e-02
9.211117029190063477e-02
4.219980537891387939e-02
-7.968508452177047729e-02
-4.049218818545341492e-02
8.774445950984954834e-02
4.685847833752632141e-02
-4.821300506591796875e-02
6.611466407775878906e-02
9.272035211324691772e-02
1.926157921552658081e-01
7.646866142749786377e-02
8.941579610109329224e-02
-6.270823627710342407e-02
-8.730133622884750366e-02
3.971035778522491455e-02
-1.964176632463932037e-02
1.940749585628509521e-02
-4.381991550326347351e-02
3.191551938652992249e-02
-1.327148526906967163e-01
-1.554461270570755005e-01
4.154334962368011475e-02
1.096683815121650696e-01
-1.057140305638313293e-01
-3.609427064657211304e-02
-4.637707769870758057e-02
-5.144364666193723679e-03
3.654998168349266052e-02
-4.641025140881538391e-02
8.249173313379287720e-02
2.084868028759956360e-02
1.602817885577678680e-02
-2.789567410945892334e-02
1.768181622028350830e-01
-1.451820600777864456e-02
1.659064441919326782e-01
9.662000834941864014e-02
1.026718616485595703e-01
8.825578540563583374e-02
-1.438691467046737671e-01
1.605228036642074585e-01
-9.246155619621276855e-02
1.136541813611984253e-01
7.401147484779357910e-02
1.086043640971183777e-01
-1.978060789406299591e-02
-6.707368791103363037e-02
1.674131155014038086e-01
6.131223216652870178e-02
1.441218703985214233e-01
-1.187830697745084763e-02
9.700180031359195709e-03
8.813546597957611084e-02
1.057176887989044189e-01
-1.027027443051338196e-01
-8.374087512493133545e-02
-6.989176571369171143e-02
4.818240180611610413e-02
-1.920404434204101562e-01
-9.244460612535476685e-03
-7.199822366237640381e-02
-1.522765159606933594e-01
-1.121957302093505859e-01
-2.782051451504230499e-04
-3.022110275924205780e-02
-1.736720055341720581e-01
-7.800943404436111450e-02
2.079594694077968597e-02
1.016334220767021179e-01
-9.644291549921035767e-02
1.552675664424896240e-01
-1.458606272935867310e-01
-8.159583061933517456e-02
-1.164906919002532959e-01
-1.011393517255783081e-01
-3.964172676205635071e-02
3.489385545253753662e-02
5.096188932657241821e-02
6.461931020021438599e-02
4.498972743749618530e-02
5.952402204275131226e-02
-7.963511347770690918e-02
-2.700431458652019501e-02
7.714830338954925537e-02
-1.885855756700038910e-02
-6.072448939085006714e-02
-1.140500903129577637e-01
-1.744897365570068359e-01
-1.036224812269210815e-01
6.123104318976402283e-02
-6.381602585315704346e-02
1.070358380675315857e-01
6.864283233880996704e-02
3.806919604539871216e-02
1.639484800398349762e-02
-7.989691197872161865e-02
-2.096715122461318970e-01
-1.129467785358428955e-01
7.232224196195602417e-02
8.107634633779525757e-02
1.651824265718460083e-01
-2.253849059343338013e-02
-3.032098338007926941e-02
-8.256156742572784424e-02
9.886876679956912994e-03
-3.927586227655410767e-02
3.648440539836883545e-02
