-1.145721152424812317e-01
-1.172845810651779175e-01
-1.347928792238235474e-01
3.802681341767311096e-02
2.416455931961536407e-02
6.673740595579147339e-02
2.127869054675102234e-02
-1.002371981739997864e-01
-1.822012662887573242e-02
1.523708254098892212e-01
-7.244800776243209839e-02
-7.608190178871154785e-02
-1.409392803907394409e-01
-3.722971677780151367e-02
8.508341014385223389e-02
-7.949630171060562134e-02
-4.666328430175781250e-02
5.287544801831245422e-02
8.729140274226665497e-03
5.121121555566787720e-02
-1.331238299608230591e-01
1.477264016866683960e-01
1.046441122889518738e-02
3.630597889423370361e-02
-8.408625423908233643e-02
7.188903540372848511e-02
5.260320007801055908e-02
-1.142902821302413940e-01
-5.082546919584274292e-02
5.101746693253517151e-02
1.706234961748123169e-01
1.074830442667007446e-01
4.627689719200134277e-02
-3.984443470835685730e-02
-4.887496680021286011e-02
-8.109922707080841064e-02
-1.388114541769027710e-01
9.010537713766098022e-02
-6.055960431694984436e-02
4.775307327508926392e-02
-1.777495443820953369e-01
-1.722288727760314941e-01
-1.686886698007583618e-02
4.731975123286247253e-02
-3.036979027092456818e-02
2.299805870279669762e-03
-7.921925187110900879e-02
6.464284379035234451e-03
9.240598231554031372e-02
-1.230239272117614746e-01
6.419487297534942627e-02
-4.499255865812301636e-02
8.689865469932556152e-02
-1.323747355490922928e-02
-2.937175333499908447e-02
7.057510316371917725e-02
1.213452070951461792e-01
1.220279783010482788e-01
8.553042262792587280e-02
-2.299086889252066612e-03
-3.152751177549362183e-02
2.119925618171691895e-01
-5.401569232344627380e-02
5.635723099112510681e-02
6.292722653597593307e-03
8.596394956111907959e-02
3.385709971189498901e-02
-9.287634491920471191e-02
1.534643769264221191e-01
6.645798683166503906e-02
6.512950360774993896e-02
5.565749481320381165e-02
6.501053273677825928e-02
1.482680290937423706e-01
9.160870313644409180e-02
-1.406461298465728760e-01
9.377267211675643921e-02
-6.391528993844985962e-02
4.468093626201152802e-03
-1.903152614831924438e-01
1.606295108795166016e-01
-9.516587108373641968e-02
-8.827317506074905396e-02
1.419908180832862854e-02
4.570411890745162964e-02
-1.117243319749832153e-01
-1.204026341438293457e-01
-3.497800976037979126e-02
1.475618779659271240e-01
7.096122950315475464e-02
-4.777034372091293335e-02
1.086231097579002380e-01
-1.106579601764678955e-01
-7.439020276069641113e-02
-9.674000740051269531e-02
2.484938502311706543e-02
-3.119309246540069580e-02
6.187376379966735840e-02
-4.014953970909118652e-02
5.396933481097221375e-02
8.797521144151687622e-02
3.050833009183406830e-02
-9.080920368432998657e-02
6.975950300693511963e-02
-6.140308082103729248e-02
3.626281768083572388e-02
-1.564066559076309204e-01
-7.423962652683258057e-02
-1.668441891670227051e-01
-5.655493959784507751e-02
3.081923816353082657e-03
-4.440948739647865295e-02
9.285284206271171570e-03
-1.250583212822675705e-02
-8.474960923194885254e-03
-8.749455213546752930e-02
-1.449519023299217224e-02
-2.911367826163768768e-02
-1.213483959436416626e-01
2.913356758654117584e-02
3.254336863756179810e-02
1.588575243949890137e-01
-7.669606059789657593e-02
4.060314223170280457e-02
-5.996465310454368591e-02
6.301779299974441528e-02
-1.796679198741912842e-01
-3.651145845651626587e-02
