-7.074487954378128052e-02
4.408887028694152832e-02
-2.269843406975269318e-02
1.252588778734207153e-01
-1.052115559577941895e-01
4.332840908318758011e-03
2.106198482215404510e-02
-1.009789854288101196e-01
-9.758887439966201782e-02
1.000081840902566910e-02
-5.474431067705154419e-02
-7.018366456031799316e-02
-9.226743131875991821e-02
-6.672464311122894287e-02
-5.112925544381141663e-02
-7.118362933397293091e-02
5.491295829415321350e-02
1.438176482915878296e-01
-1.945180818438529968e-02
-6.086034327745437622e-02
3.347322344779968262e-02
7.406099140644073486e-02
-5.467106401920318604e-02
-4.745682328939437866e-02
6.937948986887931824e-03
6.694795936346054077e-02
-9.067959338426589966e-02
4.514395073056221008e-02
-1.696762628853321075e-02
-4.738350212574005127e-02
5.139230564236640930e-02
-3.995615616440773010e-02
1.185542196035385132e-01
-7.020325865596532822e-03
-6.174910441040992737e-02
7.736208289861679077e-02
-1.870788931846618652e-01
2.260102331638336182e-02
-1.053164601325988770e-01
2.183930724859237671e-01
-1.609952300786972046e-01
-2.288913168013095856e-02
-3.070238418877124786e-02
1.612549461424350739e-02
2.672037668526172638e-02
6.887046247720718384e-02
1.435324847698211670e-01
1.422069128602743149e-02
1.509908288717269897e-01
1.386383473873138428e-01
2.035070508718490601e-01
7.264647632837295532e-02
-1.249088943004608154e-01
-5.851845070719718933e-02
7.649005390703678131e-03
3.895907849073410034e-02
-3.232289850711822510e-02
2.267917804419994354e-02
7.068615406751632690e-02
-1.074699405580759048e-02
-4.383913055062294006e-02
5.518093705177307129e-02
1.310056773945689201e-03
-3.043991141021251678e-02
1.649454794824123383e-02
4.456684365868568420e-02
-1.203574016690254211e-01
1.097024232149124146e-02
8.535668253898620605e-02
6.873303651809692383e-02
7.679416984319686890e-02
1.503965407609939575e-01
-9.738272428512573242e-02
4.522063955664634705e-02
3.168840706348419189e-02
-2.665595151484012604e-02
2.326730638742446899e-02
1.821153052151203156e-02
-9.183474630117416382e-02
-1.510401815176010132e-01
2.142387628555297852e-01
-1.214045435190200806e-01
-8.649919182062149048e-02
-1.180040761828422546e-01
1.296321153640747070e-01
8.370698988437652588e-02
-5.274901539087295532e-02
6.982971727848052979e-02
1.222200095653533936e-01
-2.190046384930610657e-02
-1.616616398096084595e-01
1.013044789433479309e-01
-7.731626182794570923e-02
-6.173321977257728577e-02
-1.730190068483352661e-01
-8.352929353713989258e-02
-5.130096524953842163e-02
-4.115503281354904175e-02
1.533530801534652710e-01
-1.125240772962570190e-01
-4.093732312321662903e-02
-3.184249624609947205e-02
1.988994516432285309e-02
2.042144834995269775e-01
-4.680978134274482727e-02
-8.982408046722412109e-02
2.724491991102695465e-02
-1.363378316164016724e-01
-8.613780885934829712e-02
-1.714270710945129395e-01
-7.959770411252975464e-02
-2.369412966072559357e-02
9.731111675500869751e-02
1.052070260047912598e-01
-9.011632949113845825e-02
-1.252343803644180298e-01
-5.140595138072967529e-02
5.182455480098724365e-02
3.497491404414176941e-02
-1.044074892997741699e-01
-6.645136326551437378e-02
1.554467808455228806e-02
-2.595334127545356750e-02
6.859082262963056564e-03
-1.283533126115798950e-01
5.372643098235130310e-02
-9.062227793037891388e-03
4.196092486381530762e-02
