-7.646650075912475586e-02
-6.157115101814270020e-02
-1.271976828575134277e-01
1.135548427700996399e-01
8.671340346336364746e-02
1.318540275096893311e-01
-8.402971178293228149e-02
-1.734659671783447266e-01
-4.194601625204086304e-02
-7.947416044771671295e-03
6.501610577106475830e-02
-1.575705260038375854e-01
-1.456579566001892090e-01
-3.669034317135810852e-02
-8.075679093599319458e-02
-2.012659609317779541e-02
-8.539399504661560059e-02
5.111078266054391861e-03
1.609953641891479492e-01
-8.522349409759044647e-03
-1.647734194993972778e-01
1.830849945545196533e-01
-4.842317476868629456e-02
-1.294787824153900146e-01
-8.657241612672805786e-02
5.887098982930183411e-02
6.643876433372497559e-02
-7.657406479120254517e-02
-5.641459301114082336e-02
4.167826473712921143e-02
-2.361403964459896088e-02
9.497201442718505859e-02
-2.281236089766025543e-02
-1.175567228347063065e-02
-6.857259571552276611e-02
-4.336499422788619995e-02
-4.632928594946861267e-02
4.762722551822662354e-02
-1.010325700044631958e-01
4.878089204430580139e-02
-9.829518944025039673e-02
-7.306640595197677612e-02
4.838133230805397034e-02
1.216003522276878357e-01
-5.669417232275009155e-02
-1.041587889194488525e-01
-3.994791954755783081e-02
-1.550273448228836060e-01
-2.044233493506908417e-02
-3.387978672981262207e-02
9.016629308462142944e-02
7.056558132171630859e-02
2.486570179462432861e-02
-1.346268225461244583e-03
1.655636541545391083e-02
1.418266296386718750e-01
9.592372924089431763e-02
1.266017705202102661e-01
6.750889867544174194e-02
1.825010776519775391e-02
-1.755802519619464874e-02
1.529862731695175171e-01
-6.001127511262893677e-02
-9.481815248727798462e-02
7.766257971525192261e-02
1.246715337038040161e-01
-1.914722286164760590e-02
4.702461510896682739e-02
2.032434195280075073e-01
1.206110641360282898e-01
1.307338625192642212e-01
-2.774892933666706085e-02
-1.003317758440971375e-01
5.463078618049621582e-03
1.381433848291635513e-02
-2.947908267378807068e-02
-1.359448954463005066e-02
-7.424517720937728882e-02
1.120991185307502747e-01
-1.031543165445327759e-01
1.248528584837913513e-01
-1.702612489461898804e-01
2.504530828446149826e-03
-9.870266169309616089e-02
-6.047357618808746338e-02
7.798465341329574585e-02
-1.315402090549468994e-01
-2.708068862557411194e-02
8.325231820344924927e-02
1.113603487610816956e-01
-7.849644869565963745e-02
4.763062670826911926e-02
-1.001705676317214966e-01
-8.262108266353607178e-02
3.674779087305068970e-02
-5.863083899021148682e-02
2.317046746611595154e-02
1.371201574802398682e-01
-1.792938634753227234e-02
1.041593328118324280e-01
-1.554528903216123581e-02
-7.678923197090625763e-03
-8.427016437053680420e-02
8.999694138765335083e-02
1.438294351100921631e-02
1.084179058670997620e-01
-1.201330572366714478e-01
2.739524282515048981e-02
-1.346267908811569214e-01
9.296740591526031494e-02
-3.985137492418289185e-02
-3.354525193572044373e-02
2.346953563392162323e-02
-4.508018866181373596e-02
-1.568042188882827759e-01
1.237945035099983215e-01
2.076238580048084259e-02
-2.145754359662532806e-02
-6.154140457510948181e-02
2.567349001765251160e-03
-5.846375599503517151e-02
4.017680138349533081e-02
9.512127190828323364e-02
2.067984081804752350e-02
-1.860257089138031006e-01
-5.618986859917640686e-02
-1.291263997554779053e-01
-6.053458899259567261e-02
