-1.778527349233627319e-02
-1.136435195803642273e-01
-6.017160788178443909e-02
5.884077027440071106e-02
-9.177866391837596893e-03
1.034687552601099014e-02
-8.909563720226287842e-02
-4.801138117909431458e-02
-2.109431475400924683e-02
-1.615834422409534454e-02
3.263280540704727173e-02
-1.334662288427352905e-01
-1.045633777976036072e-01
-3.203883022069931030e-02
2.614817582070827484e-03
-7.071432191878557205e-03
-5.193941295146942139e-02
-4.103088006377220154e-02
6.266818940639495850e-02
-8.477026969194412231e-02
-1.602873057126998901e-01
1.535774618387222290e-01
7.840185426175594330e-03
1.000434532761573792e-02
-1.068334877490997314e-01
5.367435142397880554e-02
-4.271182231605052948e-03
1.693580299615859985e-03
1.171596050262451172e-01
-2.184335328638553619e-02
6.074219942092895508e-02
5.615926161408424377e-02
-9.394153021275997162e-03
-3.624099865555763245e-02
-1.236296631395816803e-02
4.612062871456146240e-02
-1.106157377362251282e-01
3.671817108988761902e-02
-2.494011260569095612e-02
1.785098761320114136e-01
-6.921547651290893555e-02
-2.531809359788894653e-02
3.507599933072924614e-03
1.080047786235809326e-01
-5.708625167608261108e-02
6.717035174369812012e-02
-7.249120622873306274e-02
-1.317678838968276978e-01
5.149328336119651794e-02
-2.138326503336429596e-02
6.016355752944946289e-02
6.356467306613922119e-02
1.638306071981787682e-03
8.499456197023391724e-02
2.300046384334564209e-01
2.608977258205413818e-02
5.292280390858650208e-02
7.740770280361175537e-02
1.906230598688125610e-01
1.463245879858732224e-02
-6.611462682485580444e-02
1.307416707277297974e-01
-2.854375168681144714e-02
1.684458740055561066e-02
1.495694071054458618e-01
1.539955139160156250e-01
-8.262124657630920410e-02
-6.741237826645374298e-03
2.171269357204437256e-01
9.087843447923660278e-02
5.539100989699363708e-02
-7.552320510149002075e-02
-3.304723277688026428e-02
-3.400545800104737282e-03
5.180519819259643555e-02
-9.802873432636260986e-02
4.412658512592315674e-02
3.156381472945213318e-02
-5.878401920199394226e-03
-1.443862263113260269e-02
1.440508216619491577e-01
-1.664480268955230713e-01
-5.121877416968345642e-02
-1.039466187357902527e-01
7.341476529836654663e-02
1.102648749947547913e-01
-1.312271952629089355e-01
8.830322185531258583e-04
1.403146833181381226e-01
5.893677473068237305e-02
-1.163775622844696045e-01
2.106874436140060425e-01
-4.103908780962228775e-03
-1.975834816694259644e-01
-1.556446962058544159e-02
-8.385372906923294067e-02
-3.616947680711746216e-02
4.902293160557746887e-02
4.374420270323753357e-02
2.417398989200592041e-02
-5.421329289674758911e-02
-4.245829582214355469e-02
-9.265522658824920654e-02
8.026785403490066528e-02
3.801400959491729736e-02
-1.795061834855005145e-04
4.584416374564170837e-02
-8.482994139194488525e-02
-2.655197381973266602e-01
-2.594813331961631775e-02
4.775727633386850357e-03
1.619610190391540527e-02
6.063034757971763611e-02
4.220155999064445496e-02
-1.494130492210388184e-01
5.977097153663635254e-02
1.083650961518287659e-01
-7.178425323218107224e-03
1.528461184352636337e-02
-6.799710541963577271e-02
-6.878015585243701935e-03
9.635681658983230591e-02
-7.611484080553054810e-02
1.062298938632011414e-01
-1.289511770009994507e-01
1.542252153158187866e-01
-1.096904054284095764e-01
8.821022510528564453e-02
