4.073309153318405151e-02
-3.693263605237007141e-02
2.676385454833507538e-02
1.507685780525207520e-01
-1.027492955327033997e-01
-1.447358541190624237e-02
6.279171258211135864e-02
-1.187403127551078796e-01
-1.257343497127294540e-02
8.322633802890777588e-02
-7.569298893213272095e-02
-1.117512583732604980e-01
-1.378832310438156128e-01
-2.663934417068958282e-02
8.630383014678955078e-02
6.171228736639022827e-02
1.278926730155944824e-01
4.880551248788833618e-02
1.124878004193305969e-01
-1.197361797094345093e-01
6.380897015333175659e-02
1.485477667301893234e-03
1.084481403231620789e-01
-2.846807986497879028e-02
-1.156514361500740051e-01
5.382070317864418030e-02
-7.066763192415237427e-02
-1.650059595704078674e-02
1.509703844785690308e-01
-5.042774602770805359e-03
1.155683919787406921e-01
2.241933718323707581e-02
4.775707051157951355e-02
1.502444688230752945e-02
-8.713904023170471191e-02
8.771245181560516357e-02
-1.311974823474884033e-01
-1.018672734498977661e-01
-7.100781053304672241e-02
2.446886897087097168e-01
-3.515068069100379944e-02
3.553228452801704407e-02
-3.517339751124382019e-02
4.223313927650451660e-02
1.359863728284835815e-01
-1.264552492648363113e-02
6.044148281216621399e-02
6.498475372791290283e-02
7.692530751228332520e-02
2.317106164991855621e-02
1.574334800243377686e-01
-4.594023898243904114e-02
-1.456919014453887939e-01
1.143878232687711716e-02
1.024301499128341675e-01
-2.036391943693161011e-02
5.012799054384231567e-02
-8.417382091283798218e-02
1.965938694775104523e-02
-5.694719031453132629e-02
-6.837712228298187256e-02
5.854658409953117371e-02
-2.410293323919177055e-03
2.354331500828266144e-02
5.611048638820648193e-02
8.960375934839248657e-02
-5.479505658149719238e-02
-2.469326369464397430e-02
1.182931661605834961e-01
7.724361494183540344e-03
1.941248029470443726e-01
1.422102153301239014e-01
-6.546698510646820068e-02
-3.693892806768417358e-02
1.191001012921333313e-01
-4.052357748150825500e-02
-4.018847644329071045e-02
2.042121626436710358e-02
-3.769200295209884644e-02
-1.546658426523208618e-01
2.395106256008148193e-01
-2.275069057941436768e-01
-1.064059063792228699e-01
-4.853591695427894592e-02
7.841365039348602295e-02
6.531107425689697266e-02
-9.805446863174438477e-02
-6.884449161589145660e-03
4.271718487143516541e-02
-1.900856196880340576e-02
-1.445270478725433350e-01
4.183006286621093750e-02
-4.651056230068206787e-02
-1.548867486417293549e-02
-1.024174019694328308e-01
-2.751150913536548615e-02
-3.631650283932685852e-02
-5.056773126125335693e-02
9.245346486568450928e-02
-1.413183063268661499e-01
-1.549997273832559586e-02
5.894108861684799194e-02
4.551145434379577637e-02
2.085682004690170288e-01
1.213892847299575806e-01
-2.969038486480712891e-02
6.732492893934249878e-02
-1.395478248596191406e-01
-1.564281731843948364e-01
-1.069616805762052536e-02
-8.158227801322937012e-02
-7.986931130290031433e-03
7.826676219701766968e-02
1.188495755195617676e-01
-2.659950219094753265e-02
-7.337141782045364380e-02
3.792342916131019592e-02
5.870896205306053162e-02
4.923158138990402222e-02
5.157119780778884888e-02
5.669672787189483643e-02
1.950890012085437775e-02
3.464799001812934875e-02
-6.802868098020553589e-02
-1.309960037469863892e-01
6.414019316434860229e-02
7.442701142281293869e-03
-3.710369765758514404e-02
