-1.247237101197242737e-01
4.520991072058677673e-02
-1.036870926618576050e-01
1.480858474969863892e-01
9.963752329349517822e-02
4.714598134160041809e-02
-1.470805704593658447e-01
-9.156123548746109009e-02
-1.579405516386032104e-01
-1.994939148426055908e-02
-1.159558538347482681e-02
-1.274575293064117432e-01
-7.226557284593582153e-02
-3.753366693854331970e-02
-9.763960540294647217e-02
-6.255914270877838135e-02
-9.541619569063186646e-02
5.352668464183807373e-02
4.068555310368537903e-02
-3.064861521124839783e-02
-1.015581786632537842e-01
2.443611174821853638e-01
-3.239039704203605652e-02
-8.102152496576309204e-02
-7.969250530004501343e-02
5.610283091664314270e-02
-8.661744184792041779e-03
-2.257916890084743500e-02
-8.843329548835754395e-02
1.087943371385335922e-02
9.024168550968170166e-02
5.842032656073570251e-02
-6.723837461322546005e-03
-1.224621757864952087e-02
-7.270334661006927490e-02
4.814717546105384827e-02
-9.393093734979629517e-02
1.661278307437896729e-02
-2.160801589488983154e-01
1.339958906173706055e-01
-4.217052459716796875e-02
-2.320560626685619354e-02
2.292928844690322876e-02
4.684808105230331421e-02
2.611870504915714264e-02
-9.778431616723537445e-03
-6.078151613473892212e-02
-1.128394901752471924e-01
1.373479701578617096e-02
1.164859384298324585e-01
1.649150997400283813e-01
7.611485570669174194e-02
1.767357997596263885e-02
-6.407774984836578369e-02
2.119469642639160156e-02
1.494979113340377808e-01
-2.388663589954376221e-03
1.487830877304077148e-01
5.422184616327285767e-02
4.608265589922666550e-03
1.106635108590126038e-02
9.997650980949401855e-02
-3.787351772189140320e-02
-7.506935298442840576e-02
-7.729141414165496826e-02
5.386127904057502747e-02
-7.463782094419002533e-05
7.123157382011413574e-02
1.033970490097999573e-01
1.124590486288070679e-01
3.791250661015510559e-02
2.973445318639278412e-02
-8.848138153553009033e-02
1.595353037118911743e-01
3.580159321427345276e-02
-3.605665639042854309e-02
5.656514689326286316e-02
-5.405709147453308105e-02
5.755352973937988281e-02
-3.313306719064712524e-02
2.382325232028961182e-01
-1.743198782205581665e-01
1.219640858471393585e-02
-1.578247249126434326e-01
1.013398244976997375e-01
3.491450473666191101e-02
-1.990373246371746063e-02
3.903847187757492065e-02
1.928151398897171021e-01
2.675002999603748322e-02
-9.386116266250610352e-02
1.221024394035339355e-01
4.176373407244682312e-02
-1.460206061601638794e-01
4.419142846018075943e-03
-6.036067381501197815e-02
6.926561146974563599e-02
5.101080611348152161e-02
7.619225233793258667e-02
2.140296995639801025e-02
-9.779089130461215973e-03
-6.152832880616188049e-02
-1.344697028398513794e-01
1.743807941675186157e-01
1.209709513932466507e-02
7.826406508684158325e-02
-9.120162576436996460e-02
5.620090663433074951e-02
-1.217765733599662781e-01
-8.956578373908996582e-02
4.976924974471330643e-04
7.729981839656829834e-02
1.329205278307199478e-02
-9.004248678684234619e-02
-1.200339645147323608e-01
2.034952631220221519e-03
-8.178570424206554890e-04
-4.727111384272575378e-02
-8.036120980978012085e-02
-7.543881237506866455e-02
-9.332414716482162476e-02
6.209912896156311035e-02
4.268655553460121155e-02
6.749560683965682983e-02
-1.552526801824569702e-01
5.824051331728696823e-03
-5.038505420088768005e-02
9.308004379272460938e-02
