-4.631140455603599548e-02
-6.731864064931869507e-02
-3.910914808511734009e-02
1.755913794040679932e-01
-4.386770725250244141e-02
1.332984975306317210e-04
-9.169488400220870972e-02
-1.359911262989044189e-01
-1.088261306285858154e-01
-6.144615635275840759e-02
4.175012931227684021e-03
-7.945648580789566040e-02
-7.711284607648849487e-02
-4.689033329486846924e-02
-2.596455626189708710e-02
2.066645212471485138e-02
-1.005381196737289429e-01
3.858018293976783752e-02
9.623404592275619507e-02
-1.454513072967529297e-01
-4.467367380857467651e-02
1.093385666608810425e-01
1.378115862607955933e-01
-4.332945495843887329e-02
-1.154970601201057434e-01
3.842411190271377563e-02
-3.400732204318046570e-02
2.943901345133781433e-02
-9.753288701176643372e-03
-6.502249836921691895e-02
7.851087301969528198e-02
-5.318167805671691895e-02
7.576483488082885742e-02
-3.113197907805442810e-02
3.873415989801287651e-03
7.106056064367294312e-02
-6.177939847111701965e-02
-1.805097237229347229e-02
-1.839352250099182129e-01
2.188385426998138428e-01
-4.234054684638977051e-02
-7.363983243703842163e-02
-8.003132045269012451e-02
8.896990865468978882e-02
7.489719241857528687e-02
-9.499757736921310425e-02
-2.969398349523544312e-02
-6.479991972446441650e-02
7.522127777338027954e-02
1.256156861782073975e-01
2.131667882204055786e-01
-6.242244504392147064e-03
-5.831139907240867615e-02
1.270537823438644409e-02
9.661410003900527954e-02
6.356211751699447632e-02
-8.274199068546295166e-02
1.177252605557441711e-01
-1.400692109018564224e-02
-5.005845427513122559e-02
-3.688906086608767509e-03
1.914501190185546875e-02
-8.849021978676319122e-03
-2.651292085647583008e-02
-4.889525100588798523e-02
1.956773847341537476e-01
-6.190259009599685669e-02
2.964681386947631836e-02
-4.025663714855909348e-03
3.077582269906997681e-02
1.602231115102767944e-01
1.946683973073959351e-02
-5.475031584501266479e-02
1.506352983415126801e-02
7.155156135559082031e-02
-5.816143751144409180e-02
4.601235687732696533e-02
4.009351134300231934e-02
1.641856692731380463e-02
6.898565916344523430e-04
2.704066038131713867e-01
-1.519809365272521973e-01
1.350731775164604187e-02
-9.044210612773895264e-02
8.161204308271408081e-02
5.222734529525041580e-03
-4.984594136476516724e-02
4.745708778500556946e-02
1.436950713396072388e-01
-2.151811495423316956e-02
-1.107552647590637207e-01
1.826908886432647705e-01
7.317858282476663589e-03
-1.775062680244445801e-01
-8.368470519781112671e-02
-8.040028810501098633e-02
7.188731338828802109e-03
2.798092924058437347e-02
1.160895302891731262e-01
-5.299250036478042603e-02
-3.174915537238121033e-02
-1.493824720382690430e-01
-7.071422785520553589e-02
1.399051100015640259e-01
6.793633848428726196e-02
-3.397257765755057335e-03
-1.034214813262224197e-02
-3.678749129176139832e-02
-1.760992109775543213e-01
-3.605031594634056091e-02
-1.167922187596559525e-02
1.220205128192901611e-01
7.376550883054733276e-02
1.489830203354358673e-02
-1.284206956624984741e-01
5.235231295228004456e-02
-5.241258814930915833e-02
-6.743284314870834351e-02
4.504551738500595093e-02
-9.152293205261230469e-03
-6.847243756055831909e-02
-4.399716481566429138e-02
-1.245534643530845642e-01
1.266972720623016357e-01
-1.424937099218368530e-01
6.519742310047149658e-02
-1.073651611804962158e-01
6.091330945491790771e-02
