-7.159846276044845581e-02
3.695364575833082199e-03
-9.108070284128189087e-02
8.532796055078506470e-02
6.651134788990020752e-02
1.277441382408142090e-01
-1.371506154537200928e-01
-5.256879702210426331e-02
-7.371626049280166626e-02
-1.758775860071182251e-02
6.549420207738876343e-02
-3.974872827529907227e-02
-6.999158114194869995e-02
4.447834938764572144e-02
-5.654406175017356873e-02
4.149744752794504166e-03
-1.297612208873033524e-02
-5.689305439591407776e-02
1.727682799100875854e-01
-3.529585897922515869e-02
-2.406001277267932892e-02
2.173525989055633545e-01
-3.073832020163536072e-02
-1.580621600151062012e-01
1.165192201733589172e-02
1.244241446256637573e-01
1.100286543369293213e-01
-9.868714958429336548e-02
4.003830626606941223e-02
1.116101071238517761e-01
5.375961586833000183e-02
1.389940530061721802e-01
-4.744401946663856506e-02
-9.920009225606918335e-02
-8.925424516201019287e-02
-1.001908183097839355e-01
-2.102415263652801514e-02
2.892493642866611481e-02
-1.179488822817802429e-01
6.241659075021743774e-02
-5.679893866181373596e-02
-4.093113541603088379e-02
1.150246411561965942e-01
1.387095302343368530e-01
-5.919989198446273804e-02
-1.165723204612731934e-01
2.471282205078750849e-04
-3.669113665819168091e-02
-5.907817557454109192e-02
3.677031770348548889e-02
1.036843881011009216e-01
8.568882942199707031e-02
3.889777883887290955e-02
-5.764573812484741211e-02
7.298205792903900146e-02
7.663442194461822510e-02
1.612620055675506592e-01
1.295831054449081421e-01
9.960036724805831909e-02
7.747750729322433472e-02
-3.826988115906715393e-02
1.169456914067268372e-01
-1.726369373500347137e-02
-1.161256209015846252e-01
4.662127792835235596e-02
-4.335703700780868530e-02
-1.318163983523845673e-02
1.017699316143989563e-01
1.349460780620574951e-01
8.961141109466552734e-02
1.642725765705108643e-01
-9.893278777599334717e-02
-2.032296806573867798e-01
1.154042854905128479e-01
9.103208780288696289e-02
-2.325362898409366608e-02
-5.868031829595565796e-02
-1.198883876204490662e-01
8.950243890285491943e-02
-9.316185861825942993e-02
5.516476929187774658e-02
-1.552223414182662964e-01
-3.317520022392272949e-02
-1.398657113313674927e-01
-4.679145291447639465e-02
-9.768097661435604095e-03
-5.817922204732894897e-02
-6.272356212139129639e-02
-2.929822355508804321e-02
2.541724033653736115e-02
-7.988017797470092773e-02
2.067201584577560425e-02
-1.499035358428955078e-01
-8.712934702634811401e-02
5.677057430148124695e-02
-1.366065442562103271e-01
4.464755952358245850e-02
9.169491380453109741e-02
2.988819405436515808e-02
4.579097032546997070e-02
6.145801022648811340e-02
-3.803021088242530823e-02
-1.718903630971908569e-01
1.200773194432258606e-01
1.379952579736709595e-01
1.181163042783737183e-01
-1.097524724900722504e-02
-3.443367779254913330e-02
-4.864603653550148010e-02
7.242123782634735107e-02
-1.805750466883182526e-02
3.535905107855796814e-02
8.105905354022979736e-02
-6.872388720512390137e-02
-1.250744014978408813e-01
1.042083650827407837e-01
-2.340549603104591370e-02
-7.909941673278808594e-02
-5.702408775687217712e-02
7.434429228305816650e-02
5.346393678337335587e-03
4.582932963967323303e-02
2.803880535066127777e-02
3.268339484930038452e-02
-1.925286799669265747e-01
-8.584684133529663086e-02
-2.911210758611559868e-04
-2.424386516213417053e-02
