-5.315687134861946106e-02
-8.064499497413635254e-02
-9.458488970994949341e-02
1.071070954203605652e-01
4.884474352002143860e-02
3.288034349679946899e-02
-4.478484764695167542e-02
-8.077303320169448853e-02
-8.496177196502685547e-02
1.385639011859893799e-01
4.768543317914009094e-02
-8.829448372125625610e-02
-4.527480155229568481e-02
1.936754398047924042e-02
-3.393652290105819702e-02
2.268660999834537506e-02
-8.364320546388626099e-02
-3.526730835437774658e-02
7.813537865877151489e-02
4.437858611345291138e-02
-1.285073310136795044e-01
1.781921535730361938e-01
-2.060782350599765778e-02
-4.321947321295738220e-02
-6.290710717439651489e-02
9.456050395965576172e-02
4.892136156558990479e-02
-7.706061750650405884e-02
2.893663011491298676e-02
8.744844049215316772e-02
7.269933819770812988e-02
6.740515679121017456e-02
3.605021163821220398e-02
-6.244803965091705322e-02
5.366411060094833374e-02
4.672314040362834930e-03
4.243830963969230652e-02
1.908738352358341217e-02
-1.210136860609054565e-01
1.099524423480033875e-01
-5.132382363080978394e-02
-1.045107841491699219e-01
4.587980359792709351e-02
1.339117437601089478e-01
-1.224356070160865784e-01
-1.901765912771224976e-02
-1.008996460586786270e-02
-8.044807612895965576e-02
-4.199351370334625244e-02
7.010763883590698242e-02
1.493889987468719482e-01
1.073527336120605469e-01
-2.430855669081211090e-02
-1.611689776182174683e-01
7.129164040088653564e-02
7.395139336585998535e-02
8.487319201231002808e-02
1.200778037309646606e-01
3.718915209174156189e-02
3.513786569237709045e-02
-1.024906560778617859e-01
7.776590436697006226e-02
-1.438030898571014404e-01
3.288581967353820801e-03
6.277324259281158447e-02
5.757525190711021423e-02
-9.760440140962600708e-02
-4.293360188603401184e-02
1.108669936656951904e-01
9.948689490556716919e-03
1.707235574722290039e-01
-4.162529483437538147e-02
-9.903608262538909912e-02
2.087865583598613739e-02
1.377111822366714478e-01
-6.948157399892807007e-02
-1.299461424350738525e-01
-4.317633062601089478e-02
2.300427295267581940e-02
-4.777720198035240173e-02
8.583179861307144165e-02
-1.726595908403396606e-01
-1.352470219135284424e-01
-2.553410530090332031e-01
1.883164234459400177e-02
6.565895676612854004e-02
-3.332514315843582153e-02
-7.929448038339614868e-03
4.174794256687164307e-02
1.381988078355789185e-02
-3.860620409250259399e-02
1.708318442106246948e-01
-1.046990081667900085e-01
-7.489056885242462158e-02
1.782359927892684937e-02
-1.196059808135032654e-01
-2.246031165122985840e-02
4.189047589898109436e-02
1.565787792205810547e-01
6.724332273006439209e-02
-1.072117476724088192e-03
2.255787327885627747e-02
-1.392644196748733521e-01
4.432189464569091797e-02
9.655757248401641846e-02
2.600659057497978210e-02
-4.708431288599967957e-02
-2.914153411984443665e-02
-2.222526371479034424e-01
-6.728279590606689453e-02
1.255918741226196289e-01
5.442222952842712402e-02
5.848757550120353699e-02
-5.072190240025520325e-02
-3.276437520980834961e-02
1.247455626726150513e-01
-2.873103134334087372e-02
-1.676894575357437134e-01
-1.051783710718154907e-01
-6.904914975166320801e-02
-6.150417029857635498e-02
1.403538286685943604e-01
5.485974624752998352e-02
9.528146125376224518e-03
-1.444492191076278687e-01
7.546327263116836548e-02
-2.066782303154468536e-02
1.093194186687469482e-01
