-6.898808479309082031e-02
-1.358046829700469971e-01
-1.271733045578002930e-01
2.568148262798786163e-02
2.337961690500378609e-03
4.067194834351539612e-02
-1.339086443185806274e-01
-8.626970462501049042e-03
-2.128045707941055298e-01
-3.341815620660781860e-02
-9.774283319711685181e-02
-1.547627151012420654e-03
4.392669349908828735e-02
-1.159786209464073181e-01
9.715238958597183228e-02
1.947993040084838867e-02
-7.523505948483943939e-03
-1.145104095339775085e-01
-1.071233395487070084e-02
-4.502332583069801331e-02
-9.242653846740722656e-02
1.481679975986480713e-01
7.037708163261413574e-02
-4.752610251307487488e-02
-1.750344336032867432e-01
1.134270355105400085e-01
9.504322707653045654e-02
-6.410235166549682617e-02
-6.603869143873453140e-03
-4.841414093971252441e-02
1.632885932922363281e-01
-7.723171263933181763e-02
5.033813416957855225e-02
-5.742943659424781799e-02
-5.724424496293067932e-02
-2.304512448608875275e-02
-6.919371336698532104e-02
1.092998161911964417e-01
2.440516836941242218e-02
6.050572916865348816e-02
-1.416870206594467163e-01
-5.807526409626007080e-02
-1.319345533847808838e-01
1.534138917922973633e-01
-3.821320086717605591e-02
-4.882904514670372009e-02
-2.580668032169342041e-02
-2.353900298476219177e-02
5.426723882555961609e-02
-8.330577984452247620e-03
1.592831760644912720e-01
-2.945749089121818542e-02
5.928146839141845703e-02
4.232928529381752014e-02
-1.668603159487247467e-02
8.842724561691284180e-02
3.532676771283149719e-02
7.159515470266342163e-02
9.413342922925949097e-02
4.357281699776649475e-02
4.986849054694175720e-02
1.134715601801872253e-01
2.175179077312350273e-03
9.002778679132461548e-02
-1.299240142107009888e-01
2.068966999650001526e-02
9.319233894348144531e-02
1.174693703651428223e-01
1.155573651194572449e-01
1.550084445625543594e-02
1.093519106507301331e-02
-1.236653327941894531e-02
-1.108335629105567932e-01
8.640372008085250854e-02
1.795668005943298340e-01
-1.598663777112960815e-01
8.859974890947341919e-02
-7.300596684217453003e-02
-9.937925264239311218e-03
-9.767948836088180542e-02
1.364253908395767212e-01
-1.046951040625572205e-01
-1.400935649871826172e-01
5.694632418453693390e-03
3.798270225524902344e-02
3.496536985039710999e-02
-1.408841907978057861e-01
9.575751423835754395e-02
1.784900873899459839e-01
3.025039657950401306e-02
-4.248152300715446472e-02
5.860449373722076416e-02
-2.843513526022434235e-02
-1.834561973810195923e-01
-8.854193240404129028e-02
-1.599022150039672852e-01
4.615644365549087524e-02
-2.210591174662113190e-02
3.427716717123985291e-02
5.804882571101188660e-02
1.261635962873697281e-02
-7.960053160786628723e-03
-5.660689994692802429e-02
1.342321038246154785e-01
-1.060448121279478073e-02
5.667179450392723083e-02
-6.093021109700202942e-02
-3.513289615511894226e-02
-9.872775524854660034e-02
-5.889847874641418457e-03
7.712658494710922241e-02
9.233718365430831909e-02
1.514144986867904663e-01
1.063006743788719177e-02
-8.556640148162841797e-02
-1.306261401623487473e-02
-1.779178380966186523e-01
-6.277865171432495117e-02
3.039450198411941528e-02
6.739211827516555786e-02
1.590220481157302856e-01
3.256201045587658882e-03
-2.000366710126399994e-02
1.193791702389717102e-01
1.461379136890172958e-02
1.063473597168922424e-01
-6.180449947714805603e-02
4.754747450351715088e-02
