-1.573650240898132324e-01
6.104758940637111664e-03
-6.478005647659301758e-02
1.568828672170639038e-01
-7.244153320789337158e-02
2.512087672948837280e-02
-7.130081765353679657e-03
-6.914524734020233154e-02
-2.273622602224349976e-01
-5.414671078324317932e-02
3.025683201849460602e-02
-5.802156776189804077e-02
1.441057771444320679e-03
-4.415510222315788269e-02
-6.589101976715028286e-04
7.843223214149475098e-02
4.350452125072479248e-02
-5.264105647802352905e-02
1.169443354010581970e-01
-1.174392849206924438e-01
9.268326312303543091e-02
1.723268926143646240e-01
9.809239208698272705e-02
-4.239863902330398560e-02
-6.870397180318832397e-02
1.816914379596710205e-01
1.905785128474235535e-02
-7.049616426229476929e-02
-2.571272104978561401e-02
5.531287565827369690e-02
1.229904666543006897e-01
1.067454665899276733e-01
2.550699934363365173e-02
-1.612611860036849976e-01
-1.584368795156478882e-01
-2.217856235802173615e-02
2.159850485622882843e-02
-2.731833234429359436e-02
-1.401979010552167892e-02
2.263777330517768860e-02
-5.448213592171669006e-02
-4.875253513455390930e-02
-4.208756610751152039e-02
1.878177076578140259e-01
5.550370737910270691e-02
1.043449994176626205e-02
-9.820115752518177032e-03
4.500577971339225769e-02
8.980689570307731628e-03
6.172206997871398926e-02
2.194198668003082275e-01
1.976988464593887329e-01
-3.252637013792991638e-02
-1.550345718860626221e-01
-1.085333526134490967e-02
-2.753743156790733337e-02
-5.177121143788099289e-03
2.145482599735260010e-02
6.225926429033279419e-02
1.272214949131011963e-01
-1.761660538613796234e-02
3.255516290664672852e-02
-9.151417016983032227e-02
8.349697105586528778e-03
-9.730153530836105347e-02
-4.182211123406887054e-03
4.056128114461898804e-02
-4.001293331384658813e-02
8.806341886520385742e-02
-8.085185661911964417e-03
2.119619250297546387e-01
2.934019453823566437e-02
-1.947356015443801880e-01
3.834388777613639832e-02
1.225283294916152954e-01
-9.105253219604492188e-02
-1.326235234737396240e-01
-1.147654503583908081e-01
-7.558754831552505493e-02
-9.250006079673767090e-02
9.231421351432800293e-02
-1.420377194881439209e-01
-1.634632647037506104e-01
-1.626105457544326782e-01
1.077800896018743515e-02
6.083795800805091858e-02
-9.976002387702465057e-03
-3.026747703552246094e-02
-4.105653241276741028e-02
-1.512944698333740234e-02
-5.088402330875396729e-02
1.103859245777130127e-01
-8.854304254055023193e-02
-7.654938101768493652e-02
-6.753291189670562744e-02
-5.604809895157814026e-02
1.640478074550628662e-01
-1.864450983703136444e-02
-5.068297311663627625e-02
-1.694577373564243317e-02
5.555495619773864746e-02
-6.374131888151168823e-02
-1.087256148457527161e-01
1.029793620109558105e-01
7.790992408990859985e-02
2.880078554153442383e-02
-2.360875532031059265e-02
4.085702821612358093e-03
-8.480025827884674072e-02
3.835366666316986084e-02
6.902022659778594971e-02
-1.135483616963028908e-03
8.774670958518981934e-02
-2.006120420992374420e-02
-3.620551899075508118e-02
4.428225010633468628e-02
3.036953881382942200e-02
-8.140077441930770874e-02
-1.656621508300304413e-02
-1.058643031865358353e-02
7.066540420055389404e-02
-1.058650761842727661e-02
-1.020132936537265778e-02
-1.355502754449844360e-01
-1.125600859522819519e-01
-1.217554360628128052e-01
8.098007738590240479e-02
8.837567269802093506e-02
