-3.351035341620445251e-02
-3.379832580685615540e-02
-2.008718997240066528e-02
8.838900923728942871e-02
-7.288446277379989624e-02
1.037502586841583252e-01
-8.095819503068923950e-02
-2.655005082488059998e-02
-1.872230619192123413e-01
9.720182418823242188e-02
1.244912371039390564e-01
3.538842126727104187e-02
-1.794723272323608398e-01
-6.282908469438552856e-02
1.160851567983627319e-01
2.023423016071319580e-01
-8.849122561514377594e-03
-8.035853505134582520e-02
9.336671233177185059e-02
-1.023857891559600830e-01
-4.478798434138298035e-02
1.368824392557144165e-01
1.366113685071468353e-02
6.941446103155612946e-03
-3.060880862176418304e-02
1.846696734428405762e-01
2.961656637489795685e-02
-6.269228458404541016e-02
4.756597056984901428e-02
2.614340931177139282e-02
8.817440271377563477e-02
-1.602770574390888214e-02
7.422214001417160034e-02
-1.941152848303318024e-02
1.173499450087547302e-01
-2.912031672894954681e-02
6.426046043634414673e-02
1.812033297028392553e-04
-2.871543727815151215e-02
9.470706433057785034e-02
-9.202628582715988159e-02
-9.138325601816177368e-02
-2.907459065318107605e-02
1.311513334512710571e-01
4.097317159175872803e-02
3.359996154904365540e-02
1.207100674510002136e-01
-6.151493266224861145e-02
1.736632548272609711e-04
3.522706404328346252e-02
2.098390012979507446e-01
1.968214847147464752e-02
-1.042235419154167175e-01
-7.067504525184631348e-02
9.839417040348052979e-02
1.415268331766128540e-02
1.342483907938003540e-01
9.364618360996246338e-02
-7.132866978645324707e-02
9.231439791619777679e-03
7.015108317136764526e-02
-1.360454829409718513e-03
-3.653132915496826172e-02
5.537442117929458618e-02
-3.872462362051010132e-02
-6.995566934347152710e-02
2.390262670814990997e-03
-6.347637623548507690e-02
4.268093034625053406e-02
-1.097004041075706482e-01
1.528027951717376709e-01
2.696320787072181702e-02
-2.029152810573577881e-01
4.846407473087310791e-02
1.704449057579040527e-01
-8.926326781511306763e-02
-7.318705320358276367e-02
3.991149738430976868e-02
-6.366007030010223389e-02
-1.697751134634017944e-01
2.997543476521968842e-02
-1.675672233104705811e-01
-9.624528884887695312e-02
-3.566490858793258667e-02
3.995925653725862503e-03
9.045109152793884277e-02
7.233543694019317627e-02
-1.434190757572650909e-02
-7.550755515694618225e-03
-4.462517425417900085e-02
-8.659972250461578369e-02
1.054321601986885071e-01
-9.179575741291046143e-02
5.487820878624916077e-02
-8.745999634265899658e-02
-1.432934999465942383e-01
6.798715889453887939e-02
-5.209958646446466446e-03
6.600020080804824829e-02
-5.819118022918701172e-02
1.754329502582550049e-01
-1.234252974390983582e-01
-4.768298007547855377e-03
2.513454854488372803e-02
1.474393159151077271e-01
4.645280912518501282e-02
2.430250495672225952e-02
5.781796295195817947e-03
-2.135801762342453003e-01
8.036823570728302002e-02
1.006530225276947021e-01
5.245395377278327942e-02
1.169077530503273010e-01
4.836665093898773193e-02
-6.496394425630569458e-02
-7.572524249553680420e-02
-1.109901294112205505e-01
-9.993638843297958374e-02
-8.498734794557094574e-03
-1.451164833270013332e-03
1.041273847222328186e-01
-5.556605756282806396e-03
-1.024097800254821777e-01
-1.123808883130550385e-02
-1.068470850586891174e-01
1.260502915829420090e-02
-3.949809819459915161e-02
-3.556872019544243813e-03
