1.308446526527404785e-01
-2.801562100648880005e-02
3.110365755856037140e-02
9.296657890081405640e-02
-8.681065589189529419e-02
1.513995788991451263e-02
7.851379923522472382e-03
-1.574319899082183838e-01
-1.371548473834991455e-01
5.469081178307533264e-02
-8.342434465885162354e-02
-4.014595597982406616e-02
-5.995889008045196533e-02
-7.530545443296432495e-02
7.714966684579849243e-02
1.184946149587631226e-01
1.677745133638381958e-01
1.171872541308403015e-01
4.459239542484283447e-02
-1.569468528032302856e-01
-2.772958762943744659e-02
7.599162310361862183e-02
7.465450465679168701e-02
-3.949287161231040955e-02
-1.338996645063161850e-02
2.823031879961490631e-02
-7.783806324005126953e-02
-1.418613363057374954e-02
1.825855970382690430e-01
4.255503416061401367e-02
1.683253496885299683e-01
1.656679552979767323e-03
3.683238849043846130e-02
-1.624565199017524719e-02
1.317027304321527481e-02
6.809142231941223145e-02
-3.813360631465911865e-02
1.023416640236973763e-03
3.088656067848205566e-02
2.469220310449600220e-01
1.689331047236919403e-02
2.822798304259777069e-02
-7.742790877819061279e-02
-5.352406296879053116e-03
5.831126123666763306e-03
6.445091962814331055e-02
1.451949328184127808e-01
-1.281677186489105225e-02
1.996256038546562195e-02
5.950250849127769470e-02
1.530030667781829834e-01
-1.137388348579406738e-01
-1.469950228929519653e-01
7.153439521789550781e-02
6.587444990873336792e-02
-1.427762210369110107e-03
9.401295334100723267e-02
-7.606512308120727539e-02
7.780671864748001099e-02
-1.036153584718704224e-01
-3.450864925980567932e-02
1.156775001436471939e-02
-2.019090950489044189e-02
-3.904149681329727173e-02
4.069776833057403564e-02
-5.056435242295265198e-02
-1.440057717263698578e-02
-1.035722121596336365e-01
3.959092497825622559e-02
5.703909788280725479e-03
1.195361539721488953e-01
2.625490911304950714e-02
-9.779186546802520752e-02
-6.286507844924926758e-02
1.301165968179702759e-01
-1.156672984361648560e-01
-1.064881868660449982e-02
3.008842468261718750e-02
9.891110472381114960e-03
-9.482429921627044678e-02
1.585380285978317261e-01
-2.122857123613357544e-01
-6.568241864442825317e-02
3.096026740968227386e-02
3.560927882790565491e-02
1.045972853899002075e-01
-1.461656689643859863e-01
-3.156768530607223511e-02
1.200947165489196777e-01
-1.242883205413818359e-01
-1.271189153194427490e-01
-4.137489944696426392e-02
-3.801755607128143311e-02
-7.477986067533493042e-02
-1.382290273904800415e-01
-3.508204966783523560e-02
-2.623262256383895874e-02
-4.445673897862434387e-02
8.323416858911514282e-02
-9.977184236049652100e-02
5.279264971613883972e-02
-5.037019029259681702e-02
4.701304063200950623e-02
2.013829946517944336e-01
9.534674882888793945e-02
-6.771899014711380005e-02
4.981304332613945007e-02
-1.806616932153701782e-01
-1.843374669551849365e-01
-8.029028773307800293e-02
-6.850174814462661743e-02
-2.607402577996253967e-02
1.435022652149200439e-01
1.122726649045944214e-01
-4.988133534789085388e-02
-4.073190689086914062e-02
-9.208405017852783203e-02
-7.656019926071166992e-02
1.398464199155569077e-02
3.762749210000038147e-02
7.306466996669769287e-02
-8.697776496410369873e-02
-6.263122707605361938e-02
7.451778650283813477e-02
-7.398794591426849365e-02
4.608921706676483154e-02
-4.002781957387924194e-02
-3.226485848426818848e-02
