1.019624546170234680e-01
-3.596584871411323547e-02
2.285073138773441315e-02
1.897449195384979248e-01
-3.674115613102912903e-02
4.154258221387863159e-02
-4.040537774562835693e-02
-1.154236420989036560e-01
-1.560709327459335327e-01
-1.064216811209917068e-02
-5.850876122713088989e-02
-1.076687648892402649e-01
-1.433274298906326294e-01
-5.797445308417081833e-03
1.839020662009716034e-02
1.109925657510757446e-01
1.067441925406455994e-01
4.509076476097106934e-02
1.505593359470367432e-01
-1.842059344053268433e-01
5.777977034449577332e-02
1.984933391213417053e-02
6.800827383995056152e-02
-2.984547615051269531e-02
-1.234359666705131531e-01
-1.855171285569667816e-02
-1.009129509329795837e-01
5.353429913520812988e-02
1.345435380935668945e-01
5.184841528534889221e-02
1.676452606916427612e-01
-5.859586596488952637e-02
4.837528616189956665e-02
3.313725069165229797e-02
1.444612629711627960e-03
1.189477965235710144e-01
-1.106826141476631165e-01
-7.878077775239944458e-02
-6.092900037765502930e-02
2.212900221347808838e-01
-7.721581496298313141e-03
-6.721013039350509644e-02
-7.995110750198364258e-02
-5.307654663920402527e-02
1.501856595277786255e-01
-8.536035194993019104e-03
7.293601334095001221e-02
-4.021025449037551880e-02
3.976454958319664001e-02
1.039227694272994995e-01
2.211652845144271851e-01
-3.855535760521888733e-02
-1.251056045293807983e-01
2.510743215680122375e-03
1.722264438867568970e-01
-7.405662443488836288e-03
7.325877994298934937e-02
5.465587601065635681e-02
5.862932186573743820e-03
2.680807560682296753e-02
5.502789840102195740e-02
4.945047199726104736e-02
8.881673961877822876e-02
3.264105319976806641e-02
-2.617634460330009460e-02
-4.276280850172042847e-02
-3.174912929534912109e-02
-4.342535883188247681e-02
1.971538737416267395e-02
8.478266187012195587e-03
1.439213305711746216e-01
2.962510287761688232e-02
-1.128052771091461182e-01
5.339409038424491882e-02
3.455214435234665871e-03
-3.959802165627479553e-02
-2.910543465986847878e-03
2.254852838814258575e-02
-1.030362024903297424e-02
-3.633709996938705444e-02
1.550594121217727661e-01
-1.798036098480224609e-01
-4.470039531588554382e-02
1.064689084887504578e-02
1.668695360422134399e-03
4.717149585485458374e-02
-7.093624025583267212e-02
2.365931496024131775e-02
3.779099136590957642e-02
-5.455145239830017090e-02
-1.919148713350296021e-01
5.870919302105903625e-02
3.536564856767654419e-02
-1.529806479811668396e-02
-1.017639786005020142e-01
-1.074835434556007385e-01
1.166179310530424118e-02
3.233770281076431274e-02
8.774846047163009644e-02
-4.341745004057884216e-02
3.324051946401596069e-02
-7.503480184823274612e-03
-2.202836982905864716e-02
1.862714141607284546e-01
1.712155491113662720e-01
-1.226916536688804626e-01
8.900780975818634033e-02
-1.262911856174468994e-01
-1.494063436985015869e-01
-7.818701118230819702e-02
-1.313068717718124390e-01
3.036696277558803558e-02
1.232977360486984253e-01
9.229753911495208740e-02
-1.006562635302543640e-01
-3.838277980685234070e-02
-1.146677732467651367e-01
5.655707325786352158e-03
-7.770318537950515747e-02
-5.577888712286949158e-02
6.431626528501510620e-02
3.354579582810401917e-02
-8.534070849418640137e-02
8.946128189563751221e-02
-6.978054344654083252e-02
2.525139227509498596e-02
-9.930056333541870117e-02
-2.388016693294048309e-02
