-7.395278662443161011e-02
6.087020412087440491e-02
-6.350097805261611938e-02
1.101540699601173401e-01
-7.118738442659378052e-02
2.608421817421913147e-02
1.157746389508247375e-01
-9.527488052845001221e-02
-1.397228538990020752e-01
4.379427060484886169e-02
-1.108967438340187073e-01
-7.603904604911804199e-02
-1.262380927801132202e-01
-4.904306307435035706e-02
2.799421781674027443e-03
-1.826847717165946960e-02
7.953545451164245605e-02
5.905660241842269897e-02
7.850605249404907227e-02
-9.604615718126296997e-02
2.460184134542942047e-02
3.864733502268791199e-02
3.833198174834251404e-02
4.882356617599725723e-03
-5.259610339999198914e-02
2.610889449715614319e-02
-7.639510184526443481e-02
6.409034132957458496e-02
1.868116669356822968e-02
1.293789874762296677e-02
9.077383577823638916e-02
-1.691709645092487335e-02
1.218558996915817261e-01
6.307686865329742432e-02
1.891167275607585907e-02
1.533075869083404541e-01
-1.559398621320724487e-01
-2.421661838889122009e-02
-1.362456828355789185e-01
2.098124325275421143e-01
-1.195102110505104065e-01
3.537765517830848694e-02
1.055922918021678925e-02
4.486911371350288391e-02
3.704973682761192322e-02
3.737277537584304810e-02
1.443266868591308594e-01
-4.112848080694675446e-03
1.210720241069793701e-01
7.232389599084854126e-02
1.409878283739089966e-01
9.093875996768474579e-03
-1.048718839883804321e-01
-2.701042406260967255e-02
3.198346495628356934e-02
7.409516721963882446e-02
2.560868486762046814e-02
-2.611016668379306793e-02
4.755814746022224426e-02
-3.189720958471298218e-02
-5.389469116926193237e-02
5.500107631087303162e-02
-1.252429466694593430e-02
-8.419990539550781250e-03
2.538177929818630219e-02
1.184219345450401306e-01
-9.354522079229354858e-02
6.669119745492935181e-02
1.415699124336242676e-01
3.798115998506546021e-02
9.979695826768875122e-02
1.309239119291305542e-01
-2.095823176205158234e-02
4.301034286618232727e-02
1.024527326226234436e-01
-2.067750319838523865e-02
-2.492093667387962341e-02
3.273671865463256836e-02
-4.909093677997589111e-02
-1.955206990242004395e-01
2.233799099922180176e-01
-1.565013825893402100e-01
-1.640465110540390015e-01
-6.578541547060012817e-02
1.698503792285919189e-01
7.593620568513870239e-02
-1.045399233698844910e-01
4.238703846931457520e-02
1.169133931398391724e-01
1.417113654315471649e-02
-1.835329234600067139e-01
1.054598391056060791e-01
-3.061176836490631104e-02
-5.257969722151756287e-02
-1.290743649005889893e-01
-7.522524893283843994e-02
-1.092968434095382690e-01
-3.407554328441619873e-02
1.864532232284545898e-01
-1.204562410712242126e-01
-8.160630613565444946e-02
2.033676393330097198e-02
1.802995055913925171e-02
1.817995160818099976e-01
-2.256331406533718109e-02
-5.852162837982177734e-02
3.575014695525169373e-02
-1.252768337726593018e-01
-1.183456256985664368e-01
-7.512023299932479858e-02
-3.838816285133361816e-02
-4.408559575676918030e-02
6.452990323305130005e-02
1.090820878744125366e-01
-5.507921800017356873e-03
-9.089764207601547241e-02
-1.555712334811687469e-02
-4.731265082955360413e-02
1.577823050320148468e-02
-7.977481186389923096e-02
6.687606946798041463e-05
7.700731605291366577e-02
1.669078692793846130e-02
-3.206111863255500793e-02
-1.547088027000427246e-01
1.133639961481094360e-01
-4.436538740992546082e-02
2.786430716514587402e-02
