-3.261293843388557434e-02
-2.428713254630565643e-02
-9.515076875686645508e-02
8.625351637601852417e-02
4.374625161290168762e-03
3.361745923757553101e-02
-1.287574470043182373e-01
-4.347869008779525757e-02
-2.246797680854797363e-01
8.505650609731674194e-02
-1.280692666769027710e-01
-8.178613334894180298e-02
-8.364323526620864868e-02
-1.357579678297042847e-01
1.617372781038284302e-02
-2.128173410892486572e-02
1.947491616010665894e-02
-9.262865781784057617e-02
-5.344380810856819153e-02
8.813190460205078125e-02
-9.237781912088394165e-02
1.797526180744171143e-01
-1.257493197917938232e-01
-7.662346959114074707e-02
-1.516459286212921143e-01
1.493825465440750122e-01
3.500900929793715477e-03
-6.199542805552482605e-02
4.137852787971496582e-02
-1.045937016606330872e-01
1.887196004390716553e-01
2.254416979849338531e-02
-4.449782148003578186e-02
-1.044256761670112610e-01
-1.450527906417846680e-01
3.322186321020126343e-02
-5.005670711398124695e-02
1.262018829584121704e-01
-2.666360139846801758e-02
4.603680223226547241e-02
-1.329173892736434937e-01
3.231501206755638123e-02
-4.229917749762535095e-02
1.277268379926681519e-01
-5.518586933612823486e-02
-6.219959259033203125e-02
4.807037487626075745e-02
2.262706868350505829e-02
3.263879939913749695e-02
8.848640136420726776e-03
1.893092989921569824e-01
-3.806946426630020142e-02
-2.023687027394771576e-02
6.472712755203247070e-02
4.262078925967216492e-02
3.795529529452323914e-02
4.958447441458702087e-02
-3.093121200799942017e-02
1.169428508728742599e-02
-2.985445968806743622e-02
1.751459203660488129e-02
8.461710810661315918e-02
-1.022322773933410645e-01
1.535021141171455383e-02
-9.677808731794357300e-02
-3.943163529038429260e-02
7.975344546139240265e-03
-2.700108662247657776e-02
2.092315852642059326e-01
2.385504357516765594e-02
3.842975571751594543e-02
3.155631572008132935e-02
-1.538065075874328613e-01
1.417932957410812378e-01
7.513201981782913208e-02
-1.375310420989990234e-01
5.659749731421470642e-03
-1.194072887301445007e-01
-8.459869027137756348e-02
-1.322687119245529175e-01
1.157748401165008545e-01
-1.759081333875656128e-01
-7.597260922193527222e-02
-7.743667811155319214e-02
-1.398180425167083740e-02
1.432531625032424927e-01
-2.927801758050918579e-02
-2.735323645174503326e-02
1.543311774730682373e-01
8.196493983268737793e-02
-9.311819821596145630e-02
5.465140938758850098e-02
-5.606321617960929871e-02
-1.510861068964004517e-01
-5.619463324546813965e-02
-9.236230701208114624e-02
4.206078499555587769e-02
-1.049957796931266785e-02
-7.786077912896871567e-03
2.007046528160572052e-02
5.305634438991546631e-02
8.825918287038803101e-02
-2.091488614678382874e-02
1.329899132251739502e-01
-8.438368327915668488e-03
6.211898848414421082e-02
-2.228874526917934418e-02
2.843913808465003967e-02
-1.682830303907394409e-01
2.637103572487831116e-02
3.439544141292572021e-02
3.084389492869377136e-02
1.768076717853546143e-01
1.625189185142517090e-02
-4.136708751320838928e-02
7.543722633272409439e-03
-1.968349516391754150e-01
1.126854773610830307e-02
7.323714345693588257e-02
8.275097608566284180e-02
4.008561745285987854e-02
3.812852129340171814e-02
-5.613037571310997009e-02
1.113322973251342773e-01
4.438709001988172531e-03
8.438347280025482178e-02
3.503720462322235107e-02
2.474560588598251343e-02
