-9.439158020541071892e-04
-1.334339976310729980e-01
-7.911687344312667847e-02
2.030055969953536987e-03
-3.940890356898307800e-02
-2.124701812863349915e-02
-6.925543397665023804e-02
-3.631570935249328613e-02
-2.026687711477279663e-01
-5.326955113559961319e-03
-5.871114507317543030e-02
1.648492552340030670e-02
-3.228979557752609253e-02
-1.976924985647201538e-01
1.450153440237045288e-01
1.199845224618911743e-01
4.748674854636192322e-02
-4.092771932482719421e-02
6.633972376585006714e-02
-1.642061322927474976e-01
-4.948949441313743591e-02
1.068130955100059509e-01
1.099951267242431641e-01
2.717705070972442627e-02
-1.016548126935958862e-01
1.164474263787269592e-01
1.447742711752653122e-02
-4.686794802546501160e-02
-2.199995517730712891e-02
-4.567595198750495911e-02
1.126747354865074158e-01
-4.575678333640098572e-02
9.518648684024810791e-02
-1.315060555934906006e-01
-2.863979898393154144e-03
-3.305912390351295471e-02
-1.007029879838228226e-02
4.427427425980567932e-02
1.097491979598999023e-01
1.021492630243301392e-01
-6.216097250580787659e-02
1.148198824375867844e-02
-7.821270823478698730e-02
1.614586263895034790e-01
-3.882467281073331833e-03
1.908466778695583344e-02
2.211488224565982819e-02
4.141969606280326843e-03
7.869626581668853760e-02
-2.736588194966316223e-02
2.138004750013351440e-01
-5.444970726966857910e-02
-3.756677731871604919e-02
-9.246141649782657623e-03
3.963620588183403015e-02
-7.165455026552081108e-04
2.741401316598057747e-03
1.403718255460262299e-02
1.723403632640838623e-01
1.000635847449302673e-01
6.971141695976257324e-02
7.136107236146926880e-02
-2.929246053099632263e-02
6.167174130678176880e-02
6.711554713547229767e-03
-3.039747290313243866e-02
8.522628247737884521e-02
-3.384092450141906738e-02
1.133026108145713806e-01
-3.818785399198532104e-02
3.739642351865768433e-02
-3.718180954456329346e-02
-1.198686733841896057e-01
5.696146190166473389e-02
1.775227189064025879e-01
-1.631193459033966064e-01
-1.761729270219802856e-02
-1.420522015541791916e-02
-9.650315344333648682e-02
6.279227323830127716e-03
1.375303268432617188e-01
-8.145678043365478516e-02
-3.694216161966323853e-02
4.759740084409713745e-02
-4.602220840752124786e-03
1.416757851839065552e-01
-1.238454431295394897e-01
1.950748846866190434e-03
1.552345305681228638e-01
-4.965228587388992310e-02
-3.411082178354263306e-02
6.820943951606750488e-02
-2.829210087656974792e-02
-1.329220831394195557e-01
-1.188894882798194885e-01
-4.785421118140220642e-02
1.434209495782852173e-01
-1.423272304236888885e-03
-6.923576444387435913e-02
1.563025638461112976e-02
1.008850112557411194e-01
3.577635437250137329e-02
3.138433769345283508e-02
1.681953072547912598e-01
1.065745949745178223e-01
4.179085791110992432e-02
-4.451872315257787704e-03
-4.440863430500030518e-02
-1.891502588987350464e-01
-4.843930900096893311e-02
7.855809479951858521e-02
4.560985416173934937e-02
1.673865765333175659e-01
2.287239581346511841e-02
-1.949753165245056152e-01
-1.879469864070415497e-02
-1.548703014850616455e-01
-1.610417850315570831e-02
1.252854019403457642e-01
5.327095836400985718e-02
7.658053189516067505e-02
-1.512944102287292480e-01
-7.541704177856445312e-02
1.271923482418060303e-01
-6.934531033039093018e-03
2.264999598264694214e-02
-7.539352774620056152e-02
3.460066393017768860e-02
