-8.435501903295516968e-02
-6.004963442683219910e-02
-2.376908995211124420e-02
1.370425969362258911e-01
2.428780682384967804e-02
4.195013549178838730e-03
-6.816415698267519474e-04
-7.780103385448455811e-02
-5.760240927338600159e-02
1.529755070805549622e-02
-3.401480615139007568e-02
-1.175904572010040283e-01
-6.158182770013809204e-02
-1.024873405694961548e-01
1.473407745361328125e-01
-7.810128852725028992e-03
-3.170062601566314697e-02
2.046853117644786835e-02
1.408042907714843750e-01
-3.745096921920776367e-02
-1.066201180219650269e-01
4.871589317917823792e-02
6.574165076017379761e-02
1.843354478478431702e-02
-5.122804269194602966e-02
9.492739289999008179e-02
-2.070707641541957855e-02
-3.981158509850502014e-02
-9.998070448637008667e-02
1.249965578317642212e-01
1.515343934297561646e-01
2.682752348482608795e-02
1.242947280406951904e-01
-1.214675828814506531e-01
-9.084762632846832275e-02
9.022526443004608154e-02
-1.636634320020675659e-01
1.042296215891838074e-01
-1.318672392517328262e-02
9.533821791410446167e-02
-9.556295722723007202e-02
-1.350013725459575653e-02
-5.227169767022132874e-02
9.375164657831192017e-02
-1.164751686155796051e-02
-4.039572551846504211e-03
-2.652888931334018707e-02
6.522738374769687653e-03
2.200498729944229126e-01
3.228902816772460938e-02
1.886743605136871338e-01
-4.152538895141333342e-04
-5.548252537846565247e-02
-6.470540165901184082e-02
9.879113733768463135e-02
3.473678953014314175e-04
2.391270734369754791e-02
1.065215542912483215e-01
1.201352551579475403e-01
1.651014238595962524e-01
-1.192241907119750977e-01
1.579004973173141479e-01
-2.439772337675094604e-02
6.828362494707107544e-02
9.609827399253845215e-02
1.039593219757080078e-01
-2.301977202296257019e-02
-5.226175487041473389e-02
1.289857774972915649e-01
1.221889480948448181e-01
9.573787450790405273e-02
1.319238394498825073e-01
-5.655444413423538208e-02
9.689031541347503662e-02
3.963995352387428284e-02
-7.533270865678787231e-02
-2.099303528666496277e-02
4.671795293688774109e-03
-9.200294315814971924e-02
-7.103677093982696533e-02
1.635307818651199341e-01
-7.060404866933822632e-02
-1.721918880939483643e-01
-4.853727295994758606e-02
-1.179940160363912582e-02
5.898988805711269379e-03
-1.127705723047256470e-01
-1.452842205762863159e-01
7.847576588392257690e-02
1.560107171535491943e-01
-5.700751766562461853e-02
1.625614464282989502e-01
-7.098649442195892334e-02
-1.957754604518413544e-02
-1.131451576948165894e-01
-8.138753473758697510e-02
4.194305464625358582e-02
1.096516028046607971e-01
-7.969913072884082794e-03
-3.135605528950691223e-02
1.166751682758331299e-01
6.423249840736389160e-02
-3.356640413403511047e-02
3.658367693424224854e-02
8.250220119953155518e-02
4.582550749182701111e-02
1.934625022113323212e-02
-5.433002114295959473e-02
-2.015506923198699951e-01
-1.386576145887374878e-01
-1.871317066252231598e-02
-1.494063884019851685e-01
1.406976580619812012e-01
3.655270487070083618e-02
-1.388382632285356522e-02
-1.035890653729438782e-01
-4.613012447953224182e-02
-1.198157551698386669e-03
-1.036847825162112713e-03
-4.140223935246467590e-02
-1.334057841449975967e-02
6.898412108421325684e-02
-6.600058823823928833e-02
2.022768743336200714e-02
-4.358119517564773560e-02
1.113465130329132080e-01
-4.034264385700225830e-02
-3.514532872941344976e-04
