-6.467804312705993652e-02
2.928711101412773132e-02
-4.698310978710651398e-03
5.566623806953430176e-02
3.463836153969168663e-03
9.001093357801437378e-02
-9.990140795707702637e-03
-6.311564892530441284e-02
-1.995281726121902466e-01
8.086346089839935303e-03
-2.539623761549592018e-03
-1.020552888512611389e-01
-1.099066063761711121e-01
-6.921140849590301514e-02
-1.839192584156990051e-02
-4.528377950191497803e-02
-6.921251118183135986e-02
-2.628762833774089813e-02
1.654872758081182837e-04
-1.040922924876213074e-01
-8.310752362012863159e-02
1.494029611349105835e-01
-6.515768170356750488e-02
-1.176919438876211643e-03
-6.915041059255599976e-02
9.711813926696777344e-02
-7.102382183074951172e-02
8.261428028345108032e-02
2.688560634851455688e-02
-6.071335449814796448e-02
7.061032205820083618e-02
-9.636174887418746948e-03
6.112679094076156616e-02
6.440974771976470947e-02
-1.247702687978744507e-01
7.151320576667785645e-02
-1.793326884508132935e-01
3.703910857439041138e-02
-1.487145721912384033e-01
1.825287193059921265e-01
-3.010271303355693817e-02
-8.339301496744155884e-02
4.836418107151985168e-02
2.087582461535930634e-02
1.910646632313728333e-02
1.055629849433898926e-01
8.101308345794677734e-02
-1.670033298432826996e-02
3.847872838377952576e-02
1.862438470125198364e-01
8.299300074577331543e-02
-1.768020913004875183e-02
-1.338261514902114868e-01
6.119986623525619507e-02
1.612741947174072266e-01
5.029680579900741577e-02
4.339810833334922791e-02
1.553263235837221146e-02
1.976955682039260864e-02
-7.403331995010375977e-02
1.045166403055191040e-01
8.970742672681808472e-02
2.677056007087230682e-02
-3.345021605491638184e-02
-3.597487509250640869e-02
-1.912569510750472546e-03
-6.305327266454696655e-02
6.116734445095062256e-02
5.275772139430046082e-02
1.114686429500579834e-01
1.586010009050369263e-01
9.900200366973876953e-02
-2.027718275785446167e-01
1.878627575933933258e-02
8.000545948743820190e-02
-1.165172737091779709e-02
3.011625446379184723e-02
3.254088014364242554e-02
-1.585752144455909729e-02
-1.364894062280654907e-01
2.334232479333877563e-01
-1.875408589839935303e-01
-5.592152476310729980e-02
-1.880773007869720459e-01
1.782929599285125732e-01
8.288887143135070801e-02
1.070331707596778870e-01
-1.707558520138263702e-02
9.707482159137725830e-02
9.376838803291320801e-02
-1.817516088485717773e-01
7.725346088409423828e-02
-3.035533800721168518e-02
-1.685829460620880127e-01
-5.479098483920097351e-02
-1.562662273645401001e-01
-1.301111374050378799e-02
5.420735105872154236e-02
1.299026757478713989e-01
-5.687770247459411621e-02
5.316882859915494919e-03
-5.610046535730361938e-02
-1.496338658034801483e-02
1.146844327449798584e-01
-4.136281786486506462e-04
5.513237044215202332e-02
2.079962566494941711e-02
-1.146487542428076267e-03
-4.010829702019691467e-02
-3.358059749007225037e-02
-6.059516686946153641e-03
-1.143373697996139526e-01
7.349542528390884399e-02
2.992490865290164948e-02
-7.121090590953826904e-02
-6.975523382425308228e-02
-1.308248043060302734e-01
-2.426522038877010345e-02
-1.008292194455862045e-02
-7.579434663057327271e-02
3.141222149133682251e-02
-1.723608188331127167e-02
4.908086359500885010e-02
1.708033122122287750e-02
-1.563280820846557617e-01
-2.116234600543975830e-02
5.303989723324775696e-02
-6.858276575803756714e-02
