-5.728834867477416992e-02
6.368681043386459351e-02
-2.155847847461700439e-02
3.046085312962532043e-02
-1.037716716527938843e-01
-8.949334733188152313e-03
-4.574468359351158142e-03
-1.193157285451889038e-01
-1.113068014383316040e-01
6.019610166549682617e-02
-2.171461097896099091e-02
-3.625216707587242126e-02
-9.892638772726058960e-02
-8.346341550350189209e-02
-2.747683972120285034e-02
-7.629918307065963745e-02
2.961138449609279633e-02
1.060136780142784119e-01
-1.539996638894081116e-02
-6.096713989973068237e-02
-8.998408168554306030e-02
9.580896049737930298e-02
-2.314776740968227386e-02
-1.551516447216272354e-02
-6.098056584596633911e-02
1.238577887415885925e-01
-8.904006332159042358e-02
7.164765149354934692e-02
2.857937663793563843e-02
-5.454419553279876709e-02
1.020950227975845337e-01
-2.050580643117427826e-02
1.540187001228332520e-01
-1.564812101423740387e-02
-1.433984935283660889e-02
1.020719930529594421e-01
-2.008312791585922241e-01
-5.018653348088264465e-02
-8.070765435695648193e-02
2.035736441612243652e-01
-1.764770150184631348e-01
-3.321518748998641968e-02
-8.555996231734752655e-03
4.268165677785873413e-02
7.993889041244983673e-03
7.522460818290710449e-02
1.202037334442138672e-01
1.964686810970306396e-02
1.566886603832244873e-01
1.016792729496955872e-01
1.329546868801116943e-01
-3.575500473380088806e-02
-1.388166844844818115e-01
-1.761275902390480042e-02
4.943477362394332886e-02
4.848871380090713501e-02
-6.253375206142663956e-03
-2.921692654490470886e-02
1.664912700653076172e-02
-2.992730401456356049e-02
-1.732812449336051941e-02
3.498639911413192749e-02
-1.705046184360980988e-02
-1.921281218528747559e-02
5.655780062079429626e-02
9.771793335676193237e-02
-1.185477897524833679e-01
1.079479046165943146e-02
1.228768676519393921e-01
7.286322861909866333e-02
6.391607224941253662e-02
1.523928642272949219e-01
-1.284113377332687378e-01
1.003587096929550171e-01
1.282371580600738525e-01
-2.374501712620258331e-02
1.552006322890520096e-02
8.146843314170837402e-02
-6.933651119470596313e-02
-1.803333014249801636e-01
2.327117919921875000e-01
-1.244034767150878906e-01
-8.773481845855712891e-02
-1.705054640769958496e-01
1.195333749055862427e-01
1.354386061429977417e-01
-6.854475010186433792e-03
1.385275367647409439e-02
1.203101724386215210e-01
-2.261385507881641388e-02
-1.897824555635452271e-01
1.190586090087890625e-01
-5.321183800697326660e-02
-5.073584988713264465e-02
-8.682575821876525879e-02
-7.686996459960937500e-02
-8.303698152303695679e-02
-6.877834349870681763e-02
9.371515363454818726e-02
-1.313278079032897949e-01
-3.124976530671119690e-02
-2.177092246711254120e-02
5.779984220862388611e-02
1.490137577056884766e-01
-5.773873254656791687e-02
-6.039047241210937500e-02
1.809738576412200928e-02
-1.203550919890403748e-01
-3.664419054985046387e-02
-9.910808503627777100e-02
-9.646437130868434906e-03
-7.025206834077835083e-02
1.195336058735847473e-01
1.248757913708686829e-01
-4.575780779123306274e-02
-9.248526394367218018e-02
-4.265130683779716492e-02
6.976225972175598145e-02
6.355571746826171875e-02
-1.008332669734954834e-01
-1.928661391139030457e-02
-1.603877730667591095e-02
2.172598801553249359e-02
-2.048048563301563263e-02
-1.417174190282821655e-01
9.577350318431854248e-02
-2.097243675962090492e-03
3.213069960474967957e-02
