-5.973530188202857971e-02
-6.502889096736907959e-02
-4.340790957212448120e-02
1.758484244346618652e-01
-1.733392924070358276e-01
8.135652542114257812e-02
-1.871515251696109772e-02
-1.590011864900588989e-01
-1.722850203514099121e-01
-2.587433718144893646e-02
-1.396196037530899048e-01
-4.778803512454032898e-02
1.135516390204429626e-01
-8.841253072023391724e-02
1.389745809137821198e-02
-4.199993237853050232e-02
5.242270976305007935e-02
-9.947326034307479858e-03
3.065842762589454651e-02
-5.619412288069725037e-02
1.027139462530612946e-02
1.301541924476623535e-01
6.312280148267745972e-02
-8.137868344783782959e-02
-1.999596692621707916e-02
2.587625384330749512e-02
-3.541309013962745667e-02
6.865987926721572876e-02
1.578132808208465576e-02
1.206752285361289978e-02
2.932841889560222626e-02
5.432777106761932373e-03
2.189863845705986023e-02
4.757023975253105164e-02
-1.274449825286865234e-01
1.417664587497711182e-01
-2.853844128549098969e-02
7.213770598173141479e-02
-1.639137864112854004e-01
2.204843759536743164e-01
-2.321744710206985474e-02
7.176409661769866943e-02
-8.187305182218551636e-03
9.275584667921066284e-02
-7.267687469720840454e-02
-1.456118747591972351e-02
5.374286323785781860e-03
-1.061824616044759750e-02
9.691470116376876831e-02
1.091765835881233215e-01
1.839635148644447327e-02
-3.138857707381248474e-02
-7.385155558586120605e-02
3.214857727289199829e-02
1.441563963890075684e-01
6.217635795474052429e-02
3.988621383905410767e-02
4.684772342443466187e-03
1.621680706739425659e-02
-8.711346983909606934e-02
-3.776029497385025024e-02
5.734003707766532898e-02
-1.019622944295406342e-02
-2.163228578865528107e-02
1.526659121736884117e-03
1.844634264707565308e-01
-3.965982049703598022e-02
2.485075406730175018e-02
9.211720526218414307e-02
-1.875630766153335571e-02
1.360814571380615234e-01
-1.358485780656337738e-02
5.891402252018451691e-04
-1.147832646965980530e-01
1.053919866681098938e-01
-9.379684925079345703e-02
3.553852066397666931e-02
-8.226029574871063232e-03
6.065325438976287842e-02
-9.905315935611724854e-02
2.088468670845031738e-01
-2.362312525510787964e-01
-5.852173641324043274e-02
-1.006421297788619995e-01
1.438106596469879150e-01
1.302097141742706299e-01
-1.303114295005798340e-01
-1.952763879671692848e-03
1.252058446407318115e-01
9.052005410194396973e-02
-7.933189719915390015e-02
-2.190390136092901230e-03
-3.091104701161384583e-02
-1.747963428497314453e-01
-9.550155699253082275e-02
-1.349785178899765015e-01
6.091825664043426514e-03
-4.588170442730188370e-03
1.786824017763137817e-01
-4.493685439229011536e-02
-4.996531177312135696e-03
-4.351320117712020874e-02
-6.022848188877105713e-02
2.212179303169250488e-01
-1.421196665614843369e-02
4.271540325134992599e-03
-2.323788031935691833e-02
-1.251153647899627686e-01
-1.733538806438446045e-01
-9.519907087087631226e-02
-6.735388934612274170e-02
-6.693335715681314468e-03
4.545621946454048157e-02
3.400237858295440674e-02
-1.214305236935615540e-01
-5.733332782983779907e-02
-6.299444288015365601e-02
-2.409483678638935089e-02
-1.767413690686225891e-02
-1.187343522906303406e-02
4.188630357384681702e-02
-1.843700185418128967e-02
3.695232421159744263e-02
1.656971126794815063e-02
-1.133281439542770386e-01
3.397565335035324097e-02
-8.861336857080459595e-02
-3.961284831166267395e-02
