-3.690456598997116089e-02
-4.758142307400703430e-02
-5.063313990831375122e-02
1.302373409271240234e-01
8.151488006114959717e-02
1.340508311986923218e-01
-3.525872156023979187e-02
-1.315902620553970337e-01
-1.952442079782485962e-01
-3.592279925942420959e-02
-1.536630373448133469e-02
-1.407575905323028564e-01
-8.996720612049102783e-02
1.542890258133411407e-02
-4.713844507932662964e-03
-8.505305275321006775e-03
-2.398546785116195679e-02
7.242311537265777588e-02
8.466753363609313965e-02
-8.536478877067565918e-02
-1.471437662839889526e-01
2.056581079959869385e-01
-8.697976358234882355e-03
-1.046108976006507874e-01
-4.588419198989868164e-02
6.475704908370971680e-02
4.225799068808555603e-02
-1.684523560106754303e-02
6.402979046106338501e-02
1.116039156913757324e-01
1.023754179477691650e-01
1.204651072621345520e-01
-1.921876706182956696e-02
-7.610290497541427612e-02
-1.381225734949111938e-01
-4.173396155238151550e-02
-1.311412602663040161e-01
-1.902122423052787781e-02
-2.387008257210254669e-02
6.919328868389129639e-02
-7.565535604953765869e-02
-9.095696359872817993e-02
5.393685027956962585e-02
1.119479089975357056e-01
2.736312337219715118e-02
-1.101529151201248169e-01
-1.287880446761846542e-02
-1.157581359148025513e-01
7.290089130401611328e-02
7.730427384376525879e-02
1.115665361285209656e-01
-1.965640485286712646e-02
2.494875341653823853e-02
-6.464666128158569336e-02
1.599436253309249878e-02
9.423899650573730469e-02
4.344823956489562988e-02
1.568097025156021118e-01
9.699721634387969971e-02
3.297106921672821045e-02
-4.032209888100624084e-02
1.685996204614639282e-01
-6.003042683005332947e-03
-3.983984142541885376e-02
2.606958150863647461e-02
5.596481636166572571e-02
2.308723516762256622e-02
3.908037766814231873e-02
8.033584803342819214e-02
1.407703757286071777e-01
6.173618882894515991e-02
-8.417147211730480194e-03
-1.330332607030868530e-01
1.384630650281906128e-01
5.160264670848846436e-02
-8.738251402974128723e-03
5.824816878885030746e-03
-3.570358455181121826e-02
2.241169475018978119e-02
-1.532751470804214478e-01
1.998569816350936890e-01
-1.800404489040374756e-01
-5.896071717143058777e-02
-8.715770393610000610e-02
2.965005859732627869e-02
-1.505978754721581936e-03
-8.187860995531082153e-02
6.454563140869140625e-02
1.304085254669189453e-01
3.239028900861740112e-02
-1.654415130615234375e-01
1.073553338646888733e-01
-1.717418581247329712e-01
-7.677113264799118042e-02
-4.100048542022705078e-02
-1.836907118558883667e-01
5.064126849174499512e-02
1.551599353551864624e-01
-8.783619105815887451e-02
3.333296999335289001e-02
-1.728736422955989838e-02
-3.816323727369308472e-02
-1.286966949701309204e-01
5.226270109415054321e-02
8.925992995500564575e-02
5.388673394918441772e-02
-1.030288264155387878e-01
-5.446613207459449768e-02
-1.113665252923965454e-01
8.861404657363891602e-02
-1.308808382600545883e-02
-8.250118792057037354e-02
-3.294362872838973999e-02
-5.670482292771339417e-02
-5.836284533143043518e-02
2.778626978397369385e-02
-1.496656797826290131e-03
-1.124998331069946289e-01
-7.498136907815933228e-02
8.131029456853866577e-02
-8.847954683005809784e-03
7.288445532321929932e-02
-1.750448904931545258e-02
-9.812695905566215515e-03
-1.357852816581726074e-01
4.400403704494237900e-03
-1.060372367501258850e-01
-8.477793633937835693e-02
