5.106250941753387451e-02
-4.254460334777832031e-02
8.252859115600585938e-02
1.366251558065414429e-01
-8.778497576713562012e-02
1.399224996566772461e-02
-1.045607402920722961e-01
-9.411551803350448608e-02
-3.721611946821212769e-02
4.636920988559722900e-02
-2.170619554817676544e-02
-1.558604370802640915e-02
-1.408957690000534058e-01
-4.426852986216545105e-02
-1.271397247910499573e-02
1.009811386466026306e-01
2.744051814079284668e-02
6.053173169493675232e-02
9.780791588127613068e-03
-1.332266628742218018e-01
-4.277208819985389709e-02
3.531540930271148682e-02
4.044065624475479126e-02
-3.994444385170936584e-02
-1.000827625393867493e-01
1.259954273700714111e-01
-8.275537192821502686e-02
-1.337485853582620621e-02
1.791109442710876465e-01
-5.208614841103553772e-02
1.079277470707893372e-01
-4.478596895933151245e-02
5.885499715805053711e-02
-2.372814528644084930e-02
-4.836376756429672241e-02
3.803797811269760132e-02
-1.189601868391036987e-01
-5.984618142247200012e-02
-6.505331397056579590e-02
2.692197561264038086e-01
1.021725125610828400e-03
-1.060335114598274231e-01
1.422485336661338806e-02
-7.941669784486293793e-03
1.056223809719085693e-01
1.357826218008995056e-02
1.058622524142265320e-01
-3.607353195548057556e-02
9.710597991943359375e-02
3.635407984256744385e-02
1.917710453271865845e-01
-2.939699403941631317e-02
-1.282050907611846924e-01
9.247506409883499146e-02
2.298091500997543335e-01
-3.297874331474304199e-02
1.078393757343292236e-01
2.402935875579714775e-03
-6.215868890285491943e-02
-2.534472011029720306e-02
-3.521892800927162170e-02
2.807354321703314781e-03
7.604327984154224396e-03
4.282621294260025024e-02
1.758907805196940899e-03
8.691848255693912506e-03
-6.141510978341102600e-02
-1.212656795978546143e-01
3.572090715169906616e-02
2.030296484008431435e-03
1.139889881014823914e-01
-1.104186139855301008e-05
-8.870586007833480835e-02
2.768015488982200623e-03
7.299711555242538452e-02
-7.253703474998474121e-02
-1.852618157863616943e-02
7.659444957971572876e-02
-3.550301864743232727e-02
-9.172684699296951294e-02
1.606310307979583740e-01
-2.242335230112075806e-01
2.058726362884044647e-02
-4.370901733636856079e-02
1.097334399819374084e-01
7.561294734477996826e-02
-3.994340449571609497e-02
-7.147649675607681274e-02
5.889276787638664246e-02
-2.915069833397865295e-02
-1.255741119384765625e-01
9.090249240398406982e-02
-4.890629649162292480e-02
-7.845354080200195312e-02
-1.053922474384307861e-01
9.648790583014488220e-03
-4.261584021151065826e-03
-2.543706446886062622e-02
1.037037670612335205e-01
-8.442907035350799561e-02
1.435794495046138763e-02
-6.060525774955749512e-02
-2.329730242490768433e-02
2.215764969587326050e-01
1.258693039417266846e-01
8.641825057566165924e-03
8.036927133798599243e-02
-2.165815681219100952e-01
-1.489997059106826782e-01
-6.781821697950363159e-02
-5.503450706601142883e-02
8.740308135747909546e-02
8.579010516405105591e-02
1.726543605327606201e-01
-9.004626423120498657e-02
-6.646006554365158081e-02
3.255026414990425110e-02
6.277715414762496948e-02
8.762666583061218262e-02
7.401886861771345139e-03
7.093127816915512085e-02
-3.376570343971252441e-02
-1.152784898877143860e-01
1.081138104200363159e-01
-1.250428408384323120e-01
6.692098081111907959e-02
-3.467887639999389648e-02
3.020611591637134552e-03
