2.543048933148384094e-02
-7.278448343276977539e-02
-1.814616024494171143e-01
1.002993509173393250e-01
7.089234143495559692e-02
1.103107184171676636e-01
-4.936229065060615540e-02
-1.778988391160964966e-01
-4.468673467636108398e-02
6.792102754116058350e-02
1.129438821226358414e-02
-1.295120716094970703e-01
-9.427887946367263794e-02
3.018537722527980804e-02
-7.333894819021224976e-02
-1.324608642607927322e-02
-7.318083941936492920e-02
1.175480708479881287e-02
1.443423330783843994e-01
-1.191738694906234741e-01
-3.750196471810340881e-02
1.893304139375686646e-01
-3.103538230061531067e-02
-1.426508724689483643e-01
-1.624774746596813202e-02
6.575307995080947876e-02
6.937814503908157349e-02
-7.394871860742568970e-02
-7.153121381998062134e-02
9.009741246700286865e-02
1.537806168198585510e-02
1.150158494710922241e-01
-3.789748251438140869e-02
-6.260263174772262573e-02
-2.283751405775547028e-02
-6.965927779674530029e-02
-8.593432605266571045e-02
5.279850214719772339e-02
-8.209966868162155151e-02
9.545293450355529785e-02
-3.909841924905776978e-02
-7.442557066679000854e-02
1.188712790608406067e-01
9.439325332641601562e-02
1.629179157316684723e-02
-6.571941077709197998e-02
-9.474406018853187561e-03
-1.193578392267227173e-01
-4.529690369963645935e-02
-2.595055103302001953e-02
6.995078176259994507e-02
-4.308048635721206665e-02
-9.795215912163257599e-03
-2.133731916546821594e-02
7.930828630924224854e-02
1.565406769514083862e-01
1.886202692985534668e-01
1.205204501748085022e-01
9.155470877885818481e-02
-2.584888425190001726e-04
-3.271947428584098816e-02
1.829416155815124512e-01
2.185157686471939087e-02
-1.465573161840438843e-01
8.360505104064941406e-02
7.483790628612041473e-03
8.529921993613243103e-03
7.275107502937316895e-02
1.323469281196594238e-01
1.165505200624465942e-01
1.421404927968978882e-01
-1.029500644654035568e-02
-1.266766488552093506e-01
-1.690605841577053070e-02
1.099368855357170105e-01
2.079171128571033478e-03
1.924237795174121857e-02
-1.159820854663848877e-01
6.609628349542617798e-02
-9.260787069797515869e-02
5.248298868536949158e-02
-2.189578562974929810e-01
6.710373610258102417e-02
-7.477433979511260986e-02
-5.978874117136001587e-02
-3.311390057206153870e-02
-2.903720363974571228e-02
-1.714137569069862366e-02
1.032525897026062012e-01
3.217202425003051758e-02
-9.902567416429519653e-02
6.278286688029766083e-03
-1.105880141258239746e-01
-1.192817389965057373e-01
5.459256470203399658e-02
-9.733296930789947510e-02
4.799204319715499878e-02
1.105299517512321472e-01
2.075279317796230316e-02
7.614137232303619385e-02
5.930041428655385971e-03
-6.659000366926193237e-02
-6.609234213829040527e-02
1.589677929878234863e-01
5.913975834846496582e-02
1.121693924069404602e-01
-1.104262024164199829e-01
2.830760553479194641e-02
-1.527639776468276978e-01
3.276799619197845459e-02
-5.805646255612373352e-02
-3.333322703838348389e-02
1.247754879295825958e-02
-4.539445042610168457e-02
-1.432390064001083374e-01
5.920984223484992981e-02
-8.037205785512924194e-02
1.056466717272996902e-02
-4.459255561232566833e-02
2.156906761229038239e-02
-1.986028440296649933e-02
2.076562494039535522e-02
4.700354859232902527e-02
7.258481532335281372e-02
-2.084185481071472168e-01
-8.898092061281204224e-02
-1.464948356151580811e-01
-5.835149064660072327e-02
