-5.725241452455520630e-02
-5.401264876127243042e-02
-1.122832372784614563e-01
3.562308475375175476e-02
-7.650095038115978241e-03
4.622237384319305420e-02
-9.486842155456542969e-02
2.133855409920215607e-02
-1.187023222446441650e-01
-7.540223002433776855e-02
-7.484471052885055542e-02
4.593968391418457031e-02
-1.093156635761260986e-01
-1.278335005044937134e-01
3.614388033747673035e-02
2.426473982632160187e-02
-6.040387973189353943e-02
-5.491393059492111206e-02
3.626770526170730591e-02
-7.440730184316635132e-02
-5.516019091010093689e-02
1.251498311758041382e-01
-3.500124067068099976e-02
-1.052745878696441650e-01
-2.096907943487167358e-01
1.968457549810409546e-01
9.673392027616500854e-02
-8.800178021192550659e-02
1.144673302769660950e-02
2.286040969192981720e-02
1.229792535305023193e-01
-3.724076226353645325e-02
9.694978594779968262e-02
-5.107039213180541992e-02
-4.624377191066741943e-02
-9.364695847034454346e-02
-3.812494501471519470e-02
2.753533236682415009e-02
6.588993128389120102e-03
1.314388774335384369e-02
-1.304539889097213745e-01
-1.519033908843994141e-01
-2.572428807616233826e-02
1.709625124931335449e-01
-7.879234850406646729e-03
-5.400357302278280258e-03
-2.549296244978904724e-02
-1.907637901604175568e-02
3.920306265354156494e-02
-3.238281980156898499e-02
1.853652000427246094e-01
6.389284878969192505e-02
9.643270075321197510e-02
-5.883047357201576233e-02
5.145601183176040649e-02
3.622013330459594727e-02
3.515721112489700317e-02
6.608380377292633057e-02
7.000948488712310791e-02
6.090664863586425781e-02
1.272388994693756104e-01
1.104346290230751038e-01
3.384189307689666748e-02
5.285416543483734131e-02
-1.046925112605094910e-01
-2.114531584084033966e-02
1.004211232066154480e-01
1.500139534473419189e-01
1.029422208666801453e-01
-5.078985914587974548e-02
-1.031933166086673737e-02
-6.347989290952682495e-02
-1.687103509902954102e-01
1.668958812952041626e-01
1.841548085212707520e-01
-1.140555515885353088e-01
1.887275837361812592e-02
-1.524305343627929688e-02
-2.027176320552825928e-02
-1.391505450010299683e-01
9.636789560317993164e-02
-4.120662435889244080e-02
-1.429087221622467041e-01
-7.890375703573226929e-02
-6.164851412177085876e-02
8.295293152332305908e-02
-1.376264691352844238e-01
5.770933255553245544e-02
1.230680942535400391e-01
2.108816802501678467e-02
-2.071481011807918549e-02
8.696070313453674316e-02
-5.611636117100715637e-02
-1.701030284166336060e-01
-7.091846317052841187e-02
-2.206292450428009033e-01
4.200873523950576782e-02
-6.964983791112899780e-02
4.860524460673332214e-02
3.388684615492820740e-02
-4.609401524066925049e-02
4.163980949670076370e-03
-6.124377995729446411e-02
4.692879505455493927e-03
-1.489616464823484421e-02
7.610505819320678711e-02
-4.485622048377990723e-02
3.336067020427435637e-04
-7.147704716771841049e-03
3.415700420737266541e-02
1.080847382545471191e-01
1.135763525962829590e-01
1.885431408882141113e-01
6.574891507625579834e-02
-1.474077254533767700e-01
8.744365535676479340e-03
-1.277690976858139038e-01
-9.697599709033966064e-02
3.960712347179651260e-04
9.219145774841308594e-02
9.778226166963577271e-02
-1.298817899078130722e-02
-1.142601743340492249e-01
5.426749587059020996e-02
-1.663547754287719727e-02
-7.767861708998680115e-03
3.784962743520736694e-02
1.011398583650588989e-01
