1.540988869965076447e-02
-4.324153531342744827e-03
-9.458018094301223755e-02
2.169018685817718506e-01
6.452884525060653687e-02
7.734764367341995239e-02
-5.642531812191009521e-02
-1.769516021013259888e-01
-6.506839394569396973e-02
1.617065817117691040e-01
-5.437085777521133423e-02
-1.994188576936721802e-01
-1.844439953565597534e-01
2.246103063225746155e-02
-6.652436405420303345e-02
3.143698209896683693e-03
-2.751112356781959534e-02
3.013193421065807343e-02
1.780029386281967163e-01
-1.576328724622726440e-01
-5.822451412677764893e-02
1.456744819879531860e-01
-1.776070334017276764e-02
-5.971814319491386414e-02
-1.168373152613639832e-01
5.380893498659133911e-02
-1.427715271711349487e-02
-3.455858677625656128e-03
-4.983609169721603394e-02
1.470987051725387573e-01
1.133287921547889709e-01
2.583183581009507179e-03
-2.815613895654678345e-02
-5.661286041140556335e-02
5.537229031324386597e-02
2.325355075299739838e-03
-9.047595411539077759e-02
-8.115371456369757652e-04
-8.690743893384933472e-02
1.168217509984970093e-01
4.100691527128219604e-03
-9.787600487470626831e-02
5.857984349131584167e-02
-9.413005784153938293e-03
8.930875360965728760e-02
-2.019830606877803802e-02
-3.484722459688782692e-03
-1.597633063793182373e-01
-4.902586340904235840e-03
9.111700579524040222e-03
8.163782954216003418e-02
1.541013270616531372e-02
-4.243311658501625061e-02
-8.956823498010635376e-03
8.662276715040206909e-02
1.616366654634475708e-01
9.655988216400146484e-02
6.931738555431365967e-02
6.918463855981826782e-02
-6.237284466624259949e-02
3.339656814932823181e-02
1.293742805719375610e-01
6.692352145910263062e-02
-1.078648269176483154e-01
3.299795091152191162e-02
7.907247543334960938e-02
3.172388672828674316e-02
5.924085900187492371e-02
6.399520486593246460e-02
2.581391483545303345e-02
1.709481775760650635e-01
-3.277256339788436890e-02
-1.050461679697036743e-01
7.821522653102874756e-03
3.426393121480941772e-02
2.061453647911548615e-02
5.803543701767921448e-02
-1.198145449161529541e-01
1.097105722874403000e-02
6.510017812252044678e-02
7.278314977884292603e-02
-2.723370790481567383e-01
2.283118851482868195e-02
-8.492945879697799683e-02
2.515600621700286865e-02
5.457744374871253967e-02
-5.685253441333770752e-02
3.355138376355171204e-02
1.881176084280014038e-01
7.463200390338897705e-02
-9.936007857322692871e-02
9.819830954074859619e-02
9.950754791498184204e-02
-1.454265862703323364e-01
7.732161134481430054e-02
-3.129642829298973083e-02
-4.452126845717430115e-02
7.530298829078674316e-02
1.094904839992523193e-01
4.482675716280937195e-02
-1.143056806176900864e-02
7.507261354476213455e-03
-1.136252976721152663e-04
1.896243244409561157e-01
5.971623584628105164e-02
1.372919138520956039e-02
-3.739161416888237000e-02
3.908284753561019897e-02
-6.311544775962829590e-02
1.574781537055969238e-02
-5.898877233266830444e-02
-1.265733130276203156e-02
7.903361320495605469e-02
-3.629978746175765991e-02
-1.507815718650817871e-01
-2.765049692243337631e-03
-3.724646940827369690e-02
3.541118651628494263e-02
-1.072270870208740234e-01
-1.276703327894210815e-01
-4.690222814679145813e-02
3.050480782985687256e-02
2.982688881456851959e-02
9.512154757976531982e-02
-1.616747826337814331e-01
-3.084720112383365631e-02
-1.054599732160568237e-01
6.416442990303039551e-02
