-1.649534553289413452e-01
1.091954708099365234e-01
4.936999455094337463e-02
5.594044178724288940e-02
-3.736256808042526245e-02
5.272801220417022705e-02
4.356393963098526001e-02
-1.122797504067420959e-01
-1.253239065408706665e-01
-4.685442522168159485e-02
7.195419166237115860e-03
-1.355436146259307861e-01
-3.095202147960662842e-02
2.890979684889316559e-02
-1.283502671867609024e-02
-1.023071855306625366e-01
-9.993920475244522095e-02
4.411641135811805725e-02
2.999204024672508240e-02
-2.453410439193248749e-02
-8.831652253866195679e-02
1.408048123121261597e-01
-1.007962524890899658e-01
-1.443105936050415039e-01
6.149276345968246460e-02
7.829865068197250366e-02
-1.028008237481117249e-01
1.135079488158226013e-01
4.114137962460517883e-03
2.482152916491031647e-02
5.706201493740081787e-02
8.410565555095672607e-03
1.474358290433883667e-01
-1.386485964758321643e-04
-8.477240055799484253e-02
9.181944280862808228e-02
-1.890416443347930908e-01
-4.854056984186172485e-03
-1.585799008607864380e-01
1.331244260072708130e-01
-1.271562576293945312e-01
-1.876337528228759766e-01
4.519248008728027344e-02
5.418331921100616455e-02
6.853602826595306396e-02
7.574565708637237549e-02
9.396632760763168335e-02
2.196027152240276337e-02
1.169321313500404358e-01
1.520823389291763306e-01
9.847465157508850098e-02
-2.461078017950057983e-02
-1.186367049813270569e-01
-3.445840626955032349e-02
4.241489246487617493e-02
3.239159658551216125e-02
6.573868915438652039e-03
7.133112102746963501e-02
2.296783775091171265e-02
2.677863277494907379e-02
6.570852547883987427e-02
5.715619027614593506e-02
-1.446687709540128708e-02
-3.018452553078532219e-03
-5.087929591536521912e-02
5.407207831740379333e-02
-1.673088818788528442e-01
-1.897133141756057739e-02
-3.493395447731018066e-02
1.505425125360488892e-01
1.304321438074111938e-01
7.737125456333160400e-02
-7.064385712146759033e-02
5.424837768077850342e-02
4.373574256896972656e-02
-1.636742800474166870e-02
7.772113382816314697e-02
-5.936405062675476074e-02
-2.889529801905155182e-02
-1.355726569890975952e-01
1.526283472776412964e-01
-9.114188700914382935e-02
-5.309116840362548828e-02
-1.678977161645889282e-01
1.607921868562698364e-01
-6.538058817386627197e-02
-7.995924912393093109e-03
-1.510184444487094879e-02
9.353967756032943726e-02
1.816000193357467651e-01
-1.766233742237091064e-01
1.916855722665786743e-01
-4.192571714520454407e-02
-3.930918872356414795e-03
-1.232333108782768250e-01
-1.235901340842247009e-01
-1.501175481826066971e-02
1.264684796333312988e-01
9.290312975645065308e-02
-1.063654292374849319e-02
3.923941776156425476e-02
-4.191376641392707825e-02
-7.420614361763000488e-02
4.313383996486663818e-02
-4.695453867316246033e-02
-4.994381219148635864e-02
-3.395146876573562622e-02
-3.142511472105979919e-02
3.414869308471679688e-02
-6.843437254428863525e-02
-1.574965752661228180e-02
-1.090876236557960510e-01
5.542974546551704407e-02
1.450770162045955658e-02
-1.927989418618381023e-03
-1.023664474487304688e-01
-8.047588914632797241e-02
-4.016141593456268311e-02
-6.459439545869827271e-02
-1.060977801680564880e-01
-1.373457461595535278e-01
-1.547160558402538300e-03
8.086095005273818970e-02
-1.228012293577194214e-01
-7.622812688350677490e-02
-8.914425224065780640e-02
2.125017531216144562e-02
-1.814208924770355225e-03
