-8.444365859031677246e-02
-1.156154721975326538e-01
-1.191625893115997314e-01
6.917282193899154663e-02
-2.155661210417747498e-02
3.859329037368297577e-03
-1.195034291595220566e-02
-4.219128191471099854e-02
-2.116795256733894348e-02
1.274696439504623413e-01
2.629968337714672089e-02
-4.801425337791442871e-02
-6.887313723564147949e-02
-8.852762728929519653e-02
4.182422161102294922e-02
2.478354051709175110e-02
-7.688939571380615234e-02
-8.485893160104751587e-02
9.329242259263992310e-02
2.732213959097862244e-02
-5.629335716366767883e-02
7.460533827543258667e-02
-1.548534352332353592e-02
1.444547437131404877e-02
-8.763760328292846680e-02
1.474776715040206909e-01
5.764761567115783691e-02
-1.461044400930404663e-01
-8.903961628675460815e-02
2.448261529207229614e-02
2.149732410907745361e-01
6.932214647531509399e-02
8.383167535066604614e-02
-1.499404609203338623e-01
-3.407110273838043213e-02
6.225892156362533569e-02
-6.622079759836196899e-02
1.225896477699279785e-01
-6.330107152462005615e-02
1.670686760917305946e-03
-4.380745068192481995e-02
-4.834669083356857300e-02
-6.734316796064376831e-02
1.278537362813949585e-01
-7.046984881162643433e-02
4.398020729422569275e-02
-3.315897285938262939e-02
3.744620829820632935e-02
-8.106176555156707764e-02
-4.912101849913597107e-02
1.357278227806091309e-01
4.651610553264617920e-02
-3.329322487115859985e-02
4.792646970599889755e-03
4.575962573289871216e-02
3.783915936946868896e-02
1.106407493352890015e-01
7.589457184076309204e-02
1.429862678050994873e-01
8.664824813604354858e-02
-9.428858011960983276e-02
1.036948114633560181e-01
-2.091495990753173828e-01
4.368561133742332458e-02
2.427679859101772308e-02
-1.649250090122222900e-02
5.881405621767044067e-02
-2.004721201956272125e-02
1.718057245016098022e-01
-1.972249522805213928e-02
1.433125734329223633e-01
6.381565332412719727e-02
-8.558557927608489990e-02
9.971532039344310760e-03
1.345565617084503174e-01
-1.783001869916915894e-01
-8.404973894357681274e-02
-1.082996428012847900e-01
-6.761307269334793091e-02
-8.057728409767150879e-02
-2.121507748961448669e-02
-1.105409637093544006e-01
-1.164665296673774719e-01
-1.272154897451400757e-01
-3.361999988555908203e-02
1.572479680180549622e-02
-9.303525090217590332e-02
-1.884512305259704590e-01
3.179226815700531006e-02
7.773963268846273422e-03
6.745422631502151489e-02
2.171492427587509155e-01
-1.216318085789680481e-01
-8.064681291580200195e-02
-1.008592694997787476e-01
-1.196019500494003296e-01
1.403684765100479126e-01
2.078922465443611145e-02
1.674923114478588104e-03
5.667349323630332947e-02
1.534526646137237549e-01
1.321894526481628418e-01
1.739219576120376587e-02
2.902844361960887909e-02
8.359865844249725342e-02
-1.334947254508733749e-02
-7.929187268018722534e-02
3.545231372117996216e-02
-2.054602354764938354e-01
-3.393785282969474792e-02
6.764699518680572510e-02
3.530375659465789795e-02
1.785018295049667358e-01
4.000213742256164551e-02
6.427590548992156982e-02
3.245745971798896790e-02
-1.213002875447273254e-01
-1.447853259742259979e-02
-3.119222633540630341e-02
-2.667244337499141693e-02
4.832871258258819580e-03
6.296135485172271729e-02
-7.875421643257141113e-02
-1.635311916470527649e-02
-8.156713843345642090e-02
-9.842379018664360046e-03
-1.414149999618530273e-02
7.131828367710113525e-02
