-9.724608063697814941e-02
-7.946217805147171021e-02
-8.684600144624710083e-02
2.150903493165969849e-01
5.968017503619194031e-02
1.691395193338394165e-01
-3.707092255353927612e-02
-2.562803924083709717e-01
-1.489283740520477295e-01
9.046299383044242859e-03
-5.769532918930053711e-02
-1.480853408575057983e-01
-8.568617701530456543e-02
2.742674760520458221e-02
1.349373254925012589e-02
1.407111622393131256e-02
5.222693551331758499e-03
6.740526109933853149e-02
1.170256137847900391e-01
-1.791558600962162018e-02
-3.199888393282890320e-02
2.175967544317245483e-01
2.663969621062278748e-02
-1.653041243553161621e-01
-6.935768574476242065e-02
5.102277919650077820e-02
4.660701006650924683e-02
-4.590749368071556091e-02
4.277074337005615234e-02
9.169019758701324463e-02
2.717485651373863220e-02
1.133445724844932556e-01
-7.630451768636703491e-02
2.975191455334424973e-03
-1.134861558675765991e-01
5.038280505686998367e-03
-2.614531666040420532e-02
1.263689808547496796e-02
-8.627761155366897583e-02
5.847734585404396057e-02
-2.023509517312049866e-02
-6.072326377034187317e-02
2.235556207597255707e-02
9.700619429349899292e-02
2.192216552793979645e-02
-9.508318454027175903e-02
-2.914470434188842773e-02
-1.418641954660415649e-01
-2.074863389134407043e-02
4.749989509582519531e-02
6.995587050914764404e-02
-1.044433265924453735e-01
-1.314810477197170258e-02
1.923800073564052582e-02
-2.317256666719913483e-02
1.835591644048690796e-01
1.217569187283515930e-01
9.564328938722610474e-02
1.404284313321113586e-02
-5.875288322567939758e-02
-2.145656570792198181e-02
1.521148234605789185e-01
-1.860969141125679016e-02
-8.080440759658813477e-02
5.625470727682113647e-02
1.610028296709060669e-01
1.776902191340923309e-02
4.757989663630723953e-03
-2.562187984585762024e-02
6.336940079927444458e-02
1.200618296861648560e-01
2.901597181335091591e-03
-1.467944383621215820e-01
-7.209670729935169220e-03
9.252275526523590088e-02
2.042008750140666962e-02
-1.545807253569364548e-02
-1.004215776920318604e-01
7.905799895524978638e-02
-5.307096242904663086e-02
1.209548413753509521e-01
-2.251949161291122437e-01
-4.855334013700485229e-02
5.315955262631177902e-03
3.846297413110733032e-02
-7.678035646677017212e-02
-4.781922325491905212e-02
1.143611744046211243e-01
2.177816778421401978e-01
2.438286505639553070e-02
-7.344070822000503540e-02
1.062628254294395447e-02
-5.022228509187698364e-02
-3.762995079159736633e-02
-6.655196193605661392e-03
-1.019162312150001526e-01
5.768499150872230530e-02
5.083698034286499023e-02
2.512241341173648834e-02
4.612290486693382263e-02
5.170012265443801880e-02
2.483777143061161041e-02
-4.535908252000808716e-02
1.561092883348464966e-01
5.810014903545379639e-02
1.083490625023841858e-01
-1.309104561805725098e-01
1.973619312047958374e-02
-1.099148839712142944e-01
6.003579869866371155e-02
-5.541878938674926758e-02
-4.421164467930793762e-02
-4.765007644891738892e-02
-9.744449704885482788e-02
-9.990614652633666992e-02
2.149785123765468597e-02
-5.332449451088905334e-02
-3.111195564270019531e-02
-8.496406674385070801e-02
4.967813193798065186e-02
1.331056561321020126e-02
5.528001859784126282e-02
-4.196022450923919678e-02
-1.266286429017782211e-02
-2.069932967424392700e-01
-9.353666752576828003e-02
-1.075327321887016296e-01
-7.598016411066055298e-02
