-8.429221063852310181e-02
-1.765957102179527283e-02
-1.364876329898834229e-01
-5.981435254216194153e-02
-5.539593845605850220e-02
-7.235129922628402710e-02
2.127213869243860245e-03
-6.803993880748748779e-02
-1.301969587802886963e-01
6.222699955105781555e-02
-7.469515502452850342e-02
6.115975789725780487e-03
-1.182182207703590393e-01
-1.239829063415527344e-01
4.865650460124015808e-02
1.933400635607540607e-03
-5.296665709465742111e-03
-1.348394248634576797e-02
1.213098838925361633e-01
-1.156363114714622498e-01
-1.016753688454627991e-01
1.490969210863113403e-01
-6.808876991271972656e-02
-1.927139423787593842e-02
-8.444648236036300659e-02
1.936546713113784790e-01
4.194198176264762878e-02
-9.575597941875457764e-02
-2.214336208999156952e-02
1.772095821797847748e-02
1.534261256456375122e-01
-1.306552439928054810e-03
1.399873495101928711e-01
-6.932239234447479248e-02
-5.350615829229354858e-02
-8.826523274183273315e-02
-5.879016127437353134e-03
-7.009992375969886780e-03
1.882488839328289032e-02
5.145703628659248352e-02
-2.260096520185470581e-01
-6.550975143909454346e-02
-3.179045394062995911e-02
1.229720860719680786e-01
-2.321694046258926392e-02
1.150506585836410522e-01
9.146029502153396606e-02
1.616383902728557587e-02
3.444452211260795593e-02
-5.676446110010147095e-02
1.992274373769760132e-01
9.064288437366485596e-02
6.013273447751998901e-02
-1.321748495101928711e-01
6.907759606838226318e-02
-2.591466717422008514e-02
4.323223233222961426e-02
8.948470652103424072e-02
7.441480457782745361e-02
3.939698636531829834e-02
1.255523562431335449e-01
1.134121939539909363e-01
-7.603511214256286621e-02
2.861942350864410400e-02
-4.555660486221313477e-02
3.413604106754064560e-03
9.572857618331909180e-02
-3.831107867881655693e-03
8.773334324359893799e-02
1.888322271406650543e-02
3.825858980417251587e-02
-7.629552856087684631e-03
-1.119563952088356018e-01
1.888331323862075806e-01
2.826704382896423340e-01
-1.947404444217681885e-01
-5.499203875660896301e-02
-5.228726193308830261e-02
-5.442456528544425964e-02
-8.937465399503707886e-02
9.911205619573593140e-02
-1.125033665448427200e-02
-9.584301710128784180e-02
-4.189232364296913147e-02
5.665168631821870804e-03
4.174868762493133545e-02
-5.050671473145484924e-02
-1.522546634078025818e-02
1.358290612697601318e-01
1.098274253308773041e-02
2.461103163659572601e-02
1.302156895399093628e-01
-9.384206682443618774e-02
-1.065873354673385620e-02
-1.292851269245147705e-01
-6.606651842594146729e-02
4.614691436290740967e-02
6.333436816930770874e-02
-4.043938964605331421e-02
1.768222078680992126e-02
1.289019286632537842e-01
-7.038179785013198853e-02
4.374343901872634888e-02
4.798010736703872681e-02
-9.873016737401485443e-03
6.255689077079296112e-03
-9.357953816652297974e-02
-3.495623171329498291e-02
-1.065151542425155640e-01
-2.804749086499214172e-02
7.758384197950363159e-02
8.183125406503677368e-02
1.397709697484970093e-01
3.209323063492774963e-02
-7.770413160324096680e-02
-6.975384801626205444e-02
-1.374380290508270264e-01
-1.172689571976661682e-01
-5.006515607237815857e-02
7.244792580604553223e-02
-4.877181351184844971e-02
5.743854562751948833e-04
-1.171688809990882874e-01
7.252267003059387207e-02
-1.444665044546127319e-01
-6.480748206377029419e-02
-3.610986750572919846e-03
9.006802737712860107e-02
