-1.525960117578506470e-01
4.037870839238166809e-02
-1.056104227900505066e-01
2.768497727811336517e-02
-6.837366521358489990e-02
2.203321550041437149e-03
1.013738811016082764e-01
-1.146323531866073608e-01
-7.472194731235504150e-02
3.710274770855903625e-02
-2.047304064035415649e-01
-1.074820607900619507e-01
5.117747187614440918e-02
-1.550946533679962158e-01
6.184893846511840820e-02
-1.115122511982917786e-01
8.093901723623275757e-02
3.830037266016006470e-02
7.547210156917572021e-02
-3.936440497636795044e-02
-9.473468363285064697e-02
1.443269848823547363e-01
-1.047683730721473694e-01
-1.292863935232162476e-01
8.976848423480987549e-02
1.294856071472167969e-01
-2.696055918931961060e-03
-2.457933500409126282e-02
6.210510060191154480e-02
6.823515892028808594e-02
1.835253238677978516e-01
7.872904092073440552e-02
1.184405013918876648e-01
-5.817917734384536743e-02
-5.414025485515594482e-02
-1.015770435333251953e-02
-9.505300223827362061e-02
1.716715395450592041e-01
-8.674160391092300415e-02
7.620288431644439697e-02
-1.847920119762420654e-01
-1.381331533193588257e-01
6.672249734401702881e-02
6.572230905294418335e-02
-8.649475127458572388e-02
1.331641674041748047e-01
-4.029444418847560883e-03
-9.281629696488380432e-03
1.405790746212005615e-01
-4.690332710742950439e-02
3.829370066523551941e-02
-7.872058451175689697e-02
-3.116177953779697418e-02
9.506760397925972939e-05
-4.591986071318387985e-03
7.180953025817871094e-02
6.867214292287826538e-02
-1.552578900009393692e-02
1.165184006094932556e-01
2.921219728887081146e-02
6.601331382989883423e-02
1.752980947494506836e-01
-6.348133087158203125e-02
-3.448649495840072632e-02
-1.648957654833793640e-02
3.226932138204574585e-02
3.536564484238624573e-02
1.184061076492071152e-02
1.095608472824096680e-01
5.287306755781173706e-02
-3.072899300605058670e-03
-5.924142524600028992e-02
-2.505301125347614288e-02
3.778709843754768372e-02
1.950152069330215454e-01
-1.698195487260818481e-01
9.126902371644973755e-02
-7.676298171281814575e-02
-6.867641955614089966e-02
-1.144708469510078430e-01
1.707249134778976440e-01
-6.899700313806533813e-02
-6.662534922361373901e-02
-1.245006844401359558e-01
8.437450230121612549e-02
8.184805512428283691e-02
-5.878521502017974854e-02
1.054408028721809387e-02
1.154622659087181091e-01
1.378326267004013062e-01
-6.523256003856658936e-02
9.721073508262634277e-02
-6.249255384318530560e-04
-1.196229010820388794e-01
-1.226373985409736633e-01
1.898703165352344513e-03
-2.546744421124458313e-02
6.635550409555435181e-02
1.559250652790069580e-01
5.306679010391235352e-02
9.284130483865737915e-02
7.162001915276050568e-03
-6.265316903591156006e-02
1.663230955600738525e-01
-2.917041629552841187e-02
4.052611812949180603e-02
-1.144981980323791504e-01
-5.696601793169975281e-02
-2.622231468558311462e-02
-1.133156642317771912e-01
5.344820767641067505e-02
-7.240328937768936157e-02
4.994222894310951233e-02
1.561322435736656189e-02
-1.081006005406379700e-01
-6.060879677534103394e-02
-1.054427921772003174e-01
-2.228906005620956421e-02
-3.650268539786338806e-02
2.459228597581386566e-02
-6.413884460926055908e-02
5.750272050499916077e-02
6.348001211881637573e-02
-5.476342979818582535e-03
-3.976511955261230469e-02
2.171951532363891602e-02
-5.778624117374420166e-02
1.132347737438976765e-03
