-8.505848795175552368e-02
-2.609077142551541328e-03
-8.865179121494293213e-02
1.625271439552307129e-01
1.234755665063858032e-01
1.619708687067031860e-01
-1.540885120630264282e-01
-1.127355918288230896e-01
-1.341328173875808716e-01
1.123929489403963089e-02
-6.328794360160827637e-02
-1.336395591497421265e-01
-3.804890438914299011e-02
-1.296603865921497345e-02
-7.099082320928573608e-02
-2.419063262641429901e-02
-4.514108598232269287e-02
-6.592730432748794556e-02
5.297721177339553833e-02
-2.586107514798641205e-02
-6.336230318993330002e-03
1.559382528066635132e-01
9.790389984846115112e-02
-9.674199670553207397e-02
-1.303592175245285034e-01
1.402305625379085541e-02
1.379748433828353882e-02
-2.802730724215507507e-02
1.068984158337116241e-03
1.055346131324768066e-01
1.086498275399208069e-01
1.068411096930503845e-01
-6.403303891420364380e-02
-2.038512378931045532e-02
-1.520047336816787720e-01
1.018971651792526245e-01
-9.567850083112716675e-02
5.313286557793617249e-02
-1.499719023704528809e-01
5.835765227675437927e-02
8.259117603302001953e-02
-5.097712576389312744e-02
1.029069274663925171e-01
5.497521534562110901e-02
-1.297439821064472198e-02
-6.612239032983779907e-02
-7.920211553573608398e-02
-1.090977638959884644e-01
-8.611934259533882141e-03
5.289109051227569580e-02
7.045936584472656250e-02
5.207053618505597115e-04
-3.482104465365409851e-02
7.167951017618179321e-02
9.363254904747009277e-02
1.284310668706893921e-01
1.414402574300765991e-01
9.081652015447616577e-02
2.021546661853790283e-02
-5.890060216188430786e-02
-5.728778615593910217e-02
1.226528063416481018e-01
5.172003805637359619e-02
-2.959198318421840668e-02
-5.073542892932891846e-02
4.318742826581001282e-02
5.371632054448127747e-02
1.362738907337188721e-01
1.085306555032730103e-01
1.180082187056541443e-01
2.264181077480316162e-01
-3.645408898591995239e-02
-8.531365543603897095e-02
7.828211039304733276e-02
-4.328451678156852722e-02
-3.155159577727317810e-02
1.713912189006805420e-02
-1.252355277538299561e-01
4.154310375452041626e-02
-5.789341405034065247e-02
6.174794957041740417e-02
-2.052147388458251953e-01
-4.005316644906997681e-02
-1.499360501766204834e-01
7.511086016893386841e-02
-8.200125396251678467e-02
-1.199786434881389141e-03
1.725735142827033997e-02
5.712324380874633789e-02
1.379522085189819336e-01
-1.215657144784927368e-01
5.725872702896595001e-03
-6.456281989812850952e-03
-2.113978117704391479e-01
7.404717057943344116e-02
-1.179026737809181213e-01
3.450251743197441101e-02
2.895469404757022858e-02
8.289305865764617920e-02
6.818768382072448730e-02
-8.940913714468479156e-03
7.133360207080841064e-02
-1.560875326395034790e-01
1.804686039686203003e-01
6.755733489990234375e-02
1.225630417466163635e-01
1.684303581714630127e-02
2.149149589240550995e-02
-1.332195401191711426e-01
1.536594144999980927e-02
-3.819828480482101440e-02
-2.767091849818825722e-03
7.024098187685012817e-02
-1.027104631066322327e-01
-4.913780838251113892e-02
2.262483164668083191e-02
-7.083375751972198486e-02
-1.886010728776454926e-02
-1.031719371676445007e-01
1.749490015208721161e-02
4.115188866853713989e-02
4.898266121745109558e-02
6.602605432271957397e-02
1.081519178114831448e-03
-1.602611243724822998e-01
-4.396265000104904175e-02
2.295293658971786499e-02
-1.942467316985130310e-02
