-5.922515690326690674e-02
-4.365204647183418274e-02
-2.691225893795490265e-02
6.820289790630340576e-02
3.959304094314575195e-02
1.245146840810775757e-01
-3.490311652421951294e-02
-4.147049412131309509e-02
-9.764635562896728516e-02
-3.602444380521774292e-02
6.505855172872543335e-02
-5.167160555720329285e-02
-1.378426104784011841e-01
1.173548921942710876e-01
4.387608170509338379e-02
-7.132428884506225586e-02
-9.260922670364379883e-02
-3.262338042259216309e-02
5.603672936558723450e-02
-1.322749406099319458e-01
-9.462720900774002075e-02
2.154967933893203735e-01
6.326442956924438477e-02
-1.117454543709754944e-01
-1.424733083695173264e-03
-4.169228952378034592e-03
3.188257291913032532e-02
-4.821610450744628906e-02
3.985182940959930420e-02
1.431432068347930908e-01
1.158317700028419495e-01
1.113263294100761414e-01
2.875912934541702271e-03
-6.431931164115667343e-03
-7.400757074356079102e-02
-3.941906616091728210e-02
-1.282622963190078735e-01
-5.576763674616813660e-02
-9.762239456176757812e-02
1.490918397903442383e-01
-7.778217643499374390e-02
-1.307334303855895996e-01
4.620052501559257507e-02
1.059696674346923828e-01
3.967729397118091583e-03
-7.609298080205917358e-02
-6.236194446682929993e-02
-7.145643979310989380e-02
-1.321020303294062614e-03
4.425158724188804626e-02
9.045632183551788330e-02
5.113216117024421692e-03
5.354306846857070923e-02
6.115510687232017517e-02
1.626708507537841797e-01
4.074401035904884338e-02
1.423248648643493652e-01
1.975042372941970825e-01
1.429233103990554810e-01
1.065352112054824829e-01
-3.407096862792968750e-02
1.689794361591339111e-01
8.842367678880691528e-03
9.333312627859413624e-04
5.569641664624214172e-02
5.313683650456368923e-04
-3.657944872975349426e-02
3.344020247459411621e-02
1.563468873500823975e-01
1.755049526691436768e-01
1.244925782084465027e-01
2.446907758712768555e-02
-1.088753938674926758e-01
1.103503778576850891e-01
4.961686208844184875e-02
-5.073209106922149658e-02
4.612978920340538025e-02
-8.369964361190795898e-02
1.009824946522712708e-01
-1.463093161582946777e-01
4.205507785081863403e-02
-1.647706329822540283e-01
-1.301731215789914131e-03
-8.236647397279739380e-02
3.707680106163024902e-02
-5.314459651708602905e-02
-8.686011284589767456e-02
-2.800283767282962799e-02
4.360169917345046997e-02
1.603709720075130463e-02
-1.382982432842254639e-01
1.011921092867851257e-01
-1.056947112083435059e-01
-1.085056141018867493e-01
-8.067009039223194122e-03
-1.895049065351486206e-01
6.300921551883220673e-03
1.709130555391311646e-01
-6.740947719663381577e-04
7.083483785390853882e-02
-4.128661751747131348e-02
-1.752646081149578094e-02
-1.791367232799530029e-01
8.170086890459060669e-02
5.410049855709075928e-02
-2.682525292038917542e-02
-4.341155663132667542e-02
-8.800160139799118042e-02
-1.572221368551254272e-01
-1.881217770278453827e-02
-5.957803130149841309e-02
-2.568965591490268707e-02
3.760083764791488647e-02
-4.921198636293411255e-02
-6.244601309299468994e-02
2.757970243692398071e-02
-4.931566119194030762e-02
-1.201746836304664612e-01
-1.193840727210044861e-01
1.954050734639167786e-02
2.377120591700077057e-02
9.820768982172012329e-02
4.237824678421020508e-02
4.338603466749191284e-02
-9.853645414113998413e-02
-3.865863382816314697e-02
-1.102899909019470215e-01
-5.084069818258285522e-02
