-2.537946961820125580e-02
3.995038196444511414e-02
-3.920074552297592163e-03
9.587381035089492798e-02
-6.260284781455993652e-02
-1.736956648528575897e-02
-3.103148192167282104e-02
-1.425329446792602539e-01
-5.951176956295967102e-02
-4.539471864700317383e-02
9.898340329527854919e-03
-1.218537986278533936e-02
-1.319748163223266602e-01
-4.966611787676811218e-02
-5.303338915109634399e-02
-2.775711379945278168e-02
5.182709172368049622e-02
1.091581657528877258e-01
4.881951212882995605e-02
-1.312270164489746094e-01
9.465688839554786682e-03
6.668532639741897583e-02
1.375456303358078003e-01
-2.930377610027790070e-02
-1.023842841386795044e-01
7.698129117488861084e-02
-8.579272776842117310e-02
-8.540357463061809540e-03
3.946891427040100098e-02
1.419369038194417953e-02
-2.052383031696081161e-03
-3.078453056514263153e-02
1.330745667219161987e-01
4.241438116878271103e-03
-4.251794144511222839e-02
8.182957768440246582e-02
-1.371822953224182129e-01
-1.829086989164352417e-01
-9.898973256349563599e-02
1.818279623985290527e-01
-1.598227620124816895e-01
-3.615954145789146423e-02
-1.078573092818260193e-01
6.101323664188385010e-02
1.260555088520050049e-01
-7.265305146574974060e-03
1.642789542675018311e-01
-1.237959135323762894e-02
1.105300113558769226e-01
4.061571136116981506e-02
2.890050411224365234e-01
6.679481267929077148e-02
-9.254381805658340454e-02
2.741190046072006226e-02
-6.591980904340744019e-02
-3.769611567258834839e-02
5.640301108360290527e-02
-2.332608960568904877e-02
-4.593003913760185242e-02
1.582817733287811279e-02
-1.396254170686006546e-02
3.316511213779449463e-02
-1.001350488513708115e-02
-2.021989040076732635e-02
5.679235607385635376e-02
1.180556416511535645e-01
-8.569105714559555054e-02
7.488297671079635620e-02
6.337411701679229736e-02
4.643065854907035828e-02
1.267152577638626099e-01
2.190136164426803589e-01
-7.192516326904296875e-02
1.611911505460739136e-01
1.123100668191909790e-01
-6.492794491350650787e-03
-7.786861155182123184e-03
1.133237872272729874e-02
-4.306003451347351074e-02
-1.912207752466201782e-01
1.351437270641326904e-01
-1.095174476504325867e-01
-1.398885250091552734e-01
-8.153834193944931030e-02
7.239809632301330566e-02
3.233988583087921143e-02
4.242983460426330566e-02
2.833001874387264252e-02
9.177570044994354248e-02
1.924382895231246948e-02
-1.484784483909606934e-01
7.932039350271224976e-02
-4.839913174510002136e-02
5.179585143923759460e-02
-9.787168353796005249e-02
-2.359364554286003113e-02
-3.070073574781417847e-02
-1.684422604739665985e-02
7.032425701618194580e-02
-8.348743617534637451e-02
-6.562616676092147827e-02
-1.017780900001525879e-01
3.014647401869297028e-02
1.517582684755325317e-01
-4.677503183484077454e-02
-1.631538420915603638e-01
-1.315217651426792145e-02
-1.682023555040359497e-01
-1.225755289196968079e-01
6.029805168509483337e-02
-1.021246761083602905e-01
4.684466496109962463e-02
4.442163929343223572e-02
1.313148140907287598e-01
8.598928339779376984e-03
-9.827787429094314575e-02
2.894239127635955811e-02
7.361945509910583496e-02
4.519589617848396301e-02
-6.818072870373725891e-03
5.391490086913108826e-02
3.164964169263839722e-02
1.266414020210504532e-02
-5.276171118021011353e-02
-1.725313514471054077e-01
1.233349088579416275e-02
-4.714096710085868835e-02
-1.435137726366519928e-02
