-8.538336306810379028e-02
-7.654052227735519409e-02
-1.311651915311813354e-01
3.732938691973686218e-02
-2.114797383546829224e-02
3.794489800930023193e-02
-4.668224602937698364e-02
4.192224144935607910e-02
-1.867562234401702881e-01
-2.643475495278835297e-02
-5.504083260893821716e-02
-3.286870196461677551e-03
-6.588715314865112305e-02
-1.502108573913574219e-01
1.369550451636314392e-02
8.389011770486831665e-02
-6.317016668617725372e-03
-7.384253293275833130e-02
2.446663752198219299e-02
-6.226598098874092102e-02
-4.439545422792434692e-02
1.250611990690231323e-01
-4.902194254100322723e-03
-4.302885010838508606e-02
-9.541279077529907227e-02
1.722613275051116943e-01
8.434564620256423950e-02
-1.214999556541442871e-01
-6.422473490238189697e-02
4.782878328114748001e-03
1.773037612438201904e-01
1.470146584324538708e-03
5.255175754427909851e-02
-1.618691682815551758e-01
-1.052186712622642517e-01
-3.222238644957542419e-02
1.741672120988368988e-02
1.030622720718383789e-01
3.800849616527557373e-02
-1.542749162763357162e-02
-1.311236321926116943e-01
-4.409096017479896545e-02
-2.829625643789768219e-02
1.487280279397964478e-01
-3.476905077695846558e-02
6.632601469755172729e-02
1.170226838439702988e-02
-2.888212725520133972e-02
5.244753137230873108e-02
-1.126441452652215958e-02
1.826668381690979004e-01
1.476682871580123901e-01
1.732837595045566559e-02
-2.883252874016761780e-02
4.455311596393585205e-02
2.783398702740669250e-02
-2.087719272822141647e-03
8.307068794965744019e-02
1.345429420471191406e-01
1.365278661251068115e-01
5.472020432353019714e-02
1.031292900443077087e-01
-2.969891205430030823e-02
4.174592345952987671e-02
-6.375946849584579468e-02
-1.310955174267292023e-02
8.894101530313491821e-02
4.570094868540763855e-02
1.692836433649063110e-01
-2.710036188364028931e-02
1.213558539748191833e-01
-4.440998658537864685e-02
-1.392808258533477783e-01
8.991861343383789062e-02
1.453869044780731201e-01
-1.792873442173004150e-01
-9.396830946207046509e-02
-8.362740278244018555e-02
-1.132116839289665222e-01
-5.148000270128250122e-02
9.539157897233963013e-02
-7.338653504848480225e-02
-1.658183783292770386e-01
-7.972307503223419189e-02
-8.798825740814208984e-02
1.164284124970436096e-01
-1.105055958032608032e-01
1.257141400128602982e-02
5.136122927069664001e-02
7.471776008605957031e-02
-1.787141896784305573e-02
4.566707089543342590e-02
-6.627720594406127930e-02
-1.222808361053466797e-01
-9.079796820878982544e-02
-7.746732980012893677e-02
1.242108717560768127e-01
1.440201885998249054e-02
-8.344054967164993286e-02
2.541400492191314697e-02
1.222900226712226868e-01
8.484155684709548950e-02
-1.071112789213657379e-02
7.468529045581817627e-02
4.484612122178077698e-02
1.145040318369865417e-01
-1.280182157643139362e-03
5.089971423149108887e-02
-1.290061175823211670e-01
-5.025185644626617432e-03
1.283506155014038086e-01
5.193753913044929504e-02
1.978229582309722900e-01
3.186694812029600143e-03
-1.814262866973876953e-01
3.253974393010139465e-02
-1.469209045171737671e-01
1.451824232935905457e-02
2.853168733417987823e-02
7.960667461156845093e-02
5.435228720307350159e-02
-1.056645624339580536e-02
-1.118179559707641602e-01
3.194613382220268250e-02
-4.148763045668601990e-02
-7.030756026506423950e-02
4.605479165911674500e-02
9.559231996536254883e-02
