-5.466370657086372375e-02
-1.294198781251907349e-01
-1.012046262621879578e-01
6.573146581649780273e-02
-4.093670845031738281e-02
-5.065060406923294067e-02
-1.103106215596199036e-01
-5.438878014683723450e-02
-1.053697019815444946e-01
2.520561218261718750e-02
-6.290768086910247803e-02
-7.857009768486022949e-02
-2.419631928205490112e-02
-1.437234580516815186e-01
1.020945981144905090e-01
3.638812899589538574e-02
-2.695619501173496246e-02
-3.922985494136810303e-02
5.662777274847030640e-02
-5.082834139466285706e-02
-6.723840534687042236e-02
1.310012340545654297e-01
-8.667584508657455444e-03
3.213653340935707092e-02
-4.564135149121284485e-02
1.476928293704986572e-01
4.541517794132232666e-02
-9.939389675855636597e-02
-1.468790620565414429e-01
1.504220068454742432e-03
2.244251966476440430e-01
-5.440449342131614685e-02
7.423733919858932495e-02
-1.698287874460220337e-01
-3.951159492135047913e-02
-9.230531752109527588e-03
-1.474556624889373779e-01
1.427071094512939453e-01
2.142723463475704193e-02
6.870196014642715454e-02
-1.028076186776161194e-01
1.618459122255444527e-03
-8.163275569677352905e-02
1.741157174110412598e-01
-2.051009982824325562e-02
-4.571356985252350569e-04
1.896180026233196259e-02
3.831956908106803894e-02
1.051638200879096985e-01
-1.890929229557514191e-02
2.199943810701370239e-01
-1.142750773578882217e-02
-8.651945245219394565e-05
3.882069513201713562e-02
1.833748817443847656e-02
1.362266577780246735e-02
-8.406301960349082947e-03
6.764037907123565674e-02
1.725151985883712769e-01
8.195552229881286621e-02
-3.606960177421569824e-02
8.662000298500061035e-02
-6.033349782228469849e-02
7.505882531404495239e-02
-9.957793168723583221e-03
1.893446594476699829e-02
7.804904878139495850e-02
-4.198199138045310974e-02
1.895830184221267700e-01
3.143907338380813599e-02
-2.314944565296173096e-02
4.808470979332923889e-02
-8.856334537267684937e-02
9.587167203426361084e-02
1.003745719790458679e-01
-1.730831414461135864e-01
6.684051454067230225e-02
-3.741048276424407959e-02
-1.198061183094978333e-01
-3.927618265151977539e-03
1.526145190000534058e-01
-8.297357708215713501e-02
-7.862452417612075806e-02
-3.003476420417428017e-03
-2.498295344412326813e-02
1.252613868564367294e-02
-1.719704568386077881e-01
-5.918037518858909607e-02
1.409903019666671753e-01
8.542568422853946686e-03
-2.784578315913677216e-02
1.432156562805175781e-01
-1.087155267596244812e-01
-1.062063202261924744e-01
-1.379484087228775024e-01
-4.189191386103630066e-02
1.410003602504730225e-01
3.516227379441261292e-02
-6.073481217026710510e-02
3.968368098139762878e-02
1.134879514575004578e-01
1.102050766348838806e-01
-7.857833057641983032e-03
1.244393661618232727e-01
7.118309289216995239e-02
5.942763760685920715e-02
-2.159460447728633881e-02
1.894204062409698963e-03
-1.346110552549362183e-01
-7.200365513563156128e-02
7.970584928989410400e-02
4.047653346788138151e-04
2.015877217054367065e-01
2.623936906456947327e-02
-6.126829981803894043e-02
-2.390794456005096436e-02
-1.848182231187820435e-01
-1.882009766995906830e-02
6.038317829370498657e-02
1.295854803174734116e-02
5.734058842062950134e-02
-1.962824724614620209e-02
-6.941951811313629150e-02
9.706369787454605103e-02
5.398410186171531677e-02
4.184356331825256348e-02
-4.858471825718879700e-02
1.699172705411911011e-02
