-8.392560482025146484e-02
4.768136143684387207e-02
-6.298100948333740234e-02
1.231396496295928955e-01
-8.591103553771972656e-02
-1.507925242185592651e-02
-9.114743024110794067e-02
-5.934740975499153137e-02
-1.777033060789108276e-01
5.493514239788055420e-02
-8.429498225450515747e-02
-8.207713812589645386e-02
-5.562542378902435303e-02
-1.145864874124526978e-01
-6.878808885812759399e-02
-2.142705395817756653e-02
-4.569710418581962585e-02
-7.670240849256515503e-02
1.409797929227352142e-02
1.232672259211540222e-01
-4.825391620397567749e-02
1.570829451084136963e-01
-3.942178189754486084e-02
3.403464332222938538e-02
-1.872237175703048706e-01
1.657403260469436646e-01
2.217388153076171875e-02
-2.952978014945983887e-02
-8.040370303206145763e-04
-4.987333714962005615e-02
1.363456994295120239e-01
6.623051315546035767e-02
-2.375819534063339233e-02
-3.059212304651737213e-02
-5.936580523848533630e-02
1.611512899398803711e-01
-3.987975046038627625e-02
4.664010182023048401e-02
-1.562884747982025146e-01
7.953871041536331177e-02
-6.348623428493738174e-03
8.678074181079864502e-02
-7.696741819381713867e-02
1.031167730689048767e-01
-9.779598563909530640e-02
-1.086671557277441025e-02
6.234834343194961548e-02
-2.336242236196994781e-02
-3.955415263772010803e-02
1.601570993661880493e-01
1.396050602197647095e-01
5.990741029381752014e-02
-9.596725553274154663e-02
1.418903935700654984e-02
1.332358736544847488e-02
7.578343152999877930e-02
-1.152160950005054474e-02
6.194184534251689911e-03
-1.011188328266143799e-02
-1.903173327445983887e-02
-8.545856922864913940e-02
5.088586360216140747e-02
-1.933985501527786255e-01
1.901492848992347717e-02
-5.495977029204368591e-02
1.456620451062917709e-02
-5.018234997987747192e-02
9.265923500061035156e-02
9.044495224952697754e-02
-6.493004504591226578e-03
1.108822226524353027e-01
5.761479586362838745e-02
-1.072422936558723450e-01
2.265085838735103607e-02
4.345051012933254242e-03
-9.369008243083953857e-02
-2.444247901439666748e-02
-5.674961581826210022e-02
1.285795122385025024e-02
-1.261707842350006104e-01
8.320553600788116455e-02
-2.001515328884124756e-01
-7.501347362995147705e-02
-2.106178253889083862e-01
5.923401936888694763e-02
5.154703930020332336e-02
1.165837794542312622e-01
-4.205558821558952332e-02
9.726157784461975098e-02
9.537091106176376343e-02
-3.875415399670600891e-02
9.448666125535964966e-02
8.121240884065628052e-03
-1.464643627405166626e-01
-7.934317924082279205e-03
-1.351382583379745483e-01
5.036432668566703796e-02
-4.194245114922523499e-02
1.177214384078979492e-01
3.143097972497344017e-03
-1.204936765134334564e-02
8.330699056386947632e-02
-7.278429716825485229e-02
1.180606484413146973e-01
-3.969039767980575562e-02
4.473530128598213196e-02
9.997722692787647247e-03
4.285962507128715515e-02
-2.043965607881546021e-01
-3.680805861949920654e-02
2.103085629642009735e-02
4.319785628467798233e-03
1.623727530241012573e-01
-7.084506005048751831e-02
-1.039959490299224854e-03
8.760071545839309692e-02
-1.374177187681198120e-01
8.599138259887695312e-02
1.250389218330383301e-01
-1.044310927391052246e-01
-4.164675623178482056e-02
6.125867366790771484e-02
-4.280195385217666626e-02
6.863002479076385498e-02
-1.261395812034606934e-01
1.678643226623535156e-01
6.156002357602119446e-02
1.027895882725715637e-01
