3.963607177138328552e-02
2.000620402395725250e-02
-2.511128038167953491e-02
8.603709191083908081e-02
-8.920436352491378784e-02
6.515347212553024292e-02
1.895362278446555138e-03
-2.517199143767356873e-02
-1.641924977302551270e-01
1.405876874923706055e-01
1.080861315131187439e-02
-7.974795252084732056e-02
-8.496057987213134766e-02
-1.392499506473541260e-01
6.847862154245376587e-02
9.182075411081314087e-02
7.008597999811172485e-02
-6.372688710689544678e-02
5.942285992205142975e-03
-4.094316810369491577e-02
-8.417395502328872681e-02
1.212996244430541992e-02
3.568550944328308105e-02
3.810685127973556519e-02
-9.624136239290237427e-02
8.712145686149597168e-02
-9.792703203856945038e-03
3.594026714563369751e-02
1.309757232666015625e-01
-1.003665477037429810e-01
2.344696074724197388e-01
1.819682680070400238e-02
-2.814958430826663971e-02
-1.353979576379060745e-02
5.621005548164248466e-04
1.158791482448577881e-01
-7.287575304508209229e-02
-5.941909737884998322e-03
-5.879726633429527283e-02
2.247921973466873169e-01
4.676607623696327209e-02
7.389521598815917969e-02
-4.720328748226165771e-02
2.850188501179218292e-02
7.728268392384052277e-04
5.133304372429847717e-02
-5.758125334978103638e-03
-6.662917882204055786e-02
7.365575432777404785e-02
7.135217636823654175e-02
1.191293671727180481e-01
-4.851546138525009155e-02
-1.249062046408653259e-01
-9.364726953208446503e-03
1.525796055793762207e-01
7.825185358524322510e-02
4.821417480707168579e-02
-4.070672206580638885e-03
-5.477600544691085815e-02
-8.367679268121719360e-02
4.460730776190757751e-02
3.743197023868560791e-02
-3.303192555904388428e-02
5.121854692697525024e-02
-5.249485373497009277e-02
5.630702245980501175e-03
1.816030405461788177e-02
3.314374387264251709e-02
7.007346488535404205e-03
3.278871253132820129e-02
2.021375447511672974e-01
5.370147898793220520e-02
-9.510168433189392090e-02
-7.756986469030380249e-02
8.508214354515075684e-02
-1.326955854892730713e-01
2.142273634672164917e-02
7.793568819761276245e-02
-3.184288367629051208e-02
-5.845516547560691833e-02
1.233768016099929810e-01
-2.054488658905029297e-01
6.856132298707962036e-03
-8.577837049961090088e-02
1.550564914941787720e-01
5.888513475656509399e-02
3.513949457556009293e-03
-1.374036967754364014e-01
-7.476032245904207230e-03
9.730143100023269653e-02
-1.162178367376327515e-01
6.790249049663543701e-02
3.999708965420722961e-02
-1.831034421920776367e-01
-5.678639560937881470e-02
-2.750894799828529358e-02
-4.101963713765144348e-02
-6.606436800211668015e-03
5.366807058453559875e-02
-9.170655161142349243e-02
3.094274736940860748e-02
-1.351288855075836182e-01
5.166586488485336304e-02
1.209848821163177490e-01
1.087074354290962219e-01
8.076012879610061646e-02
1.283309459686279297e-01
-5.413775891065597534e-02
-2.313945740461349487e-01
-1.509657409042119980e-02
2.179908193647861481e-02
-5.848947167396545410e-02
1.703159809112548828e-01
1.986858621239662170e-02
-1.681299880146980286e-02
-2.176069095730781555e-02
-6.465996056795120239e-02
5.134725570678710938e-02
1.581684350967407227e-01
-6.687799841165542603e-02
2.462967671453952789e-02
-5.897715315222740173e-02
-1.467303484678268433e-01
1.212333217263221741e-01
-1.479516327381134033e-01
1.434529721736907959e-01
-6.410536170005798340e-02
-5.850569158792495728e-02
