-7.537137717008590698e-02
-1.756544113159179688e-01
-1.019671633839607239e-01
6.869038194417953491e-02
4.082470200955867767e-03
1.459670485928654671e-03
-1.434906721115112305e-01
-6.391447782516479492e-02
-1.621348708868026733e-01
-6.250508874654769897e-02
-4.034567158669233322e-03
-2.130733244121074677e-02
-2.266221307218074799e-02
-7.586833089590072632e-02
1.687050014734268188e-01
9.926480054855346680e-02
-4.446801915764808655e-02
-8.643562346696853638e-02
7.197237014770507812e-02
-1.128642931580543518e-01
-1.092034503817558289e-01
1.291681528091430664e-01
7.270303368568420410e-02
-8.933900971896946430e-04
-6.456167995929718018e-02
1.298324167728424072e-01
1.091238483786582947e-01
-1.050267517566680908e-01
-1.174330804497003555e-02
-5.455995723605155945e-02
1.260319799184799194e-01
-9.697425365447998047e-02
7.350552082061767578e-02
-1.344416290521621704e-01
-6.082634255290031433e-02
-8.125524967908859253e-02
3.269540518522262573e-02
5.312600731849670410e-02
9.332517534494400024e-02
6.386668235063552856e-02
-1.109855175018310547e-01
-5.561231821775436401e-02
-7.255832105875015259e-02
2.166171371936798096e-01
-2.729355730116367340e-02
9.267799556255340576e-03
-2.888928912580013275e-02
6.939932703971862793e-03
5.927174538373947144e-02
-1.687656156718730927e-02
1.909864395856857300e-01
1.009782659821212292e-03
1.681201346218585968e-02
7.802625000476837158e-02
2.861528657376766205e-02
8.159471675753593445e-03
-5.043223500251770020e-03
8.659746497869491577e-02
1.485229730606079102e-01
1.009674221277236938e-01
2.892960608005523682e-02
8.647132664918899536e-02
-5.854662880301475525e-02
9.080732613801956177e-02
-7.674389518797397614e-03
6.582665443420410156e-02
7.165243476629257202e-02
-6.443443894386291504e-02
1.608831733465194702e-01
-1.914858259260654449e-02
-3.446370363235473633e-02
-1.109673455357551575e-02
-1.347315907478332520e-01
2.971574850380420685e-02
1.895700842142105103e-01
-1.711226701736450195e-01
1.293541491031646729e-02
7.535950746387243271e-03
-8.795046061277389526e-02
2.192873694002628326e-02
1.908029615879058838e-01
-5.932933092117309570e-02
-1.132404804229736328e-01
3.441565111279487610e-02
2.414720132946968079e-03
7.705613225698471069e-02
-1.192525923252105713e-01
8.731774054467678070e-03
1.277132928371429443e-01
-8.880309015512466431e-02
2.282006666064262390e-02
3.754967078566551208e-02
-3.721668198704719543e-02
-8.494378626346588135e-02
-1.228519752621650696e-01
-1.519331485033035278e-01
1.502683013677597046e-01
2.901982143521308899e-02
-5.302932485938072205e-02
-1.938184536993503571e-02
6.188087165355682373e-02
5.092559382319450378e-02
-4.993735253810882568e-02
8.820757269859313965e-02
1.107394695281982422e-01
1.187325343489646912e-01
-6.019214540719985962e-02
-3.463586792349815369e-02
-1.573950797319412231e-01
2.436609566211700439e-02
9.234793484210968018e-02
4.214411601424217224e-02
8.531751483678817749e-02
8.866173448041081429e-04
-1.753227561712265015e-01
1.587426476180553436e-02
-1.322953850030899048e-01
-9.394737333059310913e-02
3.652402758598327637e-02
8.096974343061447144e-02
5.409644544124603271e-02
-5.389450117945671082e-02
-7.877890765666961670e-02
7.111401855945587158e-02
-4.798095673322677612e-03
1.624201238155364990e-02
-8.070994913578033447e-02
1.223339140415191650e-02
