-2.527502737939357758e-02
-1.647584587335586548e-01
-5.355849117040634155e-02
1.306267678737640381e-01
-9.237461537122726440e-02
4.356346279382705688e-02
-2.322914823889732361e-02
-7.594668120145797729e-02
-5.734250321984291077e-02
2.668957412242889404e-02
8.284806460142135620e-02
-8.038071542978286743e-02
-1.320021450519561768e-01
1.129170600324869156e-02
1.238156631588935852e-01
-5.776154622435569763e-02
-3.042625077068805695e-02
3.433277830481529236e-02
-6.683900137431919575e-04
3.078695386648178101e-02
-1.416069120168685913e-01
2.278836369514465332e-01
-6.505349650979042053e-03
-5.246627330780029297e-02
-1.272451505064964294e-02
7.218172401189804077e-02
1.009612232446670532e-01
-7.484238594770431519e-02
3.018465638160705566e-02
1.923099905252456665e-02
1.246156692504882812e-01
1.146459653973579407e-01
-1.038534683175384998e-03
-8.297695964574813843e-02
-1.272166371345520020e-01
-3.405916038900613785e-03
-1.262237280607223511e-01
8.885312080383300781e-02
-4.224738851189613342e-02
1.417297869920730591e-01
-9.017322212457656860e-02
-1.363990157842636108e-01
-2.643172442913055420e-02
8.318898081779479980e-02
-7.742553204298019409e-02
-1.349649131298065186e-01
-8.636956661939620972e-02
2.521345391869544983e-02
8.535559475421905518e-02
-3.126226738095283508e-02
8.298985660076141357e-02
-5.718564242124557495e-02
7.617638260126113892e-02
1.863713935017585754e-02
8.504682034254074097e-02
2.700565941631793976e-02
1.238705515861511230e-01
1.363665163516998291e-01
8.947237581014633179e-02
3.897573426365852356e-02
-1.679200083017349243e-01
1.583959758281707764e-01
-9.308106452226638794e-02
2.972912974655628204e-02
1.138207167387008667e-01
6.712114065885543823e-02
-7.217068225145339966e-02
-1.110030636191368103e-01
2.350032329559326172e-01
1.026487722992897034e-01
6.084227189421653748e-02
5.710917338728904724e-02
-1.244325097650289536e-02
7.470934092998504639e-02
2.963261120021343231e-02
-9.546517580747604370e-02
6.837625056505203247e-02
-2.346518263220787048e-02
8.934901095926761627e-03
-1.397867947816848755e-01
1.322586983442306519e-01
-1.291873604059219360e-01
-1.193251460790634155e-02
3.911202307790517807e-03
6.043307948857545853e-03
-4.256988316774368286e-02
-1.024617627263069153e-01
-7.681771367788314819e-02
3.875649347901344299e-02
1.234374102205038071e-02
-1.047905981540679932e-01
7.143033295869827271e-02
-2.076441645622253418e-01
-9.013757854700088501e-02
-1.098083108663558960e-01
-7.032076269388198853e-02
2.824370749294757843e-02
8.561112731695175171e-02
-1.042902818880975246e-03
4.249760881066322327e-02
1.090312469750642776e-02
4.968100041151046753e-02
-8.161857724189758301e-02
5.475264787673950195e-02
4.444108903408050537e-02
5.898763239383697510e-02
-6.804738193750381470e-02
-1.377361863851547241e-01
-2.021878510713577271e-01
-1.063192114233970642e-01
1.023482717573642731e-02
-7.238750904798507690e-02
2.419847995042800903e-02
9.529795497655868530e-03
-2.817620709538459778e-02
1.440541539341211319e-02
1.835764013230800629e-02
-5.262497067451477051e-02
-1.726280525326728821e-02
5.392462387681007385e-02
6.897687911987304688e-02
1.354719549417495728e-01
-3.721721097826957703e-02
2.657561004161834717e-02
-9.626840800046920776e-02
1.213283166289329529e-01
-1.141906604170799255e-01
-1.137170419096946716e-01
