-4.630088061094284058e-02
-3.941373527050018311e-02
-1.212181523442268372e-01
8.300386369228363037e-02
-7.715597003698348999e-02
1.733731031417846680e-01
-4.410506039857864380e-02
-3.194813057780265808e-02
-2.105050534009933472e-01
1.195607781410217285e-01
2.929192967712879181e-02
-1.040278524160385132e-01
-5.540058761835098267e-02
-7.955914735794067383e-02
2.650701813399791718e-02
6.911677122116088867e-02
-2.683067880570888519e-02
-8.608317375183105469e-02
2.027859166264533997e-02
3.529934585094451904e-02
-8.628503233194351196e-02
1.335739344358444214e-01
9.692838042974472046e-02
-5.377457663416862488e-02
-1.466663777828216553e-01
8.110108226537704468e-02
5.139551684260368347e-02
-5.225969851016998291e-02
1.097169294953346252e-01
5.253611132502555847e-02
1.182834580540657043e-01
-4.863893147557973862e-03
5.745667964220046997e-03
4.539721459150314331e-02
2.986715175211429596e-02
-1.524034235626459122e-02
-1.352099794894456863e-02
5.612326413393020630e-02
-1.689246594905853271e-01
1.462239325046539307e-01
-1.034536957740783691e-01
-4.023551195859909058e-02
-4.468490555882453918e-02
1.174059137701988220e-01
-8.338914811611175537e-02
-1.177384331822395325e-01
1.440386753529310226e-02
-1.396265327930450439e-01
9.417983144521713257e-02
-2.894273772835731506e-02
1.110109090805053711e-01
-4.813779890537261963e-02
-1.819750107824802399e-02
-1.151887327432632446e-01
1.918804049491882324e-01
1.530791223049163818e-01
7.448802143335342407e-02
2.041710764169692993e-01
2.612073160707950592e-02
4.484185576438903809e-02
4.574233293533325195e-02
9.991847723722457886e-02
-1.077403035014867783e-02
2.337964810431003571e-02
-2.631360292434692383e-02
5.944298580288887024e-02
2.366076223552227020e-02
9.045714884996414185e-02
9.651463478803634644e-03
-1.061496417969465256e-02
1.583686769008636475e-01
-4.169030487537384033e-02
-1.197646856307983398e-01
-3.244838118553161621e-02
4.747786000370979309e-02
-1.050843521952629089e-01
6.550942361354827881e-02
-1.821059547364711761e-02
2.995298989117145538e-02
-7.952579855918884277e-02
7.278319448232650757e-02
-2.167870402336120605e-01
-5.517842620611190796e-02
-4.154794290661811829e-02
-1.545054931193590164e-02
-1.951431296765804291e-02
-4.230060800909996033e-02
-2.066294476389884949e-02
7.320652157068252563e-02
1.330184638500213623e-01
-1.383138000965118408e-01
1.089266985654830933e-01
7.359473966062068939e-03
-8.569380640983581543e-02
-4.236562177538871765e-02
-1.630686074495315552e-01
3.492071060463786125e-03
7.050076127052307129e-02
7.755316793918609619e-02
7.674151659011840820e-02
8.849240839481353760e-02
-1.132984459400177002e-02
-4.970306903123855591e-02
1.357958018779754639e-01
5.972993746399879456e-02
1.140966638922691345e-01
-5.937835085205733776e-04
-2.864590846002101898e-02
-2.168587297201156616e-01
1.936788670718669891e-02
-1.864257827401161194e-02
-2.553855441510677338e-02
1.685069352388381958e-01
1.817921921610832214e-02
-1.136906892061233521e-01
-2.187363617122173309e-02
-8.725595474243164062e-02
-7.395942509174346924e-02
-9.928459301590919495e-03
4.277836903929710388e-02
2.142878808081150055e-02
7.215104252099990845e-02
-1.615450531244277954e-01
7.282087206840515137e-02
-1.033373773097991943e-01
3.024060465395450592e-02
-7.822374999523162842e-02
3.519852831959724426e-02
