-7.889097929000854492e-02
-6.333700567483901978e-02
-1.973201930522918701e-01
1.685044318437576294e-01
6.275612115859985352e-02
9.920673072338104248e-02
-1.042503863573074341e-01
-9.480885416269302368e-02
-5.514681339263916016e-02
9.478720277547836304e-02
1.261384226381778717e-02
-1.286846399307250977e-01
-1.238405033946037292e-01
-1.178757101297378540e-01
-6.747415661811828613e-02
4.960202798247337341e-02
-1.091201975941658020e-01
-8.913403749465942383e-02
9.440913051366806030e-02
6.209864467382431030e-02
-6.097570806741714478e-02
9.624796360731124878e-02
-7.075048238039016724e-02
-3.973872214555740356e-02
-1.385859400033950806e-01
7.258695363998413086e-02
7.763618975877761841e-02
-1.361075937747955322e-01
-6.924462318420410156e-02
-2.383323758840560913e-02
1.294390112161636353e-01
3.458739724010229111e-03
-9.007049351930618286e-02
-3.385823965072631836e-02
-3.032634779810905457e-02
9.032153338193893433e-02
-5.498143658041954041e-02
1.471740901470184326e-01
-1.562182158231735229e-01
2.997715584933757782e-02
-5.680893734097480774e-02
2.147444523870944977e-02
6.324572023004293442e-04
1.068726480007171631e-01
-7.912339270114898682e-02
-1.940060779452323914e-02
-4.330132529139518738e-02
-9.288568794727325439e-02
-7.132944464683532715e-02
2.505947090685367584e-02
1.066261008381843567e-01
-8.237977162934839725e-04
-3.042523004114627838e-02
-4.337884113192558289e-02
2.889236249029636383e-02
1.849029362201690674e-01
1.046335101127624512e-01
1.028866246342658997e-01
3.630297258496284485e-02
-2.685453183948993683e-02
-4.182896763086318970e-02
1.180664300918579102e-01
-1.099180802702903748e-01
-8.588092401623725891e-03
-1.461283490061759949e-02
5.556057021021842957e-02
4.523491859436035156e-02
1.133254319429397583e-01
1.696817129850387573e-01
2.789640799164772034e-02
1.344006061553955078e-01
-9.141750633716583252e-03
-1.510212421417236328e-01
5.036006495356559753e-02
4.944812133908271790e-02
-7.644155621528625488e-02
3.212494775652885437e-02
-8.183290064334869385e-02
3.142946958541870117e-02
3.098558867350220680e-03
7.546293735504150391e-02
-2.018475830554962158e-01
-1.836038939654827118e-02
-2.576010115444660187e-02
2.006623707711696625e-02
2.452587522566318512e-02
-4.649884626269340515e-02
-1.304415911436080933e-01
1.154284551739692688e-01
5.375855788588523865e-02
-8.313496597111225128e-03
3.405829519033432007e-02
3.759167715907096863e-02
-1.050658747553825378e-01
1.502561010420322418e-02
-1.021271124482154846e-01
3.855149075388908386e-02
-1.082523958757519722e-03
8.885951340198516846e-02
1.087785884737968445e-01
9.776178747415542603e-02
1.029987037181854248e-01
-8.647195994853973389e-02
1.057212352752685547e-01
6.808453798294067383e-02
8.858592808246612549e-02
-7.720285654067993164e-02
7.548037171363830566e-02
-2.347893714904785156e-01
5.785509943962097168e-02
-3.921407088637351990e-02
4.430061206221580505e-02
1.360674947500228882e-01
-6.094256788492202759e-02
-9.423866122961044312e-02
1.211956962943077087e-01
-1.058688834309577942e-01
2.182284928858280182e-02
-2.965689636766910553e-02
-6.009913980960845947e-02
-4.715014994144439697e-02
2.833656035363674164e-02
-2.290020696818828583e-02
1.072472110390663147e-01
-2.190111577510833740e-01
4.034285247325897217e-02
-1.438152603805065155e-02
6.438935548067092896e-02
