-2.262706868350505829e-02
-3.455718979239463806e-02
-2.966898865997791290e-02
1.271774470806121826e-01
-3.476607799530029297e-02
7.194187492132186890e-02
2.391166985034942627e-03
-1.423343420028686523e-01
-1.276361197233200073e-01
1.148111536167562008e-03
-1.666538715362548828e-01
-2.133825980126857758e-02
-1.176894456148147583e-01
-1.677950471639633179e-02
1.081488793715834618e-03
-4.732265695929527283e-02
5.179820209741592407e-02
1.182619929313659668e-01
8.336483687162399292e-02
-7.119377702474594116e-02
-3.813970601186156273e-03
5.275574326515197754e-02
7.762125879526138306e-02
1.685245148837566376e-02
-1.242627575993537903e-01
-5.380641203373670578e-03
-9.426829218864440918e-02
2.924671955406665802e-02
1.180773004889488220e-01
8.526369184255599976e-02
1.077341064810752869e-01
7.848469167947769165e-02
9.826055169105529785e-02
1.989222504198551178e-02
-1.025439947843551636e-01
9.536363184452056885e-02
-1.089337840676307678e-01
-8.692786097526550293e-02
-7.094021886587142944e-02
2.099766731262207031e-01
-1.083847284317016602e-01
-2.375621907413005829e-02
-7.415451109409332275e-02
2.401307411491870880e-02
6.942181289196014404e-02
-6.447809189558029175e-02
9.939529001712799072e-02
-5.290710180997848511e-02
-8.635935373604297638e-03
1.128746271133422852e-01
1.295665055513381958e-01
2.088069729506969452e-02
-5.140138790011405945e-03
7.743981480598449707e-02
9.980001300573348999e-02
1.148434355854988098e-02
1.022381708025932312e-01
4.571953415870666504e-02
4.378182440996170044e-02
2.093386603519320488e-03
-8.604924380779266357e-02
6.717171519994735718e-02
1.767271384596824646e-02
-3.486359491944313049e-02
1.035565063357353210e-01
1.332282125949859619e-01
-7.433015853166580200e-02
-2.748097665607929230e-02
1.122189909219741821e-01
8.675508946180343628e-02
7.881809026002883911e-02
1.873500943183898926e-01
-1.158637255430221558e-01
7.897866517305374146e-02
4.767913371324539185e-02
3.231772780418395996e-02
-3.424321115016937256e-02
-2.587628923356533051e-02
5.655776709318161011e-03
-2.506965398788452148e-01
1.546365022659301758e-01
-1.782421767711639404e-01
-1.701522171497344971e-01
-4.790471121668815613e-02
8.611100912094116211e-02
7.653632014989852905e-02
-8.515623956918716431e-02
-7.138913869857788086e-02
1.359195858240127563e-01
2.527899853885173798e-02
-1.770732104778289795e-01
4.478871077299118042e-02
-6.636319309473037720e-02
-6.207978352904319763e-02
-5.960542336106300354e-02
-1.051644682884216309e-01
-6.081239506602287292e-02
-5.162210762500762939e-02
3.270924836397171021e-02
-8.354673534631729126e-02
-7.464431971311569214e-02
4.630571976304054260e-02
9.366544894874095917e-03
7.317034155130386353e-02
-1.625466905534267426e-02
-9.663373976945877075e-02
-2.530963532626628876e-02
-1.768951117992401123e-01
-1.212856322526931763e-01
-9.822372347116470337e-02
-8.851752430200576782e-02
-1.153956726193428040e-02
4.799743741750717163e-02
7.368448376655578613e-02
-4.075568541884422302e-02
-3.750422224402427673e-02
2.430913224816322327e-02
-3.398544713854789734e-02
-1.047813743352890015e-01
-4.093064740300178528e-02
1.154354438185691833e-01
1.784446388483047485e-01
5.056953430175781250e-02
-3.655207902193069458e-02
-1.463401019573211670e-01
6.984254717826843262e-02
-7.179764658212661743e-02
-2.178562246263027191e-02
