-3.537542745471000671e-02
-4.209183156490325928e-03
-1.275566518306732178e-01
1.423372477293014526e-01
-4.088855907320976257e-02
5.583944544196128845e-02
-6.346427649259567261e-02
-1.577199399471282959e-01
-1.835496127605438232e-01
6.836019456386566162e-02
-6.184351071715354919e-02
-3.894177824258804321e-02
-2.806670404970645905e-02
-9.119495004415512085e-02
9.987775236368179321e-03
9.939996153116226196e-02
1.557893306016921997e-01
-9.898465126752853394e-02
5.613127350807189941e-02
-3.094367869198322296e-02
-2.234810218214988708e-02
1.313580870628356934e-01
3.551841154694557190e-02
2.745548821985721588e-02
-1.871724724769592285e-01
1.815967410802841187e-01
3.264369815587997437e-02
-7.053498923778533936e-02
3.432459011673927307e-02
-2.450398728251457214e-02
4.966326057910919189e-02
6.563976407051086426e-02
-1.217743009328842163e-02
-8.472092449665069580e-03
-8.025978505611419678e-02
1.696254871785640717e-02
3.378926217555999756e-02
3.630922362208366394e-02
-5.358234792947769165e-02
1.309484243392944336e-01
-8.548132330179214478e-02
1.618063263595104218e-02
-9.191846847534179688e-02
1.926724910736083984e-01
6.886105518788099289e-03
7.389920949935913086e-02
8.765641599893569946e-02
-3.877687081694602966e-02
4.598047584295272827e-03
3.786426410079002380e-02
1.526656299829483032e-01
1.953946240246295929e-02
-1.468906104564666748e-01
3.641937300562858582e-02
2.258600853383541107e-02
5.876212194561958313e-02
1.261456012725830078e-01
-2.163048647344112396e-02
3.326625004410743713e-02
-2.800317481160163879e-02
-1.880826614797115326e-02
8.507148176431655884e-02
-3.581803292036056519e-02
-1.062642037868499756e-02
4.611520841717720032e-02
9.263478964567184448e-02
1.428034994751214981e-02
-1.593440584838390350e-02
1.558708995580673218e-01
-4.563798010349273682e-02
2.256023585796356201e-01
4.989254102110862732e-02
-1.380728930234909058e-01
-5.983110982924699783e-03
9.133582562208175659e-02
-1.153261736035346985e-01
-6.595434248447418213e-02
-1.144908517599105835e-01
9.025233797729015350e-03
-1.520346999168395996e-01
1.304389089345932007e-01
-2.176522761583328247e-01
-9.585751593112945557e-02
-1.681492775678634644e-01
9.499766677618026733e-02
1.719952821731567383e-01
1.736226608045399189e-03
5.491978302597999573e-02
1.007917821407318115e-01
2.467860840260982513e-02
-3.496763482689857483e-02
1.117703225463628769e-02
1.587656699120998383e-02
-1.335905939340591431e-01
-4.271965846419334412e-02
6.365458667278289795e-02
2.322810702025890350e-02
-3.159347176551818848e-02
1.241443008184432983e-01
-4.871335998177528381e-02
-5.772831849753856659e-03
1.164604071527719498e-02
-2.583189867436885834e-03
1.846434921026229858e-01
-3.617119044065475464e-02
3.206206113100051880e-02
1.892405189573764801e-02
-1.900240592658519745e-02
-2.711826860904693604e-01
4.279180988669395447e-02
-1.058448757976293564e-02
1.064766943454742432e-02
1.036484763026237488e-01
2.077192254364490509e-02
-5.078560858964920044e-02
-2.489942684769630432e-02
4.476015642285346985e-02
3.514790162444114685e-02
1.037810929119586945e-02
-2.502629766240715981e-03
7.014371454715728760e-02
6.451338995248079300e-04
-2.523496374487876892e-02
3.044903278350830078e-02
-1.737115830183029175e-01
9.199888259172439575e-02
-2.227441035211086273e-02
3.392189741134643555e-02
