4.550318419933319092e-02
-7.567637413740158081e-02
-6.570738554000854492e-02
1.700733006000518799e-01
-4.740344360470771790e-02
1.239347606897354126e-01
-2.854790911078453064e-02
-1.855263859033584595e-01
2.074576914310455322e-02
-2.348250150680541992e-02
2.312234602868556976e-02
-7.415519654750823975e-02
-1.848304062150418758e-03
1.590807177126407623e-02
1.462781988084316254e-02
-4.530507698655128479e-02
1.459069550037384033e-02
6.649690866470336914e-02
6.919167935848236084e-02
-6.545002758502960205e-02
-3.819780051708221436e-02
1.950982511043548584e-01
1.900988630950450897e-02
-1.387450844049453735e-01
1.872352138161659241e-02
9.128233790397644043e-02
8.502136915922164917e-02
-1.182112284004688263e-02
-4.342678003013134003e-03
1.036391705274581909e-01
-3.020780906081199646e-02
1.486547887325286865e-01
-2.396986121311783791e-03
-8.992672711610794067e-02
-1.656384021043777466e-01
1.742987707257270813e-02
-8.434713631868362427e-02
6.292644888162612915e-02
-1.382773090153932571e-02
1.083232164382934570e-01
-8.238640427589416504e-02
-8.815491944551467896e-02
3.478563576936721802e-02
1.822200976312160492e-02
-8.451535552740097046e-02
-1.582213491201400757e-01
-5.607906728982925415e-02
-1.384275779128074646e-02
1.126144602894783020e-01
-6.966429948806762695e-02
5.832689255475997925e-02
-8.180572092533111572e-02
7.255768403410911560e-03
4.303737357258796692e-02
1.505588740110397339e-01
7.359766215085983276e-02
1.392955929040908813e-01
2.039379999041557312e-02
1.297892630100250244e-01
-5.848460644483566284e-02
-1.562635749578475952e-01
1.322391331195831299e-01
-6.312936544418334961e-02
-1.156157329678535461e-01
1.182426661252975464e-01
6.654553860425949097e-02
-3.634614124894142151e-02
-1.218516230583190918e-01
1.982436925172805786e-01
2.571253664791584015e-02
1.614537388086318970e-01
6.536758691072463989e-02
-3.405173495411872864e-02
1.548382174223661423e-02
8.053070306777954102e-02
-6.059791520237922668e-02
6.146962940692901611e-02
-9.779527783393859863e-02
1.678468077443540096e-03
-1.616333276033401489e-01
1.102616935968399048e-01
-1.852727234363555908e-01
1.901320181787014008e-02
-3.341319411993026733e-02
3.976434096693992615e-02
-9.436767548322677612e-03
-1.144007593393325806e-01
-6.200250238180160522e-02
1.502525620162487030e-02
4.619992151856422424e-02
-1.748502105474472046e-01
1.528989803045988083e-02
-1.302552521228790283e-01
-1.598164886236190796e-01
-6.722474098205566406e-02
-1.753341592848300934e-02
3.215407207608222961e-02
4.724868386983871460e-02
-5.241862032562494278e-03
-1.270957174710929394e-03
-4.231590405106544495e-02
3.474587202072143555e-02
7.156140636652708054e-04
1.834390461444854736e-01
-2.853715233504772186e-02
5.007573217153549194e-02
-1.284638047218322754e-01
-1.101127192378044128e-01
-1.944997161626815796e-01
-9.095692634582519531e-02
2.131287939846515656e-02
-1.148642897605895996e-01
5.226976051926612854e-02
7.884894311428070068e-02
-1.157298907637596130e-01
2.190072275698184967e-02
1.773456484079360962e-02
6.739329546689987183e-02
4.742343910038471222e-03
1.959647051990032196e-02
6.402412056922912598e-02
-1.421509310603141785e-02
1.337671931833028793e-02
2.519085630774497986e-02
-8.887959271669387817e-02
1.421525329351425171e-02
-1.104870364069938660e-01
-1.355891972780227661e-01
