-4.205925390124320984e-02
7.350149750709533691e-02
-1.130680590867996216e-01
7.806491851806640625e-02
-1.129673793911933899e-02
-1.837567053735256195e-02
-3.037297539412975311e-02
-7.956288754940032959e-02
-6.555369496345520020e-02
4.449416697025299072e-02
-6.531969457864761353e-02
-9.135572612285614014e-02
-2.249448746442794800e-02
-2.721715904772281647e-02
-1.211059018969535828e-01
-1.494033038616180420e-01
-1.011814456433057785e-03
6.447218358516693115e-02
7.609574589878320694e-03
-1.972190290689468384e-02
-6.453668326139450073e-02
1.974188089370727539e-01
-1.809505671262741089e-01
-1.801324486732482910e-01
3.578906878829002380e-02
1.081922128796577454e-01
-2.667052857577800751e-02
7.815914228558540344e-03
-1.685042679309844971e-02
1.610131114721298218e-01
9.734340012073516846e-02
1.584685891866683960e-01
-1.641564187593758106e-03
-2.779650874435901642e-02
-7.040578871965408325e-02
1.209291722625494003e-02
-1.394135504961013794e-01
4.186502471566200256e-02
-1.398219466209411621e-01
1.089694499969482422e-01
-4.551807790994644165e-02
-1.175964921712875366e-01
1.589940786361694336e-01
-1.010119356215000153e-02
-1.002308726310729980e-01
2.350304462015628815e-02
-2.675785310566425323e-02
-6.401822715997695923e-02
3.848235309123992920e-02
2.686327509582042694e-02
-7.615629583597183228e-04
-2.392549766227602959e-03
-1.512625068426132202e-02
-9.483741968870162964e-02
6.379591673612594604e-02
9.195496886968612671e-02
7.295165210962295532e-02
1.155829802155494690e-01
1.482248455286026001e-01
-1.010828018188476562e-01
-1.123345922678709030e-02
1.205464079976081848e-01
-1.473192591220140457e-02
-1.047292575240135193e-01
-3.167416527867317200e-02
-3.318890184164047241e-02
-1.413374114781618118e-02
1.137695163488388062e-01
9.707359969615936279e-02
1.138633787631988525e-01
5.628892406821250916e-02
-1.134214103221893311e-01
-5.260281637310981750e-02
2.856775559484958649e-02
8.333546668291091919e-02
-8.334618806838989258e-02
7.324483990669250488e-02
-1.506351530551910400e-01
6.193382665514945984e-03
-1.313038617372512817e-01
1.328230798244476318e-01
-1.750564724206924438e-01
6.507423520088195801e-02
-2.036069035530090332e-01
3.395320847630500793e-02
8.329480141401290894e-02
-2.425948902964591980e-02
1.164294593036174774e-02
5.253286659717559814e-02
5.992330983281135559e-02
-6.085202097892761230e-02
9.470386058092117310e-02
-8.768916450208052993e-05
-1.577530801296234131e-01
3.204118087887763977e-02
-1.796179276425391436e-04
-3.223351016640663147e-02
1.259878873825073242e-01
1.164672300219535828e-01
9.990457445383071899e-02
-3.010210394859313965e-02
-7.389634102582931519e-02
-1.136565282940864563e-01
1.796766370534896851e-01
-3.648901358246803284e-02
2.977156266570091248e-02
-1.372047066688537598e-01
-2.329587750136852264e-02
-1.074176952242851257e-01
-1.493898332118988037e-01
4.157212004065513611e-02
-4.510221537202596664e-03
4.614527523517608643e-02
-1.035558506846427917e-01
-1.405360996723175049e-01
1.655325060710310936e-03
-1.712617464363574982e-02
5.293564125895500183e-02
-1.097724512219429016e-01
-1.416714629158377647e-03
-1.255402565002441406e-01
2.022640593349933624e-02
1.026240140199661255e-01
6.395667046308517456e-02
-8.125907927751541138e-02
-3.308644145727157593e-02
-7.802147418260574341e-02
2.947021508589386940e-03
