-1.282570417970418930e-02
-5.003413185477256775e-02
-1.515835225582122803e-01
5.148468073457479477e-03
6.114288046956062317e-02
-3.687628731131553650e-02
-1.205149441957473755e-01
-2.407594025135040283e-02
-3.530981950461864471e-03
6.456674635410308838e-02
9.678258560597896576e-03
-1.306000500917434692e-01
-1.201257407665252686e-01
-4.343583807349205017e-02
-3.817811980843544006e-02
3.098634630441665649e-02
-1.085675582289695740e-01
-7.056187093257904053e-02
1.522302180528640747e-01
-3.527096658945083618e-02
-1.886133402585983276e-01
1.770289540290832520e-01
-1.290678232908248901e-01
-6.571297347545623779e-02
-1.011200398206710815e-01
4.955222085118293762e-02
6.137639284133911133e-02
-1.407757550477981567e-01
-8.602218702435493469e-03
1.592493266798555851e-03
9.113487601280212402e-02
5.205873772501945496e-02
-5.313397198915481567e-02
-5.204912647604942322e-02
9.756541252136230469e-02
-2.491957694292068481e-02
-1.680172793567180634e-02
2.791168354451656342e-02
-9.952332824468612671e-02
7.886227965354919434e-02
-1.166946887969970703e-01
-4.736040160059928894e-02
7.269053161144256592e-02
1.268506646156311035e-01
-6.442512571811676025e-02
-2.285781130194664001e-02
-4.996205493807792664e-02
-1.341916471719741821e-01
-6.505736708641052246e-02
-3.401485085487365723e-02
8.803331106901168823e-02
5.704921111464500427e-02
1.080983318388462067e-02
-9.488452225923538208e-02
5.929641798138618469e-02
1.322209089994430542e-01
7.553938776254653931e-02
1.794694960117340088e-01
1.890029460191726685e-01
6.423022598028182983e-02
-3.618113696575164795e-02
1.153411939740180969e-01
-4.513185098767280579e-02
-5.326688662171363831e-02
6.640625745058059692e-02
1.244431640952825546e-02
-1.342086214572191238e-02
5.315962433815002441e-02
1.982283443212509155e-01
7.747031003236770630e-02
6.147963553667068481e-02
-9.492314606904983521e-02
-1.203468441963195801e-01
6.826298683881759644e-02
1.034979596734046936e-01
-6.041191145777702332e-02
-7.819234393537044525e-03
-7.368933409452438354e-02
8.330494910478591919e-02
4.272604733705520630e-02
1.268189847469329834e-01
-1.691822558641433716e-01
6.511736661195755005e-02
-1.181091666221618652e-01
-6.953363865613937378e-02
9.789590537548065186e-02
-7.752717286348342896e-02
-2.733421698212623596e-02
1.611112207174301147e-01
3.489444404840469360e-02
-9.026695974171161652e-03
1.576201468706130981e-01
-1.194244367070496082e-03
-1.134908199310302734e-01
5.970734357833862305e-02
-6.369436532258987427e-02
2.455452270805835724e-02
6.004830822348594666e-02
2.226714044809341431e-02
1.148694083094596863e-01
5.651405826210975647e-02
-1.259896531701087952e-02
-1.345899999141693115e-01
6.313619762659072876e-02
4.800225421786308289e-02
5.564421787858009338e-02
-8.579953759908676147e-02
4.135456681251525879e-02
-1.626528203487396240e-01
7.207340002059936523e-02
2.882893569767475128e-02
6.726219505071640015e-02
1.052704825997352600e-01
-2.618428692221641541e-02
-1.537222117185592651e-01
9.327842295169830322e-02
1.137970201671123505e-02
-7.027754932641983032e-02
-5.320688337087631226e-02
-4.258664697408676147e-02
-7.821536064147949219e-02
4.811861738562583923e-02
4.474233719520270824e-04
1.024699881672859192e-01
-1.758450716733932495e-01
3.565298765897750854e-02
-1.100305989384651184e-01
1.289411336183547974e-01
