-8.670227974653244019e-02
-3.118624538183212280e-02
-4.691025987267494202e-02
1.326455473899841309e-01
-6.159860268235206604e-02
9.588928520679473877e-02
6.486009806394577026e-02
-1.030822470784187317e-01
-5.273988470435142517e-02
5.993844568729400635e-02
6.516283005475997925e-02
-1.250173300504684448e-01
-1.059038750827312469e-02
7.534147053956985474e-02
3.682868555188179016e-02
-9.543480724096298218e-02
-1.335599087178707123e-02
7.832466065883636475e-02
4.640555707737803459e-04
-7.138775289058685303e-02
-1.017199233174324036e-01
2.258385419845581055e-01
-3.811918199062347412e-02
-1.140784025192260742e-01
2.116309851408004761e-02
2.682065404951572418e-02
-2.254653163254261017e-02
5.605240538716316223e-02
-6.262388546019792557e-03
1.393899321556091309e-01
1.021894887089729309e-01
7.719816267490386963e-02
6.690535694360733032e-02
-1.750623248517513275e-02
-3.788287565112113953e-02
5.174156650900840759e-02
-1.901434063911437988e-01
4.124547168612480164e-02
-1.125194132328033447e-01
9.328848123550415039e-02
-1.131254956126213074e-01
-1.667642146348953247e-01
6.673329323530197144e-02
3.052178770303726196e-02
-3.718094900250434875e-02
-8.572220057249069214e-02
-1.066991686820983887e-01
-4.865429177880287170e-02
1.350504457950592041e-01
1.084395963698625565e-02
1.545180100947618484e-03
-7.334685325622558594e-02
4.167220741510391235e-02
-9.114466607570648193e-02
9.599498659372329712e-02
9.167757630348205566e-02
1.292433291673660278e-01
1.425132006406784058e-01
7.387024909257888794e-02
-1.033698581159114838e-02
-1.097346991300582886e-01
2.086088508367538452e-01
-1.591902785003185272e-02
5.257173627614974976e-02
5.056063458323478699e-02
1.131387352943420410e-01
-8.354123681783676147e-02
-7.285571843385696411e-02
6.093001738190650940e-02
1.135450229048728943e-01
1.150922402739524841e-01
2.098790742456912994e-02
-1.666647614911198616e-03
5.182497203350067139e-02
5.145279318094253540e-02
-4.609785228967666626e-02
1.046179160475730896e-01
-6.692462414503097534e-02
3.602344915270805359e-02
-1.919137090444564819e-01
9.123211354017257690e-02
-1.492776274681091309e-01
-1.061181575059890747e-01
-6.720606237649917603e-02
9.533756226301193237e-02
-5.135227367281913757e-02
-2.955319173634052277e-02
2.304694056510925293e-02
9.294281154870986938e-02
5.675549432635307312e-02
-1.871517002582550049e-01
1.697816103696823120e-01
-1.328117996454238892e-01
-4.714974761009216309e-02
-1.108944788575172424e-01
-1.227367147803306580e-01
-4.517458379268646240e-03
1.233951970934867859e-01
3.635429963469505310e-02
4.832842946052551270e-02
-2.172841131687164307e-02
1.567941717803478241e-02
-9.665278345346450806e-02
6.281618773937225342e-02
-3.767506778240203857e-02
-6.404117494821548462e-02
-9.196972846984863281e-02
-5.838863924145698547e-02
-1.251022219657897949e-01
-1.411046385765075684e-01
-2.216839976608753204e-02
-1.025532856583595276e-01
3.966223448514938354e-02
-2.205397561192512512e-02
-2.609040960669517517e-02
-7.992390543222427368e-02
-5.190055072307586670e-02
-7.772889453917741776e-03
-7.502504438161849976e-02
-1.797207072377204895e-02
-3.770606592297554016e-02
1.662342399358749390e-01
4.966586455702781677e-02
-3.540887683629989624e-02
-3.107254207134246826e-02
9.335783123970031738e-02
-1.572206616401672363e-01
-3.245637938380241394e-02
