-3.586203604936599731e-02
2.861617319285869598e-02
-9.237691015005111694e-02
1.582173407077789307e-01
-4.394629038870334625e-03
9.797976911067962646e-02
-1.768883168697357178e-01
-7.177039235830307007e-02
-1.117813289165496826e-01
8.085281401872634888e-02
2.345900051295757294e-02
-6.564012914896011353e-02
-6.891272962093353271e-02
-4.103592783212661743e-02
-3.317926451563835144e-02
5.807747691869735718e-02
-5.013174191117286682e-02
-1.208691969513893127e-01
1.493405550718307495e-01
-4.197603836655616760e-02
4.091994464397430420e-02
1.709711551666259766e-01
-1.456039212644100189e-02
-1.329567730426788330e-01
-9.115312248468399048e-02
1.404332667589187622e-01
8.919347077608108521e-02
-1.263553202152252197e-01
2.480922825634479523e-02
-2.258036844432353973e-02
1.185461282730102539e-01
9.325533360242843628e-02
-6.533575057983398438e-02
-1.482179164886474609e-01
-1.107317134737968445e-01
-4.341977462172508240e-02
-1.918941922485828400e-02
6.785880029201507568e-02
-3.419388085603713989e-03
5.952456593513488770e-02
-3.046366572380065918e-02
-1.349945832043886185e-02
9.200574830174446106e-03
1.336047351360321045e-01
-2.320261299610137939e-02
-5.156569182872772217e-02
9.720760583877563477e-02
5.429486557841300964e-02
-9.005128592252731323e-02
3.872752189636230469e-02
1.638129204511642456e-01
7.206240296363830566e-02
-5.014599487185478210e-02
-7.895868271589279175e-02
-4.221134353429079056e-03
4.038383811712265015e-02
5.738074332475662231e-02
-4.199936985969543457e-02
7.388631999492645264e-02
7.612438499927520752e-02
-5.687611922621726990e-02
6.637169420719146729e-02
-4.037545621395111084e-02
-6.973440200090408325e-02
-4.620251804590225220e-02
-4.780511185526847839e-02
3.391305729746818542e-02
3.286809369456022978e-04
1.621416658163070679e-01
-1.963603869080543518e-02
1.412614136934280396e-01
-2.255971357226371765e-02
-2.077378779649734497e-01
9.357216954231262207e-02
9.550835937261581421e-02
-6.937136501073837280e-02
-1.407090723514556885e-01
-1.611977666616439819e-01
3.914670087397098541e-03
-1.287283599376678467e-01
5.529841780662536621e-02
-1.702719926834106445e-01
-8.905279636383056641e-02
-7.589942216873168945e-02
-5.759957060217857361e-02
4.855639860033988953e-02
-6.880014389753341675e-02
-7.786650210618972778e-02
-5.604219157248735428e-03
3.812006907537579536e-03
-2.134868130087852478e-02
-1.927997916936874390e-02
-1.640997380018234253e-01
-9.203460812568664551e-02
2.486161328852176666e-02
-1.996729373931884766e-01
1.053141355514526367e-01
-1.991433277726173401e-02
1.528241299092769623e-02
8.525340817868709564e-03
2.080665715038776398e-02
2.985103242099285126e-02
-1.391357332468032837e-01
1.514053195714950562e-01
1.498391926288604736e-01
1.001741886138916016e-01
-4.627377167344093323e-02
3.944966942071914673e-02
-1.670221388339996338e-01
3.661789000034332275e-02
9.546889923512935638e-03
4.157867655158042908e-02
1.418029963970184326e-01
3.021418862044811249e-02
-6.157050654292106628e-02
1.740053594112396240e-01
-6.265841424465179443e-02
-1.319167315959930420e-01
1.591614633798599243e-02
1.988153904676437378e-02
4.755510389804840088e-02
-7.146749645471572876e-03
-1.383300777524709702e-02
1.560698356479406357e-02
-1.237716674804687500e-01
-8.643351495265960693e-02
7.571256160736083984e-02
2.748884074389934540e-02
