-7.878316193819046021e-02
-9.318964928388595581e-02
-1.589367985725402832e-01
2.867174521088600159e-02
-2.405023202300071716e-02
-1.410657656379044056e-03
-8.294633030891418457e-02
-1.440913043916225433e-02
-1.398731321096420288e-01
-3.671161085367202759e-02
-5.557131767272949219e-02
6.085841916501522064e-03
-5.470947176218032837e-02
-1.694650501012802124e-01
6.713092327117919922e-02
9.105127304792404175e-02
-2.066060341894626617e-02
-7.300978899002075195e-02
5.782317370176315308e-02
-7.256245613098144531e-02
-6.106050685048103333e-02
1.368964761495590210e-01
1.664697937667369843e-02
-6.374662369489669800e-02
-1.075666844844818115e-01
1.554729938507080078e-01
9.632907062768936157e-02
-1.129572689533233643e-01
-3.412705659866333008e-02
-3.723805397748947144e-02
1.735169291496276855e-01
-6.966076046228408813e-02
3.833014518022537231e-02
-1.432773172855377197e-01
-1.850732974708080292e-02
-6.328754872083663940e-02
-1.508405525237321854e-02
7.589118182659149170e-02
3.272304311394691467e-02
8.492645807564258575e-03
-1.549318581819534302e-01
-1.644551381468772888e-02
-6.934864073991775513e-02
1.850854456424713135e-01
-1.473733130842447281e-02
1.043631136417388916e-02
5.096619017422199249e-03
2.804295625537633896e-03
1.775278151035308838e-02
-3.872003033757209778e-02
1.777113080024719238e-01
5.604341998696327209e-02
4.944450035691261292e-02
6.163559854030609131e-03
-2.366342581808567047e-02
1.573836244642734528e-02
-2.224405854940414429e-02
6.880558282136917114e-02
1.363947838544845581e-01
9.244211018085479736e-02
9.880296140909194946e-02
1.209021136164665222e-01
-2.008263207972049713e-02
4.503336548805236816e-02
-5.949651077389717102e-02
-7.620403077453374863e-03
1.099048629403114319e-01
7.881239801645278931e-02
1.640779227018356323e-01
-3.497308120131492615e-02
1.431620057701366022e-05
-2.248799055814743042e-02
-1.809245049953460693e-01
9.667163342237472534e-02
2.007752060890197754e-01
-1.679831445217132568e-01
1.731318607926368713e-02
-6.154828891158103943e-02
-1.087783947587013245e-01
-1.363973133265972137e-02
1.340494602918624878e-01
-7.338219135999679565e-02
-9.482381492853164673e-02
-4.288992285728454590e-02
-6.057677045464515686e-02
1.303254365921020508e-01
-1.230693310499191284e-01
7.939926534891128540e-02
1.435040384531021118e-01
-2.824311330914497375e-02
-3.760304534807801247e-04
6.674624979496002197e-02
-2.781392447650432587e-02
-1.585002392530441284e-01
-1.184662431478500366e-01
-1.450349837541580200e-01
1.204116865992546082e-01
1.336458418518304825e-02
-8.847524411976337433e-03
1.468882989138364792e-02
6.380715221166610718e-02
3.190565481781959534e-02
1.212672237306833267e-02
1.124515309929847717e-01
2.569032087922096252e-02
5.725156888365745544e-02
-5.985803157091140747e-02
4.870351776480674744e-02
-1.229891553521156311e-01
2.019678056240081787e-02
9.235132485628128052e-02
9.372362494468688965e-02
1.663701832294464111e-01
-8.684371598064899445e-03
-1.781173497438430786e-01
-1.175914891064167023e-02
-1.615133434534072876e-01
-3.907523304224014282e-02
5.863900482654571533e-02
8.133141696453094482e-02
2.287826314568519592e-02
-7.790844142436981201e-02
-1.077866107225418091e-01
1.135039255023002625e-01
-1.957392506301403046e-02
-3.057350032031536102e-02
1.458642724901437759e-02
6.552403420209884644e-02
