7.007323950529098511e-02
-3.124880418181419373e-02
-2.927381778135895729e-03
1.658696383237838745e-01
-1.257636398077011108e-01
8.417704701423645020e-02
5.335273221135139465e-03
-1.535106152296066284e-01
-1.532591134309768677e-01
5.481963604688644409e-02
-1.072208285331726074e-01
-1.207631230354309082e-01
-8.293790370225906372e-02
-1.744790002703666687e-02
6.488365679979324341e-02
5.567962303757667542e-02
1.021318733692169189e-01
1.087553650140762329e-01
1.060355454683303833e-01
-9.832111001014709473e-02
8.103776723146438599e-02
1.213386803865432739e-01
8.699874579906463623e-02
-3.076902031898498535e-02
-3.691114857792854309e-02
7.697182893753051758e-02
-3.405355289578437805e-02
-4.533526953309774399e-03
8.521245419979095459e-02
1.272388547658920288e-01
3.839825466275215149e-02
-1.214751601219177246e-02
3.696214407682418823e-02
2.032564952969551086e-02
-4.203946515917778015e-02
9.924265742301940918e-02
-9.941945970058441162e-02
-2.212861180305480957e-02
-9.781899303197860718e-02
2.405823022127151489e-01
-8.626309782266616821e-02
-1.779136061668395996e-02
-6.764097511768341064e-02
1.830988191068172455e-02
3.847592696547508240e-02
-7.692748308181762695e-02
6.934433430433273315e-02
-6.487850099802017212e-02
3.911598399281501770e-02
7.100048661231994629e-02
1.940211951732635498e-01
-9.099392592906951904e-02
-1.301437169313430786e-01
4.537259414792060852e-02
5.901847779750823975e-02
5.743728205561637878e-02
1.647550761699676514e-01
5.674691870808601379e-02
-5.887667834758758545e-02
-2.831617929041385651e-02
-9.003894776105880737e-02
7.966532558202743530e-02
-9.748936444520950317e-02
-3.792297793552279472e-04
6.786356121301651001e-02
3.816766664385795593e-02
-9.766591340303421021e-02
-4.616645723581314087e-02
7.204101234674453735e-02
9.313527261838316917e-04
2.275839000940322876e-01
9.066139161586761475e-02
-5.780546739697456360e-02
-6.168039143085479736e-02
8.279758505523204803e-03
-6.123556569218635559e-02
4.325399547815322876e-02
3.335543209686875343e-03
1.320526842027902603e-02
-1.382200121879577637e-01
9.020768105983734131e-02
-2.287879586219787598e-01
-1.008528694510459900e-01
8.142323233187198639e-03
1.089496761560440063e-01
1.548924390226602554e-02
-7.020158320665359497e-02
-3.581259772181510925e-02
6.628414988517761230e-02
-9.786850772798061371e-03
-1.448777168989181519e-01
1.048708036541938782e-01
-1.113358289003372192e-01
-3.982893005013465881e-02
-1.109082177281379700e-01
-8.570329099893569946e-02
-9.978954493999481201e-02
2.211718074977397919e-02
1.600045412778854370e-01
-5.672012269496917725e-02
4.841025918722152710e-03
-3.078516107052564621e-03
4.516978189349174500e-02
1.268013417720794678e-01
-2.295741811394691467e-03
-7.428504526615142822e-02
5.119525641202926636e-02
-1.672567576169967651e-01
-1.508115082979202271e-01
-3.356596827507019043e-02
-8.610383421182632446e-02
7.870428264141082764e-03
5.785379931330680847e-02
6.438566744327545166e-02
-4.578949138522148132e-02
-9.620896726846694946e-02
-5.693663842976093292e-04
6.517560034990310669e-02
-2.562008984386920929e-02
-9.032691270112991333e-02
4.411386698484420776e-02
1.285152435302734375e-01
-3.798416256904602051e-02
7.870338857173919678e-02
-1.470750123262405396e-01
4.292342439293861389e-02
-8.318367600440979004e-02
-4.308376088738441467e-02
