-3.087866061832755804e-04
-6.461714208126068115e-02
-5.594842508435249329e-02
1.413164883852005005e-01
1.498912274837493896e-02
1.448473930358886719e-01
1.850045472383499146e-02
-1.347423642873764038e-01
-4.091626778244972229e-02
8.789581246674060822e-03
-6.348244100809097290e-02
-1.409637629985809326e-01
-7.050180435180664062e-02
1.004172116518020630e-02
1.244490593671798706e-02
-8.120910078287124634e-02
6.781005114316940308e-02
4.099361598491668701e-02
1.148136928677558899e-01
-1.387461423873901367e-01
3.127684071660041809e-02
1.338638961315155029e-01
6.416310369968414307e-02
-9.457748383283615112e-02
2.727048005908727646e-03
7.006285339593887329e-02
-2.569726668298244476e-02
3.978191688656806946e-02
2.650800719857215881e-02
1.831359714269638062e-01
-6.197602022439241409e-03
7.803628593683242798e-02
7.324520498514175415e-02
7.107273675501346588e-03
-1.121048182249069214e-01
7.626505941152572632e-02
-1.430467665195465088e-01
-3.030470758676528931e-02
-1.405470967292785645e-01
1.212187334895133972e-01
-4.531839862465858459e-02
-9.802240133285522461e-02
6.022059917449951172e-02
-3.186224773526191711e-02
2.756642177700996399e-03
-2.583179436624050140e-02
-4.375682771205902100e-02
-5.666822567582130432e-02
7.258482277393341064e-02
8.982468396425247192e-03
4.677418991923332214e-02
2.595667541027069092e-02
-7.095620781183242798e-02
5.482804402709007263e-02
2.183895260095596313e-01
8.978422731161117554e-02
1.125976890325546265e-01
6.331982463598251343e-02
3.824536502361297607e-02
-6.986114382743835449e-02
-7.698722928762435913e-02
2.068135440349578857e-01
4.906738176941871643e-02
-7.393139600753784180e-02
7.979032397270202637e-02
1.301716566085815430e-01
-4.633967950940132141e-02
3.939532616641372442e-04
1.160381138324737549e-01
9.292558580636978149e-02
1.633329242467880249e-01
7.851482927799224854e-02
-7.622384279966354370e-02
-2.704516984522342682e-02
7.027536630630493164e-02
-7.611263543367385864e-03
1.955023780465126038e-02
-1.247294992208480835e-01
-9.714229963719844818e-03
-1.317391991615295410e-01
9.759047627449035645e-02
-2.172996252775192261e-01
-7.991869002580642700e-02
-1.188391000032424927e-01
9.002424031496047974e-02
4.871270805597305298e-02
-3.738983720541000366e-02
6.361129879951477051e-02
9.411974996328353882e-02
7.743527740240097046e-02
-1.968298256397247314e-01
6.459635496139526367e-02
-2.676091156899929047e-02
-1.750845164060592651e-01
-3.286835551261901855e-02
-1.071200221776962280e-01
-9.894396178424358368e-03
4.237176105380058289e-02
7.590652257204055786e-02
1.025244221091270447e-02
-7.858256995677947998e-02
8.172923326492309570e-02
-2.701484970748424530e-02
1.741046607494354248e-01
-2.879228256642818451e-02
-8.485651575028896332e-03
-8.032792061567306519e-02
-8.540499955415725708e-02
-7.306460291147232056e-02
-1.549568325281143188e-01
-2.701434306800365448e-02
-1.194659620523452759e-01
1.314797401428222656e-01
1.791226211935281754e-03
-1.229451149702072144e-01
-2.694987319409847260e-02
-6.654652208089828491e-02
6.186828762292861938e-02
-6.125792115926742554e-02
-2.437342144548892975e-02
4.255112633109092712e-02
1.065197065472602844e-01
4.153775982558727264e-03
-4.146606847643852234e-02
-1.447564363479614258e-01
4.225129261612892151e-02
-8.864836394786834717e-02
-4.386255517601966858e-02
