-9.429647773504257202e-02
-6.649775058031082153e-02
-9.652546793222427368e-02
2.836681902408599854e-02
-5.826104432344436646e-02
-3.063539508730173111e-03
-9.604061394929885864e-02
-5.031829699873924255e-03
-4.976825043559074402e-02
4.707604646682739258e-02
-2.783174999058246613e-02
9.191029705107212067e-03
-1.662670820951461792e-01
-6.306833028793334961e-02
3.142248094081878662e-02
3.664964437484741211e-02
-9.230323135852813721e-02
-4.683404415845870972e-02
1.235152631998062134e-01
-1.184362843632698059e-01
3.138025850057601929e-02
1.314079761505126953e-01
1.557526411488652229e-03
-4.550196230411529541e-03
-1.187799870967864990e-01
2.527291774749755859e-01
1.094520539045333862e-01
-1.227034777402877808e-01
-3.372268006205558777e-02
4.661085084080696106e-02
1.530501842498779297e-01
2.603326924145221710e-02
8.437776565551757812e-02
-1.454783678054809570e-01
2.303577028214931488e-03
-9.833861887454986572e-02
-3.329558670520782471e-02
4.625478386878967285e-02
-3.264575032517313957e-03
3.011374175548553467e-02
-1.570975929498672485e-01
-1.346660554409027100e-01
-3.746438771486282349e-02
1.830887198448181152e-01
3.961881250143051147e-02
3.199577704071998596e-02
6.701594591140747070e-02
6.555394083261489868e-02
-2.833228558301925659e-02
-6.792491674423217773e-02
1.792239546775817871e-01
1.185626238584518433e-01
5.763311684131622314e-02
-1.075782775878906250e-01
9.365205466747283936e-02
-4.607019945979118347e-03
8.850172162055969238e-02
8.273199945688247681e-02
5.789938941597938538e-02
1.203652694821357727e-01
5.198979005217552185e-02
5.693273991346359253e-02
-1.107630953192710876e-01
5.979570746421813965e-02
-9.807022660970687866e-02
-1.299519836902618408e-02
1.846564188599586487e-02
-1.603989675641059875e-02
9.050682932138442993e-02
-7.003185804933309555e-03
3.278545662760734558e-02
-5.734656006097793579e-03
-1.279538869857788086e-01
1.290733665227890015e-01
1.896347552537918091e-01
-1.729965209960937500e-01
-1.352716386318206787e-01
-8.232453465461730957e-02
-6.056590005755424500e-02
-1.182483881711959839e-01
1.166624482721090317e-02
-9.430307149887084961e-02
-1.211367174983024597e-01
-9.556716680526733398e-02
-5.276637896895408630e-02
3.652630373835563660e-02
-1.137274056673049927e-01
3.009244054555892944e-02
3.355811908841133118e-02
3.315196186304092407e-02
3.202413395047187805e-02
1.035737693309783936e-01
-1.667754054069519043e-01
-7.528223097324371338e-02
-6.264995783567428589e-02
-1.385073214769363403e-01
8.824097365140914917e-02
-3.499313443899154663e-02
-1.208517514169216156e-02
8.204956352710723877e-02
1.102958098053932190e-01
2.526168711483478546e-02
-5.116523057222366333e-02
-5.753099103458225727e-04
1.013398766517639160e-01
5.196888372302055359e-02
-1.114414632320404053e-01
-4.328913055360317230e-03
-8.604563772678375244e-02
1.849483698606491089e-02
9.703290462493896484e-02
1.369130015373229980e-01
1.725237816572189331e-01
8.794172853231430054e-02
-3.000286407768726349e-02
5.062323808670043945e-02
-6.669133901596069336e-02
-1.219518706202507019e-01
-1.258260686881840229e-03
2.215440943837165833e-02
1.135822311043739319e-01
3.647997230291366577e-02
-6.525827199220657349e-02
-3.157633915543556213e-02
-5.829355493187904358e-02
-6.449919193983078003e-02
-2.252133004367351532e-02
9.579022973775863647e-02
