-5.261100083589553833e-02
-3.879446163773536682e-02
-3.487809374928474426e-02
4.370158165693283081e-02
-7.839124649763107300e-02
1.787943579256534576e-02
-2.742099016904830933e-02
-1.743977665901184082e-01
-1.372985988855361938e-01
5.695279221981763840e-03
-1.343557536602020264e-01
-3.103417903184890747e-02
-9.592932462692260742e-02
-4.512873291969299316e-02
-5.935710296034812927e-02
-2.553156577050685883e-02
1.083877161145210266e-01
1.385464072227478027e-01
3.704123944044113159e-02
-2.348931320011615753e-02
4.048820212483406067e-02
6.509755551815032959e-02
5.003231018781661987e-02
-1.126843784004449844e-02
-9.588439017534255981e-02
4.806291684508323669e-02
-8.005181699991226196e-02
1.635438576340675354e-02
4.491087794303894043e-02
-3.115771524608135223e-02
2.628145553171634674e-02
6.140473484992980957e-02
1.064675524830818176e-01
2.862767688930034637e-02
-8.726131916046142578e-02
9.963736683130264282e-02
-1.353408992290496826e-01
-1.124440506100654602e-01
-1.116982400417327881e-01
1.979187726974487305e-01
-8.579818904399871826e-02
1.277447398751974106e-02
-5.435883626341819763e-02
1.748196221888065338e-02
1.003285199403762817e-01
1.180177461355924606e-02
1.977425217628479004e-01
-3.011245094239711761e-02
-1.158169470727443695e-02
1.019884720444679260e-01
1.602279096841812134e-01
6.956526637077331543e-02
-1.005330234766006470e-01
1.298499554395675659e-01
-1.921043545007705688e-02
1.668572984635829926e-02
5.690925195813179016e-02
-1.873423345386981964e-02
1.415062695741653442e-03
3.272441448643803596e-03
-5.538439750671386719e-02
3.456224687397480011e-03
-6.369257718324661255e-02
-7.898624241352081299e-02
8.363214135169982910e-02
1.362379491329193115e-01
-1.080962717533111572e-01
2.517440728843212128e-02
1.062613874673843384e-01
5.105362832546234131e-02
1.090398207306861877e-01
2.162827402353286743e-01
-8.025286346673965454e-02
4.559610784053802490e-02
4.876317828893661499e-02
-5.928121507167816162e-03
-2.213956601917743683e-02
2.436821907758712769e-02
-3.461768478155136108e-02
-2.592105567455291748e-01
1.682583838701248169e-01
-1.815135776996612549e-01
-1.304889917373657227e-01
-8.825922012329101562e-02
9.448859840631484985e-02
9.742429852485656738e-02
-5.130722746253013611e-02
-6.150112673640251160e-02
1.369106173515319824e-01
-7.701637223362922668e-03
-1.358359009027481079e-01
3.221556916832923889e-02
-8.933445811271667480e-02
-1.264771167188882828e-02
-8.222509175539016724e-02
-4.154819622635841370e-02
-7.196471095085144043e-02
-9.344306588172912598e-02
1.048491299152374268e-01
-9.752202779054641724e-02
-8.515131659805774689e-03
3.273246064782142639e-02
1.312427688390016556e-02
1.320028007030487061e-01
-2.689653448760509491e-02
-1.385422497987747192e-01
-3.954501077532768250e-02
-1.844822615385055542e-01
-1.055180355906486511e-01
-6.869165599346160889e-02
-1.206063106656074524e-01
1.698813773691654205e-02
7.288566231727600098e-02
1.116762310266494751e-01
-2.255556918680667877e-02
-7.132705301046371460e-02
6.222726404666900635e-02
1.074571255594491959e-02
-5.114441737532615662e-02
-7.095807790756225586e-02
8.484279364347457886e-02
4.838774725794792175e-02
1.329772546887397766e-02
-4.117311537265777588e-02
-1.767005324363708496e-01
4.097436368465423584e-02
-1.259241811931133270e-02
-1.361406687647104263e-02
