-2.062330096960067749e-01
9.197040647268295288e-02
3.657788038253784180e-02
1.004171073436737061e-01
-2.685271576046943665e-02
-2.268969640135765076e-02
5.304831638932228088e-02
-5.336906015872955322e-02
-7.151237130165100098e-02
-7.416885346174240112e-02
-1.060611829161643982e-01
-1.510424464941024780e-01
2.118373103439807892e-02
-2.150539308786392212e-02
3.526072017848491669e-03
-7.331045717000961304e-02
-5.096091330051422119e-02
7.029629778116941452e-03
4.181008413434028625e-02
-4.529689997434616089e-02
8.811907609924674034e-04
1.797583997249603271e-01
-2.990013733506202698e-02
-1.759038567543029785e-01
1.112700998783111572e-02
1.634841710329055786e-01
-6.642411649227142334e-02
2.977688610553741455e-02
-3.576574474573135376e-02
2.513553015887737274e-02
6.371996551752090454e-02
1.398791372776031494e-01
9.868235141038894653e-02
-1.319686174392700195e-01
-9.580546617507934570e-02
3.148438408970832825e-02
-1.337278485298156738e-01
-9.795489721000194550e-03
-4.859685152769088745e-02
5.301449820399284363e-02
-1.118460856378078461e-02
-1.079463362693786621e-01
1.980298012495040894e-02
1.326688081026077271e-01
3.126070275902748108e-02
8.021542429924011230e-02
2.736449241638183594e-02
-2.328869141638278961e-02
1.247306540608406067e-01
8.482439070940017700e-02
1.764633804559707642e-01
5.460375174880027771e-02
-6.311530014500021935e-04
-7.890252023935317993e-02
7.966251112520694733e-03
-4.615778103470802307e-03
8.652390912175178528e-03
7.408835738897323608e-02
1.090498119592666626e-01
1.566793024539947510e-01
9.136044979095458984e-02
6.555387377738952637e-02
-1.093473210930824280e-01
-2.506050094962120056e-02
-1.079035848379135132e-01
-5.232169851660728455e-02
-4.949522763490676880e-02
6.969394534826278687e-02
5.732126161456108093e-02
1.493849158287048340e-01
1.445616185665130615e-01
-1.793137812455825042e-06
-8.643066883087158203e-02
1.060233563184738159e-01
9.209246188402175903e-02
-8.910461515188217163e-02
1.601943932473659515e-02
-1.115852370858192444e-01
-1.258583217859268188e-01
-1.542617529630661011e-01
1.362319141626358032e-01
-8.332129567861557007e-02
-1.109682247042655945e-01
-1.911490112543106079e-01
5.489597097039222717e-02
-4.831661656498908997e-02
-1.212494447827339172e-01
-3.990538790822029114e-02
6.747251003980636597e-02
1.517450958490371704e-01
-9.846548736095428467e-02
1.777699291706085205e-01
-6.315878778696060181e-02
-4.628709331154823303e-02
-1.267929524183273315e-01
-1.795104146003723145e-01
7.490920275449752808e-02
9.154704958200454712e-02
4.660633951425552368e-02
9.270525723695755005e-02
1.280525326728820801e-02
1.491827145218849182e-02
-1.345330178737640381e-01
5.899636074900627136e-02
1.915314607322216034e-02
-8.133973926305770874e-03
-1.782850548624992371e-02
5.516497767530381680e-04
-4.899349063634872437e-02
-5.859623104333877563e-02
7.945304363965988159e-02
-9.982974082231521606e-02
1.526534110307693481e-01
2.422413788735866547e-02
7.703498005867004395e-02
-7.400533556938171387e-02
-1.090855896472930908e-01
-2.305946871638298035e-02
-4.355299472808837891e-02
4.153553396463394165e-02
-9.687683545053005219e-03
-2.112125657731667161e-04
-2.956223441287875175e-03
-7.867978513240814209e-02
-8.681886643171310425e-02
-7.113087177276611328e-02
7.848898321390151978e-02
-3.318865969777107239e-02
