-1.015527844429016113e-01
-5.485164746642112732e-02
-1.435815244913101196e-01
1.406149752438068390e-02
3.268084302544593811e-02
3.628706093877553940e-03
-5.319295823574066162e-02
-2.460590377449989319e-02
-2.158788405358791351e-02
1.846605539321899414e-02
-5.996098369359970093e-02
2.129662036895751953e-02
-1.580306440591812134e-01
-1.167360171675682068e-01
-1.392158097587525845e-03
1.609862223267555237e-02
-6.631623208522796631e-02
1.827186346054077148e-02
9.877241402864456177e-02
-5.104065686464309692e-02
-4.687765240669250488e-02
1.365931630134582520e-01
2.147713303565979004e-02
-2.835187129676342010e-02
-1.522441208362579346e-01
1.919470429420471191e-01
8.855123072862625122e-02
-1.075783073902130127e-01
-6.313779205083847046e-02
-1.460878737270832062e-02
2.263346910476684570e-01
3.061772696673870087e-02
1.215866878628730774e-01
-9.802287817001342773e-02
-8.556437492370605469e-02
-9.830854833126068115e-02
-5.484259501099586487e-02
-1.210802141577005386e-02
-4.862866178154945374e-02
1.527599990367889404e-02
-1.881532818078994751e-01
-1.477697491645812988e-01
-1.712186634540557861e-02
1.210526376962661743e-01
2.182151935994625092e-02
4.354356601834297180e-02
-5.668791010975837708e-02
1.655393093824386597e-02
1.253523025661706924e-02
-9.528389573097229004e-02
1.797753274440765381e-01
8.039599657058715820e-02
1.310717612504959106e-01
-5.317750573158264160e-02
6.337130814790725708e-02
1.267056632786989212e-02
8.550792187452316284e-02
9.935889393091201782e-02
8.711501955986022949e-02
4.402845352888107300e-02
8.088489621877670288e-02
1.276664882898330688e-01
-3.022493235766887665e-02
5.581914633512496948e-02
-8.334013074636459351e-02
2.600864693522453308e-02
1.413714289665222168e-01
1.082025915384292603e-01
1.033145189285278320e-01
9.724122472107410431e-03
3.695672377943992615e-03
-6.315973401069641113e-02
-8.341281116008758545e-02
1.917355954647064209e-01
1.912145465612411499e-01
-1.590806841850280762e-01
-3.489000024273991585e-03
-4.646692052483558655e-02
-6.087482348084449768e-02
-1.153186783194541931e-01
7.905426621437072754e-02
-8.303130976855754852e-03
-1.093466356396675110e-01
-9.445708990097045898e-02
-5.535773187875747681e-02
3.680068626999855042e-02
-1.584888845682144165e-01
-3.768746927380561829e-02
1.121949926018714905e-01
4.626616463065147400e-02
1.902415975928306580e-02
1.640046089887619019e-01
-1.141365319490432739e-01
-1.367597728967666626e-01
-5.765930190682411194e-02
-1.791198849678039551e-01
3.771140426397323608e-02
8.208187296986579895e-03
-6.133490428328514099e-02
7.288791984319686890e-02
3.014355339109897614e-02
-2.903891541063785553e-02
-1.681415922939777374e-02
2.271566167473793030e-02
-2.801750414073467255e-02
3.922851011157035828e-02
-9.584209322929382324e-02
-4.565347731113433838e-02
-9.962332248687744141e-02
-7.849182933568954468e-03
8.005899935960769653e-02
7.971020042896270752e-02
1.237577795982360840e-01
6.023449450731277466e-02
-7.463127374649047852e-02
-6.059384346008300781e-02
-9.359896183013916016e-02
-7.003681361675262451e-02
-3.705074265599250793e-02
1.199173405766487122e-01
7.133878767490386963e-02
-3.360313363373279572e-03
-5.721653625369071960e-02
8.392512053251266479e-02
-8.060286939144134521e-02
-5.471644923090934753e-02
-4.180501773953437805e-02
1.086512878537178040e-01
