-1.330833882093429565e-01
-4.843422397971153259e-02
-6.051693856716156006e-02
1.144379284232854843e-02
-3.761693835258483887e-03
1.441707089543342590e-02
1.809461414813995361e-02
-1.034141257405281067e-01
-4.603007342666387558e-03
4.187968745827674866e-02
-3.777999058365821838e-02
-1.075013950467109680e-01
-1.599046140909194946e-01
-7.101677358150482178e-02
1.134858503937721252e-01
-1.413369830697774887e-02
-4.494809731841087341e-02
3.833317756652832031e-02
1.166554987430572510e-01
-2.411944046616554260e-02
-9.892319887876510620e-02
1.068230271339416504e-01
-3.357822820544242859e-02
-9.426805377006530762e-02
-2.913565561175346375e-02
1.608260869979858398e-01
3.857808560132980347e-02
-6.222040206193923950e-02
1.360953226685523987e-02
6.782929599285125732e-02
1.920087039470672607e-01
1.642753034830093384e-01
1.003339663147926331e-01
-1.537503153085708618e-01
-1.379676759243011475e-01
4.807087534572929144e-04
-6.011148914694786072e-02
4.136854782700538635e-02
-1.385821588337421417e-02
3.327201306819915771e-02
-1.349954754114151001e-01
-7.879151403903961182e-02
-2.838096208870410919e-02
1.025131493806838989e-01
-6.768507510423660278e-02
4.386697709560394287e-02
-2.280157804489135742e-02
5.212480202317237854e-02
8.962702751159667969e-02
-2.827195264399051666e-02
2.346017509698867798e-01
3.546688333153724670e-02
-3.389044478535652161e-02
-2.344003692269325256e-02
-2.422703197225928307e-03
-3.098894655704498291e-02
1.816607117652893066e-01
4.325337335467338562e-02
1.212084069848060608e-01
1.173181980848312378e-01
-6.728518754243850708e-02
1.340361088514328003e-01
-1.452985703945159912e-01
1.786024868488311768e-02
7.928571105003356934e-02
3.730034828186035156e-02
-8.545469492673873901e-03
-4.660299047827720642e-02
1.400692462921142578e-01
1.050222739577293396e-01
1.791424155235290527e-01
8.132489770650863647e-02
-2.832875773310661316e-02
9.786022454500198364e-02
1.079955995082855225e-01
-1.632385700941085815e-01
-6.907309591770172119e-02
-8.738131076097488403e-02
-7.917862385511398315e-02
-8.192229270935058594e-02
6.135029718279838562e-02
-4.693374410271644592e-02
-1.706412881612777710e-01
-1.212271898984909058e-01
-1.168052293360233307e-02
-4.032940790057182312e-02
-1.635606437921524048e-01
-2.321346402168273926e-01
1.057028844952583313e-01
1.256780922412872314e-01
-4.579614847898483276e-02
1.463790833950042725e-01
-1.148913726210594177e-01
-4.446243494749069214e-02
-9.188876301050186157e-02
-6.926143914461135864e-02
-7.094029802829027176e-03
6.074342876672744751e-02
3.862299025058746338e-02
2.181583642959594727e-02
6.562335044145584106e-02
-1.152789033949375153e-02
-6.323266029357910156e-02
-5.846173688769340515e-02
3.256149962544441223e-02
3.572814539074897766e-02
-9.107121080160140991e-02
-6.514485925436019897e-02
-5.504271015524864197e-02
-1.085499487817287445e-02
2.435496635735034943e-02
-4.083655029535293579e-02
6.986964493989944458e-02
5.757508799433708191e-02
4.793085902929306030e-02
-3.028969094157218933e-02
-8.960141986608505249e-02
-8.631442487239837646e-02
-5.691902711987495422e-02
1.169427260756492615e-01
-2.756120264530181885e-02
7.380021363496780396e-02
-4.485149309039115906e-02
-6.674021482467651367e-02
-1.235190406441688538e-01
-3.921476006507873535e-02
-8.329511620104312897e-03
-3.634034469723701477e-02
