-6.859531998634338379e-02
-6.479460000991821289e-02
6.199431605637073517e-03
1.839577853679656982e-01
6.865534186363220215e-02
1.510737240314483643e-01
-1.055726706981658936e-01
-1.139176785945892334e-01
-1.532916873693466187e-01
2.648507244884967804e-02
-2.893396839499473572e-02
-1.240594536066055298e-01
-3.048347681760787964e-02
4.461909085512161255e-02
-2.319322153925895691e-02
-9.254592470824718475e-03
-4.160187765955924988e-02
-3.512109443545341492e-02
-8.848704397678375244e-03
-8.877454698085784912e-02
-6.786277145147323608e-02
1.270252168178558350e-01
4.926939308643341064e-02
-1.238271594047546387e-01
-1.213045567274093628e-01
7.963832467794418335e-02
-3.055758588016033173e-02
-1.138253882527351379e-02
1.383442431688308716e-01
6.864847987890243530e-02
1.324575990438461304e-01
9.622391313314437866e-03
-5.019082129001617432e-02
1.301975804381072521e-03
-1.230690628290176392e-01
9.276618063449859619e-02
-1.289008408784866333e-01
7.867527753114700317e-02
-1.334208846092224121e-01
2.025532871484756470e-01
7.382430881261825562e-02
-8.136855065822601318e-02
4.383129626512527466e-02
4.258923977613449097e-02
-3.310468792915344238e-02
-2.872397005558013916e-02
-5.073162168264389038e-02
-7.413404434919357300e-02
-3.709100186824798584e-02
8.867462724447250366e-02
9.188404679298400879e-02
-6.898367404937744141e-02
-6.607078760862350464e-02
1.333889514207839966e-01
1.257309764623641968e-01
9.918835759162902832e-02
1.591769754886627197e-01
1.138663850724697113e-02
2.317485585808753967e-02
-1.016165763139724731e-01
-3.705725073814392090e-02
8.400893211364746094e-02
6.189767643809318542e-02
-3.207791969180107117e-02
-3.827491030097007751e-02
5.316003412008285522e-02
1.699190773069858551e-02
1.318378746509552002e-02
1.182339042425155640e-01
1.066116765141487122e-01
1.341368854045867920e-01
-2.271232567727565765e-02
-1.080815717577934265e-01
4.640352725982666016e-02
4.278100654482841492e-02
-6.347023695707321167e-02
3.764931857585906982e-02
-3.046820871531963348e-02
7.076952606439590454e-02
-4.121546447277069092e-02
1.163545623421669006e-01
-2.408774048089981079e-01
-1.439545117318630219e-02
-1.248877719044685364e-01
8.426143229007720947e-02
3.024945035576820374e-02
-7.804702222347259521e-02
9.949455037713050842e-03
7.741332054138183594e-02
1.497839204967021942e-02
-1.435213983058929443e-01
4.908586665987968445e-02
-7.169988006353378296e-02
-2.303328812122344971e-01
-1.006294041872024536e-03
-1.277740746736526489e-01
-1.095411460846662521e-02
5.108669027686119080e-02
1.201827749609947205e-01
-1.098819915205240250e-02
-8.200571686029434204e-02
3.175562992691993713e-02
-1.689538359642028809e-01
2.295249104499816895e-01
7.030926644802093506e-02
5.229366198182106018e-02
3.573457896709442139e-02
-9.394827485084533691e-02
-1.302862018346786499e-01
-7.672328501939773560e-03
-2.536351792514324188e-02
-4.725625272840261459e-03
7.436724752187728882e-02
-2.648251503705978394e-02
-9.028173238039016724e-02
-1.207454036921262741e-02
-7.301170378923416138e-02
-8.572722226381301880e-02
-5.884564295411109924e-02
4.692262969911098480e-03
5.000202730298042297e-02
4.631474614143371582e-02
7.946961373090744019e-02
7.139862328767776489e-02
-1.441578567028045654e-01
3.670813888311386108e-02
-2.780787460505962372e-02
-3.040062077343463898e-02
