3.135472536087036133e-02
1.041265018284320831e-02
4.838256537914276123e-02
1.248353123664855957e-01
-7.745816558599472046e-02
5.358560010790824890e-02
-3.379598492756485939e-03
-1.503946632146835327e-01
-8.635804057121276855e-02
-4.654012620449066162e-02
-1.331079304218292236e-01
-8.131813257932662964e-02
-7.650338858366012573e-02
-7.693836931139230728e-03
8.689658343791961670e-02
9.872411377727985382e-03
8.259446918964385986e-02
1.323324590921401978e-01
5.461620911955833435e-02
-1.037397012114524841e-01
2.425085380673408508e-02
1.328239440917968750e-01
1.142449378967285156e-01
-3.511708974838256836e-02
-3.010653890669345856e-02
8.301472663879394531e-02
-1.078231856226921082e-01
2.693705447018146515e-02
5.808167904615402222e-02
6.231896579265594482e-02
4.357891902327537537e-02
2.834030054509639740e-02
1.132640242576599121e-01
-6.504657678306102753e-03
-9.337645024061203003e-02
1.071988493204116821e-01
-1.770463436841964722e-01
-8.452906459569931030e-02
-6.140442192554473877e-02
2.334701567888259888e-01
-9.600510448217391968e-02
-5.704735592007637024e-02
-8.786068111658096313e-02
2.386627160012722015e-02
7.385163754224777222e-02
-2.025295235216617584e-02
5.946486443281173706e-02
-5.783081520348787308e-03
1.204269900918006897e-01
8.631220459938049316e-02
2.641460001468658447e-01
1.106657204218208790e-03
-8.191496133804321289e-02
7.033786922693252563e-02
3.086269088089466095e-02
-5.307597573846578598e-03
1.157154738903045654e-01
1.582449302077293396e-02
2.920873276889324188e-02
2.745985798537731171e-02
-3.924966603517532349e-02
6.433071196079254150e-02
5.824413616210222244e-03
7.722853217273950577e-03
1.884475722908973694e-02
1.277869660407304764e-02
-1.113828197121620178e-01
5.692857666872441769e-04
8.110756427049636841e-02
6.652165204286575317e-02
1.539120674133300781e-01
1.490283161401748657e-01
-1.956933178007602692e-02
-1.052062958478927612e-03
4.888257011771202087e-02
-1.133700832724571228e-02
1.369839999824762344e-02
-1.140903681516647339e-02
-7.879273965954780579e-03
-1.558350771665573120e-01
1.737733781337738037e-01
-1.641767323017120361e-01
-1.390273869037628174e-01
-4.344691336154937744e-02
8.546879142522811890e-02
9.557806700468063354e-02
-1.077981591224670410e-01
2.124545723199844360e-02
6.215527653694152832e-02
-1.782225153874605894e-04
-1.805207729339599609e-01
9.821978211402893066e-02
-1.645235419273376465e-01
-3.017302369698882103e-04
-1.050733104348182678e-01
-1.651880741119384766e-01
-4.238261654973030090e-02
5.102801136672496796e-03
7.862204313278198242e-02
-9.363736957311630249e-02
7.938402704894542694e-03
-3.130975738167762756e-02
-1.857228577136993408e-02
1.911655068397521973e-01
2.274375222623348236e-02
-1.207454800605773926e-01
8.879072219133377075e-02
-1.735269725322723389e-01
-1.207431480288505554e-01
-1.029117256402969360e-01
-1.243214309215545654e-01
1.324780005961656570e-02
1.608052290976047516e-02
8.439243584871292114e-02
-3.960936889052391052e-02
-1.259655654430389404e-01
2.086551487445831299e-02
2.589736320078372955e-02
-3.658996149897575378e-02
-3.721350803971290588e-02
3.676630184054374695e-02
4.989986866712570190e-02
2.381978119956329465e-04
-1.576197519898414612e-02
-1.226461529731750488e-01
3.635915368795394897e-02
-1.572844386100769043e-02
-4.607219249010086060e-02
