-5.629489943385124207e-02
-1.369396150112152100e-01
-9.204319864511489868e-02
1.568199247121810913e-01
-4.003211483359336853e-02
1.594761013984680176e-01
5.444340035319328308e-02
-1.775836050510406494e-01
-2.076068818569183350e-01
-4.908106103539466858e-02
5.974531173706054688e-02
-6.884669512510299683e-02
3.328314051032066345e-02
1.097444072365760803e-02
1.088138967752456665e-01
2.697954885661602020e-03
2.743002586066722870e-02
-3.658391302451491356e-03
4.971653223037719727e-02
-1.586689054965972900e-01
-8.433804661035537720e-02
1.098222732543945312e-01
1.269551068544387817e-01
-9.099695831537246704e-02
-6.329169031232595444e-03
-4.753615939989686012e-05
5.665920302271842957e-02
4.468251951038837433e-03
5.711400136351585388e-02
2.062103338539600372e-02
7.160238921642303467e-02
-5.087487772107124329e-02
4.193713515996932983e-02
2.776486985385417938e-02
-1.245209276676177979e-01
1.545307692140340805e-02
-7.221356034278869629e-03
9.605257213115692139e-02
-1.072465404868125916e-01
1.027730405330657959e-01
-6.615440547466278076e-02
-1.312401052564382553e-02
-5.753035470843315125e-02
1.884347945451736450e-01
-5.321099981665611267e-02
-8.658909052610397339e-02
-3.955801203846931458e-02
-3.588793799281120300e-02
1.509788185358047485e-01
3.875895589590072632e-02
8.182029426097869873e-02
-1.388123929500579834e-01
-8.132874034345149994e-03
4.305344447493553162e-02
6.546397507190704346e-02
7.614185661077499390e-02
3.159388899803161621e-02
8.124630153179168701e-02
3.803745284676551819e-02
6.693974864901974797e-05
1.653227210044860840e-02
1.929853409528732300e-01
1.922951266169548035e-02
-1.184625271707773209e-02
2.092884108424186707e-02
1.208511888980865479e-01
1.574437879025936127e-02
8.695204742252826691e-03
5.105268210172653198e-02
8.873660862445831299e-02
9.766241908073425293e-02
3.632492944598197937e-02
-1.395350545644760132e-01
-8.660014718770980835e-03
1.636953055858612061e-01
-6.601279973983764648e-02
1.004394218325614929e-01
-2.679228223860263824e-02
-3.719129599630832672e-03
-1.006384640932083130e-01
2.385036349296569824e-01
-1.439156234264373779e-01
-1.149389147758483887e-01
4.214911162853240967e-02
5.577678233385086060e-02
1.203502994030714035e-02
-5.914893373847007751e-02
9.405729174613952637e-02
1.405546963214874268e-01
2.139800461009144783e-03
-1.598302572965621948e-01
1.815901510417461395e-02
-1.002879887819290161e-01
-1.510321199893951416e-01
-1.845947504043579102e-01
-9.510531276464462280e-02
7.149446755647659302e-02
9.768699109554290771e-02
7.171412557363510132e-02
-2.899076417088508606e-02
-3.498552134260535240e-03
-9.376066923141479492e-02
-2.361467666923999786e-02
1.036884859204292297e-01
5.520194023847579956e-02
4.850041866302490234e-02
-3.338541090488433838e-02
-8.764015138149261475e-02
-1.065525487065315247e-01
7.315849419683218002e-03
7.883190177381038666e-03
-5.234610661864280701e-02
-2.034227922558784485e-02
-2.283310517668724060e-03
-9.096365422010421753e-02
1.431473530828952789e-02
-1.635683029890060425e-01
-1.650092005729675293e-01
-6.077756173908710480e-03
8.259012550115585327e-02
8.302752673625946045e-02
1.053423248231410980e-02
3.424505237489938736e-03
5.739713832736015320e-02
-7.268080115318298340e-02
2.713496424257755280e-02
-1.281107366085052490e-01
-6.805244088172912598e-02
