4.969967156648635864e-02
-1.576193273067474365e-01
3.856741532217711210e-04
1.734451353549957275e-01
5.679332837462425232e-02
3.591473400592803955e-02
1.532342657446861267e-02
-8.995706588029861450e-02
-1.102553680539131165e-01
3.729571774601936340e-02
-1.091792732477188110e-01
-1.042971014976501465e-01
-1.572205275297164917e-01
-2.629886381328105927e-02
3.999768197536468506e-02
2.963367663323879242e-02
7.168798148632049561e-02
6.969548761844635010e-02
1.170973479747772217e-01
-1.125013977289199829e-01
-5.458626151084899902e-02
2.847960777580738068e-02
-6.853790953755378723e-03
-3.460002318024635315e-02
-9.463047981262207031e-02
3.806145116686820984e-02
-4.527393355965614319e-02
-2.530634962022304535e-02
1.241604760289192200e-01
6.333120167255401611e-02
1.051100343465805054e-01
1.625454612076282501e-02
5.144115537405014038e-02
-4.417662508785724640e-03
-7.248166203498840332e-02
3.348222747445106506e-02
-1.699738353490829468e-01
3.822768852114677429e-02
-8.826898783445358276e-02
2.208766490221023560e-01
-4.402079805731773376e-02
-1.043216884136199951e-01
2.412445098161697388e-02
2.458226680755615234e-02
2.658583223819732666e-02
6.591458618640899658e-02
3.401541709899902344e-02
-6.309065222740173340e-02
6.203563511371612549e-02
9.936511516571044922e-02
1.551035940647125244e-01
-5.132365599274635315e-02
-1.261352747678756714e-01
3.785540908575057983e-02
1.359657496213912964e-01
2.356240525841712952e-03
6.607832014560699463e-02
4.099511355161666870e-02
6.598781794309616089e-02
-4.215802252292633057e-02
-3.724674507975578308e-02
7.952734082937240601e-02
7.957156002521514893e-02
-9.331654757261276245e-03
9.494151920080184937e-02
1.024456769227981567e-01
-5.312805250287055969e-02
-7.652085274457931519e-02
1.006195768713951111e-01
3.557235002517700195e-03
8.611304312944412231e-02
1.259063184261322021e-02
-9.758957475423812866e-02
2.034772560000419617e-02
8.549708127975463867e-02
-2.337277308106422424e-02
1.441750559024512768e-03
9.285015612840652466e-02
-3.286441415548324585e-02
-3.225806355476379395e-02
2.460374981164932251e-01
-1.694160997867584229e-01
-1.973471790552139282e-02
-1.197958663105964661e-01
7.033259421586990356e-02
6.716511398553848267e-02
-1.170637384057044983e-01
1.095679774880409241e-02
1.110804975032806396e-01
4.391602240502834320e-03
-1.081199347972869873e-01
1.586414575576782227e-01
-2.117212489247322083e-02
-1.069243550300598145e-01
-1.389570534229278564e-01
-4.078762605786323547e-02
-8.963853120803833008e-02
-6.995457690209150314e-03
1.692757755517959595e-01
-1.084297224879264832e-01
-8.309833705425262451e-03
-1.861731894314289093e-02
-4.271619953215122223e-03
1.985096335411071777e-01
1.555969566106796265e-01
3.049154998734593391e-03
8.998786658048629761e-02
-1.381025910377502441e-01
-1.870221793651580811e-01
-6.355021893978118896e-02
-9.893103688955307007e-02
6.176709197461605072e-03
4.737903550267219543e-02
7.598777860403060913e-02
-1.062725484371185303e-01
-2.427407167851924896e-02
-3.835628181695938110e-02
-4.095525294542312622e-02
-9.007469564676284790e-02
-2.193625457584857941e-02
1.356530375778675079e-02
8.379571139812469482e-02
-9.213767945766448975e-02
9.142661839723587036e-02
-1.380843669176101685e-01
4.136217385530471802e-02
-6.279820948839187622e-02
6.942069530487060547e-02
