-3.329712897539138794e-02
9.156918385997414589e-04
1.545417308807373047e-02
5.833084881305694580e-02
-5.429150164127349854e-02
-2.506735920906066895e-02
-9.137853980064392090e-02
-4.322946816682815552e-02
-8.328541368246078491e-02
4.117092117667198181e-03
-2.128017134964466095e-02
3.371454402804374695e-02
-1.172947809100151062e-01
-7.767442613840103149e-02
-1.207380741834640503e-02
6.669516861438751221e-02
-3.992646932601928711e-02
2.686439454555511475e-02
7.939441129565238953e-03
-1.417015939950942993e-01
-3.899741545319557190e-02
3.520763292908668518e-02
5.289235711097717285e-02
6.633192300796508789e-02
-2.051559388637542725e-01
2.262365967035293579e-01
-6.476187705993652344e-02
-8.105543255805969238e-02
3.149195387959480286e-02
5.767507012933492661e-03
1.187539249658584595e-01
-3.176636993885040283e-02
1.088613569736480713e-01
-1.055117845535278320e-01
2.589371800422668457e-02
-1.757130026817321777e-02
-7.432038336992263794e-02
-5.341569706797599792e-02
-2.130831591784954071e-02
1.571886837482452393e-01
-1.624548286199569702e-01
-1.665732711553573608e-01
-6.981483101844787598e-02
1.094262227416038513e-01
1.287925541400909424e-01
-4.631131887435913086e-02
9.605207294225692749e-02
1.437206845730543137e-02
8.033787831664085388e-03
-2.142729051411151886e-02
2.783285677433013916e-01
1.150894910097122192e-01
-3.493041917681694031e-02
1.259373594075441360e-02
1.876571029424667358e-01
-2.193601429462432861e-02
1.085256338119506836e-01
9.308592975139617920e-02
1.762082241475582123e-02
7.294713705778121948e-02
3.782307729125022888e-02
-2.961531467735767365e-02
-3.542171418666839600e-02
5.444943532347679138e-02
-1.295993030071258545e-01
-3.572263196110725403e-02
6.554683670401573181e-03
-1.473478693515062332e-02
6.409694906324148178e-03
6.928225979208946228e-03
4.224365204572677612e-02
-1.950036548078060150e-02
-1.032030731439590454e-01
2.069797515869140625e-01
1.426489204168319702e-01
-1.718545407056808472e-01
-1.390742361545562744e-01
-5.683622881770133972e-02
-4.816178977489471436e-02
-9.512074291706085205e-02
5.124266445636749268e-02
-1.286540329456329346e-01
-5.921368300914764404e-02
-7.186926901340484619e-02
1.026205345988273621e-02
8.734492957592010498e-02
-1.013085469603538513e-01
1.154409125447273254e-01
2.444103732705116272e-02
-7.688813842833042145e-03
-6.096449866890907288e-02
2.083679586648941040e-01
-1.147104203701019287e-01
-1.020651012659072876e-01
-1.172308344393968582e-02
-1.633419990539550781e-01
1.004641652107238770e-01
-5.066422279924154282e-03
-5.395240709185600281e-02
6.623321771621704102e-02
2.387170679867267609e-03
-4.908641055226325989e-02
-7.935369387269020081e-03
1.217216551303863525e-01
-1.722205313853919506e-03
-2.164775319397449493e-02
-4.307553172111511230e-02
-8.759015053510665894e-02
-1.081788167357444763e-01
7.895575836300849915e-03
5.888076499104499817e-02
6.891249120235443115e-02
1.581907123327255249e-01
1.323010027408599854e-01
-2.533522434532642365e-02
-8.190694451332092285e-02
-8.014898002147674561e-02
-7.895496487617492676e-02
1.567238476127386093e-03
-5.075021088123321533e-02
7.428067922592163086e-02
-1.466253772377967834e-02
-6.002374738454818726e-02
7.032315433025360107e-02
-8.551388233900070190e-02
2.210427820682525635e-02
-1.304626557976007462e-02
1.051502153277397156e-01
