-1.190971210598945618e-01
-4.439354315400123596e-02
-6.102372705936431885e-02
8.205589652061462402e-02
1.049991473555564880e-01
1.062227264046669006e-01
2.805109508335590363e-02
-1.672133505344390869e-01
-1.554697006940841675e-01
5.972646176815032959e-02
-4.273741692304611206e-02
-1.966720819473266602e-01
-1.379369050264358521e-01
7.453309744596481323e-02
1.464682165533304214e-02
-6.718877702951431274e-02
-6.730841845273971558e-02
4.139254987239837646e-02
1.408930718898773193e-01
-7.176997512578964233e-02
-1.314984709024429321e-01
1.587277501821517944e-01
4.024009406566619873e-02
-1.077700480818748474e-01
-8.654600381851196289e-02
-1.387851312756538391e-02
-6.035672873258590698e-02
1.584244892001152039e-02
-4.283712059259414673e-02
9.465901553630828857e-02
6.473876535892486572e-02
4.433608055114746094e-02
7.790702581405639648e-02
3.075074777007102966e-02
-5.850284174084663391e-02
1.034449879080057144e-02
-1.660862416028976440e-01
-3.597199171781539917e-02
-7.521436363458633423e-02
3.127075731754302979e-02
-7.469587773084640503e-02
-1.265721023082733154e-01
2.373591437935829163e-02
8.150094747543334961e-02
9.724372625350952148e-02
-3.767068684101104736e-02
7.035289891064167023e-03
-1.348488330841064453e-01
5.430580582469701767e-03
5.971162021160125732e-02
9.603870660066604614e-02
7.372450083494186401e-02
-1.112362137064337730e-03
4.750242922455072403e-03
-4.908479750156402588e-03
1.476273685693740845e-01
3.757160529494285583e-02
1.779875010251998901e-01
3.118068352341651917e-02
7.578565180301666260e-02
-1.729024946689605713e-02
1.508327722549438477e-01
-3.606289857998490334e-03
-1.008598599582910538e-02
1.580430381000041962e-02
1.530904471874237061e-01
-9.136729873716831207e-03
2.506706863641738892e-02
3.046745620667934418e-02
1.341661959886550903e-01
1.467030495405197144e-01
6.686735898256301880e-03
-8.546630293130874634e-02
7.935134321451187134e-02
5.123537406325340271e-02
9.100245311856269836e-03
-2.157315239310264587e-02
-6.796809285879135132e-02
5.705896019935607910e-02
-8.573844283819198608e-02
1.538812816143035889e-01
-1.977498680353164673e-01
-7.086277008056640625e-02
-1.283742189407348633e-01
8.854704350233078003e-02
-2.050350420176982880e-02
-7.454580068588256836e-02
7.932037860155105591e-02
2.111532986164093018e-01
1.106752678751945496e-01
-1.165187209844589233e-01
1.250180602073669434e-01
-8.344395458698272705e-02
-4.219268262386322021e-02
-1.244506612420082092e-02
-4.580777511000633240e-02
-4.348668828606605530e-02
1.638566553592681885e-01
2.951219305396080017e-02
7.919295132160186768e-02
3.968527913093566895e-02
9.763847105205059052e-03
-1.316646486520767212e-01
1.006965786218643188e-01
7.122515887022018433e-02
1.301258523017168045e-02
-9.681822359561920166e-02
2.189164049923419952e-02
-2.301578037440776825e-02
3.423140943050384521e-02
-7.962485402822494507e-02
-5.604485422372817993e-02
6.801101262681186199e-04
-6.722539663314819336e-02
-2.775728330016136169e-02
2.070595137774944305e-02
3.154962509870529175e-02
-9.671103209257125854e-02
-1.310210227966308594e-01
-1.715106517076492310e-02
-1.381210833787918091e-01
1.263119727373123169e-01
1.413157861679792404e-02
-8.279002457857131958e-02
-1.474242359399795532e-01
-2.698175795376300812e-02
-1.201529279351234436e-01
9.852418676018714905e-03
