-5.877273157238960266e-02
2.612809836864471436e-02
7.759615313261747360e-03
5.801803618669509888e-02
-3.542516008019447327e-02
1.428147591650485992e-02
-3.281411901116371155e-02
-1.454305201768875122e-01
-1.018424406647682190e-01
4.331321455538272858e-03
9.521565586328506470e-02
-6.945601198822259903e-03
-1.420066952705383301e-01
-3.267227485775947571e-02
-9.644545614719390869e-03
-5.349376238882541656e-03
7.346742600202560425e-02
1.014237031340599060e-01
1.983458362519741058e-02
-6.191808730363845825e-02
-6.905091553926467896e-02
7.291597872972488403e-02
1.906864196062088013e-01
-3.429911285638809204e-02
-1.025262027978897095e-01
1.062616258859634399e-01
-6.742888689041137695e-02
2.406528033316135406e-02
6.189973279833793640e-02
-2.097629941999912262e-02
9.078365401364862919e-04
1.749411597847938538e-02
1.150979921221733093e-01
9.846711531281471252e-03
-4.701347649097442627e-02
1.046661734580993652e-01
-1.340975165367126465e-01
-1.530093401670455933e-01
-7.326189428567886353e-02
1.766812950372695923e-01
-1.556653976440429688e-01
-3.003651835024356842e-02
-9.192183613777160645e-02
5.562848970293998718e-02
1.520446538925170898e-01
-3.651395067572593689e-02
1.455429941415786743e-01
-1.385864568874239922e-03
1.435903012752532959e-01
3.611528128385543823e-02
2.309760004281997681e-01
2.784387767314910889e-02
-7.630278170108795166e-02
-1.200037449598312378e-02
-6.422667205333709717e-02
-6.127908825874328613e-03
9.756922721862792969e-02
-1.802003197371959686e-02
-3.131021931767463684e-02
1.255704089999198914e-02
-4.999025911092758179e-02
1.331630442291498184e-02
-5.524954944849014282e-02
-3.171424195170402527e-02
4.380002990365028381e-02
1.606794446706771851e-01
-8.625064045190811157e-02
5.110470950603485107e-02
4.665451869368553162e-02
2.334823831915855408e-02
1.591225266456604004e-01
2.212379276752471924e-01
-6.703601032495498657e-02
1.157925948500633240e-01
1.195619925856590271e-01
2.793211303651332855e-02
-7.106467336416244507e-02
-2.517782850190997124e-03
9.079211391508579254e-03
-2.130201458930969238e-01
1.524038314819335938e-01
-1.438799798488616943e-01
-1.636051684617996216e-01
-1.132503673434257507e-01
1.014082655310630798e-01
3.862092643976211548e-02
7.011298555880784988e-03
8.165266364812850952e-03
1.584811657667160034e-01
3.146182373166084290e-02
-1.728196889162063599e-01
7.239048182964324951e-02
-5.066047236323356628e-02
5.601792410016059875e-02
-9.095196425914764404e-02
1.491676922887563705e-02
-5.886965617537498474e-02
-5.683729052543640137e-02
4.372259229421615601e-02
-1.219050437211990356e-01
-6.791842728853225708e-02
-3.153612092137336731e-02
3.315429668873548508e-03
9.170574694871902466e-02
-4.948743432760238647e-02
-1.413799524307250977e-01
-2.594815567135810852e-02
-1.347136646509170532e-01
-9.832530468702316284e-02
9.661108255386352539e-03
-6.660991907119750977e-02
-1.777430437505245209e-02
4.262432828545570374e-02
1.401436179876327515e-01
1.230303477495908737e-02
-9.251925349235534668e-02
3.835727274417877197e-02
-4.787897225469350815e-03
1.764705777168273926e-02
6.488095503300428391e-03
7.394990324974060059e-02
3.273880109190940857e-02
2.007323689758777618e-02
-5.621706321835517883e-02
-1.662663072347640991e-01
4.884841293096542358e-02
-1.862195692956447601e-02
-5.740940570831298828e-02
