-2.575968019664287567e-02
-6.585507094860076904e-02
9.993867934099398553e-06
1.306819766759872437e-01
-3.679524362087249756e-02
4.168468713760375977e-02
6.035312637686729431e-02
-1.019162833690643311e-01
-1.981181949377059937e-01
-1.872003078460693359e-02
-2.829220844432711601e-03
-6.443494558334350586e-02
-1.448733508586883545e-01
-7.590162009000778198e-02
8.174394071102142334e-02
3.188250958919525146e-02
6.992360204458236694e-02
6.476755440235137939e-02
9.649570286273956299e-02
-9.705474227666854858e-02
-1.238421946763992310e-01
9.557309746742248535e-02
-3.089108318090438843e-02
-7.450725138187408447e-02
-3.819850459694862366e-02
4.002486914396286011e-02
-1.270954869687557220e-02
1.986119523644447327e-02
1.149941161274909973e-01
7.117418944835662842e-02
9.330211579799652100e-02
-1.114961691200733185e-02
1.239740550518035889e-01
1.667891629040241241e-02
6.140361074358224869e-03
-5.530809052288532257e-03
-9.029696881771087646e-02
4.250546917319297791e-02
-8.870960772037506104e-02
2.104855775833129883e-01
-1.120574772357940674e-01
-4.801839217543601990e-02
-4.688232019543647766e-02
4.922820627689361572e-02
3.299102187156677246e-02
1.412819474935531616e-01
-1.054421719163656235e-02
-3.236765787005424500e-02
1.450989693403244019e-01
4.275391250848770142e-02
1.272787898778915405e-01
-9.668504446744918823e-02
-1.046947613358497620e-01
-6.376725435256958008e-02
5.171955376863479614e-02
1.932272315025329590e-02
3.192646056413650513e-02
-2.662125043570995331e-03
6.531599164009094238e-02
2.952476590871810913e-02
3.765613958239555359e-02
1.463185995817184448e-01
8.774650283157825470e-03
4.617021605372428894e-02
1.102199703454971313e-01
1.313065141439437866e-01
-7.111076265573501587e-02
-3.965227305889129639e-02
1.081096902489662170e-01
5.849777162075042725e-02
3.924185410141944885e-02
2.153852023184299469e-02
-1.549059599637985229e-01
2.017139643430709839e-02
1.259386092424392700e-01
-5.391385033726692200e-02
6.315943785011768341e-03
1.369054019451141357e-01
1.512214913964271545e-02
-9.999328106641769409e-02
1.923160851001739502e-01
-7.899761199951171875e-02
-8.469860255718231201e-02
-2.815255522727966309e-02
5.844300985336303711e-02
1.578011810779571533e-01
6.172631680965423584e-02
-1.152566596865653992e-01
9.388271719217300415e-02
1.290825312025845051e-03
-1.768515557050704956e-01
1.308649778366088867e-01
-7.859656959772109985e-02
-2.862252481281757355e-02
-1.759669631719589233e-01
-4.157799482345581055e-02
-4.477179050445556641e-02
5.744136869907379150e-02
1.335064172744750977e-01
-8.225227147340774536e-02
1.080964207649230957e-01
-1.287556141614913940e-01
1.214418653398752213e-02
1.093982607126235962e-01
5.891018733382225037e-02
5.963010713458061218e-02
1.585061475634574890e-02
-1.134606301784515381e-01
-2.412951737642288208e-01
-8.357125520706176758e-02
-6.576495617628097534e-02
-1.069720834493637085e-01
1.980117522180080414e-03
3.501941636204719543e-02
-1.214294880628585815e-01
-6.372617185115814209e-02
-1.225148662924766541e-01
-1.896006800234317780e-02
-2.086083777248859406e-02
2.499810606241226196e-02
8.973781019449234009e-03
8.021428436040878296e-02
-1.405633240938186646e-01
4.609631001949310303e-02
-1.155546233057975769e-01
-3.994715213775634766e-02
-6.789583712816238403e-02
-3.424841910600662231e-02
