-2.653368376195430756e-02
1.248398609459400177e-02
-6.113144755363464355e-02
8.747009187936782837e-02
-4.991809651255607605e-02
1.413128077983856201e-01
-4.426133632659912109e-02
-1.961202733218669891e-02
-2.005576640367507935e-01
1.572847515344619751e-01
-1.569278724491596222e-02
-9.284045547246932983e-03
-1.561976075172424316e-01
-1.314799934625625610e-01
5.747330561280250549e-02
1.565067172050476074e-01
6.909320503473281860e-02
-8.533668518066406250e-02
4.311007633805274963e-02
-8.824826776981353760e-02
3.483731672167778015e-02
6.981381773948669434e-02
9.467604011297225952e-02
2.513131685554981232e-02
-8.637732267379760742e-02
1.677051633596420288e-01
3.252840042114257812e-02
-3.198294341564178467e-02
8.775855600833892822e-02
-4.320509266108274460e-03
1.729060858488082886e-01
5.078915879130363464e-02
-2.172215469181537628e-02
-7.123639434576034546e-02
2.710505202412605286e-02
-2.077406644821166992e-02
1.679628528654575348e-02
1.275715082883834839e-01
-2.889100089669227600e-02
1.104592904448509216e-01
-2.480322681367397308e-02
-5.646014958620071411e-02
-2.558999508619308472e-02
8.099196851253509521e-02
-1.173406653106212616e-02
2.548001334071159363e-02
7.205997407436370850e-02
-6.786653399467468262e-02
2.712222747504711151e-02
1.144831907004117966e-02
1.748965829610824585e-01
-2.205109409987926483e-02
-1.287023425102233887e-01
-4.533734917640686035e-02
1.218014582991600037e-01
4.889953508973121643e-02
1.488618105649948120e-01
5.819876119494438171e-02
-1.178802736103534698e-02
2.740480750799179077e-02
8.538768440485000610e-02
8.759273588657379150e-02
-3.599653765559196472e-02
9.019501507282257080e-02
-1.190832331776618958e-01
-1.256306916475296021e-01
6.539548933506011963e-02
2.818043157458305359e-02
1.097837649285793304e-02
1.608176715672016144e-02
1.877292245626449585e-01
2.213282324373722076e-02
-1.990287154912948608e-01
-4.688296094536781311e-02
1.108862310647964478e-01
-1.347766965627670288e-01
-7.683983445167541504e-02
-1.171444449573755264e-02
-7.421220093965530396e-02
-1.806438118219375610e-01
4.146560654044151306e-02
-2.009330540895462036e-01
-6.192962452769279480e-02
-7.922779023647308350e-02
-5.743483547121286392e-03
5.302048474550247192e-02
-2.764695137739181519e-02
-5.003876984119415283e-02
-3.661967068910598755e-02
9.020933508872985840e-02
-1.098495498299598694e-01
6.242701038718223572e-02
-2.815850824117660522e-02
-6.873084604740142822e-02
-4.358114674687385559e-02
-1.163705587387084961e-01
2.992694638669490814e-02
2.786803431808948517e-02
3.219128772616386414e-02
-8.255015127360820770e-03
1.556552797555923462e-01
-8.065120130777359009e-02
-7.391361054033041000e-03
7.747316360473632812e-02
1.773506850004196167e-01
1.587108336389064789e-02
5.741205066442489624e-02
-5.531741306185722351e-03
-1.585533767938613892e-01
8.042265474796295166e-02
1.009856313467025757e-01
1.483451761305332184e-02
2.245412021875381470e-01
-7.330500055104494095e-03
-7.148911803960800171e-02
-3.946451097726821899e-02
-1.573877930641174316e-01
-5.330588296055793762e-02
5.785929784178733826e-02
3.402860090136528015e-02
6.214657798409461975e-02
-1.098302602767944336e-01
-6.910491734743118286e-02
6.609790027141571045e-03
-1.007778197526931763e-01
-2.738629840314388275e-02
-6.142394617199897766e-02
-5.264582857489585876e-02
