-1.047165244817733765e-01
4.166251793503761292e-02
-2.853095298632979393e-03
9.368897229433059692e-02
-4.462267830967903137e-02
-7.372912019491195679e-02
3.316901251673698425e-02
-7.096835970878601074e-02
-2.018656730651855469e-01
-1.026854366064071655e-01
-8.096357434988021851e-02
-4.532626271247863770e-02
-2.199988439679145813e-02
-7.817228883504867554e-02
3.066543675959110260e-02
-4.467795416712760925e-02
-3.858746960759162903e-02
-1.572840660810470581e-02
3.505839407444000244e-02
-1.100375056266784668e-01
-6.757964193820953369e-02
6.002527475357055664e-02
-7.822599261999130249e-03
-9.702424705028533936e-02
-2.146345563232898712e-02
4.335753247141838074e-02
-9.718273580074310303e-02
3.293962776660919189e-02
-1.751068048179149628e-03
1.865188963711261749e-02
1.988065689802169800e-01
-8.132883161306381226e-02
1.615392565727233887e-01
-1.809578202664852142e-02
9.486953727900981903e-03
9.425266087055206299e-02
-5.717259645462036133e-02
-5.565601587295532227e-02
1.589710707776248455e-03
1.906718909740447998e-01
-8.836834132671356201e-02
-4.449876490980386734e-03
1.614714600145816803e-02
1.193907763808965683e-02
-5.731300637125968933e-02
4.490152001380920410e-02
9.488705545663833618e-02
3.839614987373352051e-02
9.701120108366012573e-02
1.740557849407196045e-01
2.094101160764694214e-01
-7.348001003265380859e-02
-9.781853854656219482e-02
-7.784654945135116577e-02
4.904866591095924377e-02
-1.716205850243568420e-02
-1.523531526327133179e-01
4.865765571594238281e-02
1.095787137746810913e-01
5.089675635099411011e-02
3.238226845860481262e-02
5.575528368353843689e-02
1.340382033959031105e-03
-2.804272621870040894e-02
4.043649137020111084e-02
-3.221976011991500854e-02
-7.659021764993667603e-02
3.975031897425651550e-02
1.435282081365585327e-01
1.241065263748168945e-01
1.050456687808036804e-01
1.023039743304252625e-01
-9.718357026576995850e-02
1.530814319849014282e-01
1.044745594263076782e-01
-7.469004392623901367e-02
7.881891913712024689e-03
4.965231567621231079e-02
-5.859611555933952332e-02
-5.462498217821121216e-02
2.179304808378219604e-01
-8.939874917268753052e-02
-1.052223592996597290e-01
-1.442938148975372314e-01
9.220938384532928467e-02
1.173318549990653992e-01
-1.466140151023864746e-01
7.758280728012323380e-03
9.397768974304199219e-02
-5.629066005349159241e-02
-1.418598145246505737e-01
1.878971010446548462e-01
2.435502596199512482e-02
-7.523889094591140747e-02
-1.038749366998672485e-01
-1.633936017751693726e-01
4.567183181643486023e-02
3.993549570441246033e-02
1.202641576528549194e-01
-5.866467952728271484e-02
1.101973131299018860e-01
-7.078231871128082275e-02
4.059642925858497620e-02
1.182766854763031006e-01
8.112164586782455444e-02
-4.293506592512130737e-02
6.156105920672416687e-02
-6.907766312360763550e-02
-1.871991753578186035e-01
-9.314592182636260986e-02
1.813204400241374969e-02
-1.517710462212562561e-02
9.753392636775970459e-02
2.706637233495712280e-02
-4.844314977526664734e-02
-4.465049132704734802e-02
-1.218262240290641785e-01
-5.406815931200981140e-02
-2.056840062141418457e-02
-1.181420534849166870e-01
-3.879122436046600342e-02
-6.762357428669929504e-03
6.628341507166624069e-03
4.301649983972311020e-03
-9.326139092445373535e-02
9.982610121369361877e-03
1.167888403870165348e-03
8.829384297132492065e-02
