7.455275859683752060e-03
-5.639378353953361511e-02
-6.041696295142173767e-02
8.200507611036300659e-02
9.668494760990142822e-02
8.023855835199356079e-02
-6.867521256208419800e-02
-9.681928902864456177e-02
-1.088953316211700439e-01
5.747963208705186844e-03
4.304790496826171875e-02
-1.572498083114624023e-01
-2.161281555891036987e-01
1.350347883999347687e-02
-6.083409115672111511e-02
1.238445192575454712e-02
-6.011303141713142395e-02
-4.421624168753623962e-02
1.124279499053955078e-01
-1.143344640731811523e-01
-1.440172791481018066e-01
1.963771134614944458e-01
-5.225887522101402283e-02
-1.143819913268089294e-01
-1.016151309013366699e-01
2.751101180911064148e-02
2.024575136601924896e-02
-4.369866475462913513e-02
3.902676329016685486e-02
8.313320577144622803e-02
1.237749904394149780e-01
-1.191151421517133713e-02
5.900225602090358734e-03
-8.391220122575759888e-03
-1.455173268914222717e-02
-1.591590233147144318e-02
-1.325328648090362549e-01
5.991605669260025024e-02
-1.197148188948631287e-01
1.575731784105300903e-01
-5.707295611500740051e-02
-1.000058054924011230e-01
8.093889057636260986e-02
9.287143498659133911e-02
1.576845906674861908e-02
-3.837915882468223572e-02
-5.290106683969497681e-02
-1.565882265567779541e-01
6.354333460330963135e-02
1.093677151948213577e-02
1.017948016524314880e-01
-1.641375198960304260e-02
-6.497898139059543610e-03
-2.806299179792404175e-02
1.944068968296051025e-01
1.004554405808448792e-01
6.979346275329589844e-02
1.522230505943298340e-01
7.556459307670593262e-02
1.801961474120616913e-02
2.329642325639724731e-02
2.067254036664962769e-01
1.172387525439262390e-01
-1.146638952195644379e-02
1.983112283051013947e-02
5.834626778960227966e-02
2.641848113853484392e-04
7.595972716808319092e-02
1.172842681407928467e-01
9.135094285011291504e-02
7.816947996616363525e-02
-2.352167107164859772e-02
-1.332756131887435913e-01
8.533497154712677002e-02
6.158321723341941833e-02
-1.242475304752588272e-02
6.352111697196960449e-02
-1.693128049373626709e-02
3.611141443252563477e-02
-7.165559381246566772e-02
1.662085652351379395e-01
-1.746626496315002441e-01
5.453200638294219971e-02
-8.782473951578140259e-02
3.578186035156250000e-02
-2.573781460523605347e-02
3.965562675148248672e-03
2.413827925920486450e-03
1.564175635576248169e-01
5.281593278050422668e-02
-1.341582238674163818e-01
1.458780467510223389e-01
-6.259340792894363403e-03
-1.584757119417190552e-01
-3.566037863492965698e-02
-1.164444759488105774e-01
2.896164311096072197e-03
1.228302195668220520e-01
8.946090191602706909e-02
-1.501115504652261734e-02
-4.106470942497253418e-02
-1.140116900205612183e-01
-1.368950158357620239e-01
1.262388229370117188e-01
8.153867721557617188e-02
7.440348714590072632e-02
-2.592369541525840759e-02
-1.773024722933769226e-02
-6.258217990398406982e-02
1.611529476940631866e-02
-6.488783657550811768e-02
-5.990678444504737854e-03
2.510114386677742004e-02
-2.881572348996996880e-03
-1.237927153706550598e-01
1.103182672522962093e-03
-5.142151564359664917e-02
-1.111204177141189575e-01
-5.517727509140968323e-02
3.192485123872756958e-02
-1.687580160796642303e-02
3.051225095987319946e-02
1.336554717272520065e-02
9.897878766059875488e-02
-1.598635464906692505e-01
6.071213260293006897e-02
-1.589902788400650024e-01
1.000281423330307007e-02
