-1.056791394948959351e-01
-6.393891293555498123e-03
-7.609958760440349579e-03
-1.750256866216659546e-03
-3.032507002353668213e-02
5.089578405022621155e-02
-1.737178675830364227e-02
-3.537453338503837585e-02
-1.409296542406082153e-01
-4.853523522615432739e-02
3.969344496726989746e-02
-7.237119227647781372e-02
2.767653577029705048e-02
-2.209546044468879700e-02
2.935130614787340164e-04
-6.877349317073822021e-02
-3.731335327029228210e-02
5.413960292935371399e-02
-2.595232985913753510e-02
-8.830604143440723419e-03
-1.669384390115737915e-01
1.845057755708694458e-01
1.253975089639425278e-02
-1.214859783649444580e-01
1.288474071770906448e-02
1.028120964765548706e-01
-6.385740637779235840e-02
3.511398658156394958e-02
1.224656850099563599e-01
1.900379545986652374e-02
7.507681101560592651e-02
1.187737733125686646e-01
7.787872105836868286e-02
1.549012959003448486e-02
-3.576049208641052246e-02
9.246844053268432617e-02
-1.777874305844306946e-02
-1.626506634056568146e-02
-8.369699120521545410e-02
1.172483041882514954e-01
-9.252733737230300903e-02
-1.123923212289810181e-01
-1.593489199876785278e-02
7.566352933645248413e-02
-1.213292703032493591e-01
-2.751829661428928375e-02
1.032965555787086487e-01
-6.628264486789703369e-02
9.884309768676757812e-02
2.097078971564769745e-02
1.412281543016433716e-01
1.633580890484154224e-03
-5.509719625115394592e-02
-1.315004229545593262e-01
1.610794216394424438e-01
4.826954752206802368e-02
1.224252805113792419e-01
6.419906765222549438e-02
3.011239320039749146e-02
-3.931051865220069885e-02
1.082796137779951096e-02
3.718695044517517090e-02
-8.316589146852493286e-02
1.059673540294170380e-02
-4.031892493367195129e-02
5.564139038324356079e-02
-1.139590889215469360e-01
4.028341919183731079e-02
4.547514021396636963e-02
3.562832996249198914e-02
1.801161766052246094e-01
-5.873318389058113098e-02
3.927580267190933228e-02
-8.005590643733739853e-04
1.729947328567504883e-01
-7.400012761354446411e-02
-1.148403584957122803e-01
-5.430386215448379517e-02
3.793910890817642212e-02
-1.810014992952346802e-01
1.188534572720527649e-01
-1.326019465923309326e-01
-1.217600554227828979e-01
-2.133336961269378662e-01
1.262122988700866699e-01
6.141161918640136719e-02
-1.280415356159210205e-01
6.669735908508300781e-02
8.035734295845031738e-02
2.200097888708114624e-01
-1.481571644544601440e-01
1.774503141641616821e-01
-6.724960356950759888e-02
-1.217306032776832581e-01
-7.336577028036117554e-02
-1.857791990041732788e-01
-7.194594293832778931e-02
2.038208395242691040e-02
1.445067077875137329e-01
6.727465987205505371e-02
-2.756104804575443268e-03
-8.067113906145095825e-02
-1.020052582025527954e-01
1.073668897151947021e-01
3.399483626708388329e-03
-5.182711780071258545e-02
-2.977835945785045624e-02
-9.850317239761352539e-02
-1.320585608482360840e-01
-5.780671536922454834e-02
8.539218455553054810e-02
-1.791700348258018494e-02
5.853006616234779358e-02
5.755748972296714783e-02
-1.022147107869386673e-02
-7.184593379497528076e-02
-7.361045479774475098e-02
-1.695282012224197388e-01
-4.319985210895538330e-02
-4.257046058773994446e-02
3.190745785832405090e-02
4.274654015898704529e-02
-2.918762527406215668e-02
-3.109142184257507324e-02
-7.461683452129364014e-02
6.363536417484283447e-02
2.714742549869697541e-05
1.851470954716205597e-02
