-9.413325786590576172e-02
-2.779920771718025208e-02
-6.666417419910430908e-02
7.108428329229354858e-02
-7.808080874383449554e-03
9.076327830553054810e-02
-1.181253120303153992e-01
-5.208846554160118103e-02
-3.439033031463623047e-02
1.530942469835281372e-01
1.060922294855117798e-01
-1.417239103466272354e-02
-1.471233665943145752e-01
-5.706119164824485779e-02
3.992083296179771423e-02
9.276618808507919312e-02
-3.933532536029815674e-02
-5.111050605773925781e-02
1.172414869070053101e-01
-7.091204822063446045e-02
2.129070198861882091e-04
1.638004928827285767e-01
4.757224582135677338e-03
-6.654049456119537354e-02
-4.829159379005432129e-02
1.796661466360092163e-01
7.127041369676589966e-02
-1.129957064986228943e-01
-5.031242966651916504e-03
-4.293409362435340881e-02
7.599784433841705322e-02
-7.925713434815406799e-04
4.413097724318504333e-02
-1.128538474440574646e-01
3.786208853125572205e-02
-1.146226972341537476e-01
-1.258875802159309387e-02
4.334462061524391174e-02
-7.861407846212387085e-02
3.909226879477500916e-02
-1.814658939838409424e-01
-1.073109135031700134e-01
-2.748250775039196014e-02
1.643470227718353271e-01
8.334445208311080933e-02
-3.239960968494415283e-02
1.157014518976211548e-01
2.128949016332626343e-02
-1.644831337034702301e-02
-1.148755010217428207e-02
1.746315509080886841e-01
4.484838806092739105e-03
-5.073718354105949402e-02
-9.521026909351348877e-02
4.699570685625076294e-02
5.845601111650466919e-02
1.375909596681594849e-01
2.599339187145233154e-02
3.360924869775772095e-02
4.042939096689224243e-02
-1.765879429876804352e-02
4.324889928102493286e-02
-8.469738811254501343e-02
1.693671755492687225e-02
-3.578518703579902649e-02
-5.327321961522102356e-02
-6.880842149257659912e-03
-3.190608695149421692e-02
8.939442038536071777e-02
-8.127417415380477905e-02
2.110093981027603149e-01
5.465984810143709183e-03
-2.174570411443710327e-01
5.232740566134452820e-02
1.940282434225082397e-01
-7.748588919639587402e-02
-1.156739816069602966e-01
-4.914189875125885010e-02
-5.688325688242912292e-02
-1.721030920743942261e-01
6.191492080688476562e-03
-1.240146830677986145e-01
-1.151835769414901733e-01
-7.672858238220214844e-02
-6.898130476474761963e-02
-3.229867201298475266e-03
2.337558893486857414e-03
1.984535343945026398e-02
5.299263074994087219e-02
-5.656898021697998047e-02
-4.555951803922653198e-02
1.056344434618949890e-01
-2.000897079706192017e-01
3.917758539319038391e-02
-5.961979925632476807e-02
-2.046594172716140747e-01
9.378484636545181274e-02
-9.283597022294998169e-02
-3.345850855112075806e-02
1.310942508280277252e-02
1.389952450990676880e-01
2.000204473733901978e-02
-5.681230127811431885e-02
7.831546664237976074e-02
1.568191498517990112e-01
-1.288677193224430084e-02
-5.273406580090522766e-02
2.234252728521823883e-02
-5.494877696037292480e-02
7.385514676570892334e-02
3.138946741819381714e-02
1.005050018429756165e-01
1.560293138027191162e-01
1.375814229249954224e-01
-4.383422061800956726e-02
-2.892015688121318817e-02
-9.788095206022262573e-02
-1.470920890569686890e-01
-1.218463014811277390e-02
-1.028243638575077057e-02
1.030935421586036682e-01
-4.257575049996376038e-02
-2.260758168995380402e-02
-4.389123618602752686e-02
-1.042187958955764771e-01
-5.061729624867439270e-02
4.743468388915061951e-02
3.263065218925476074e-02
