-2.711890824139118195e-02
-3.510765731334686279e-02
-1.206677034497261047e-01
2.125835269689559937e-01
1.305016279220581055e-01
7.487790286540985107e-02
-1.136950924992561340e-01
-1.942498385906219482e-01
-1.022214964032173157e-01
-3.642119094729423523e-02
-6.132585182785987854e-02
-1.093974933028221130e-01
-8.031959831714630127e-02
4.796445369720458984e-02
-1.076219305396080017e-01
-1.282264571636915207e-02
-7.817960530519485474e-02
2.600738964974880219e-02
2.095683217048645020e-01
-1.571297943592071533e-01
-6.379631161689758301e-02
1.504289358854293823e-01
-1.374940038658678532e-03
-1.297572106122970581e-01
-1.123873889446258545e-01
2.734626457095146179e-02
6.048508919775485992e-03
-5.195466801524162292e-02
2.782652713358402252e-02
4.594717174768447876e-02
6.131094321608543396e-02
8.295454829931259155e-02
-2.927948161959648132e-02
-6.770766526460647583e-02
-8.730991184711456299e-02
1.884863153100013733e-02
-6.198309734463691711e-02
-6.720453966408967972e-03
-1.182190477848052979e-01
1.320126354694366455e-01
5.240263417363166809e-02
-2.138700336217880249e-02
1.007529720664024353e-01
5.907458811998367310e-02
7.726100832223892212e-02
-9.944004565477371216e-02
-2.838688716292381287e-02
-1.220525428652763367e-01
-4.509240016341209412e-02
7.973864674568176270e-02
1.074751242995262146e-01
4.016014933586120605e-02
-6.553935259580612183e-02
4.017884656786918640e-02
3.139820322394371033e-02
1.218367218971252441e-01
1.028348691761493683e-02
4.237388446927070618e-02
7.133517414331436157e-02
-4.250435531139373779e-02
-1.348559372127056122e-02
9.376665949821472168e-02
6.219653785228729248e-02
-1.823678314685821533e-01
5.379466805607080460e-03
6.942419707775115967e-02
3.090516664087772369e-02
2.634529769420623779e-02
9.137646108865737915e-02
9.846641868352890015e-02
1.382935196161270142e-01
-2.194130420684814453e-02
-1.615800261497497559e-01
8.117107301950454712e-02
4.936411976814270020e-02
6.427560746669769287e-02
-2.608049660921096802e-03
-9.028840810060501099e-02
8.413891494274139404e-02
-3.885715035721659660e-03
1.484447717666625977e-01
-2.008612155914306641e-01
1.982559636235237122e-02
-1.008090227842330933e-01
-1.440938562154769897e-02
-8.828737773001194000e-03
-8.841642737388610840e-02
4.193709697574377060e-03
1.496268063783645630e-01
1.022214721888303757e-02
-7.958129048347473145e-02
4.129461571574211121e-02
3.310852125287055969e-02
-1.647742390632629395e-01
5.988453701138496399e-02
-9.691235423088073730e-02
7.323068380355834961e-02
4.352070018649101257e-02
5.085965618491172791e-02
1.597202569246292114e-02
-6.773360818624496460e-02
-1.083778683096170425e-02
-1.167878434062004089e-01
2.203176766633987427e-01
1.245652288198471069e-01
1.015927717089653015e-01
-6.278426945209503174e-02
-1.221274863928556442e-02
-8.782749623060226440e-02
2.856212295591831207e-02
-7.387819141149520874e-02
6.403834372758865356e-02
5.233874544501304626e-03
-4.422880709171295166e-02
-1.073559448122978210e-01
1.047684103250503540e-01
9.798889979720115662e-03
-5.124198272824287415e-02
-8.731169253587722778e-02
-2.233649976551532745e-02
-4.088485240936279297e-02
3.816948272287845612e-03
6.303807348012924194e-02
4.848951101303100586e-02
-2.014546245336532593e-01
-1.027151569724082947e-01
-3.346775472164154053e-02
3.195178508758544922e-02
