-1.381180137395858765e-01
-2.830073051154613495e-02
-1.382135301828384399e-01
1.327207684516906738e-01
9.782297909259796143e-02
1.699408739805221558e-01
-5.924250464886426926e-03
-1.381764560937881470e-01
-1.424790173768997192e-01
4.883748292922973633e-02
-1.089316830039024353e-01
-1.518796682357788086e-01
-6.153587251901626587e-02
3.061646968126296997e-02
-4.562205448746681213e-02
-8.995196223258972168e-02
-8.932543545961380005e-02
-1.465410180389881134e-02
3.139412775635719299e-02
-1.447059586644172668e-02
-9.778513014316558838e-02
1.619778573513031006e-01
6.497491151094436646e-02
-1.059675142168998718e-01
-1.001894399523735046e-01
-3.541272832080721855e-03
-1.308815088123083115e-02
5.873430927749723196e-05
-6.058746576309204102e-02
1.200858354568481445e-01
3.542030602693557739e-02
4.302573204040527344e-02
-1.050992682576179504e-02
2.980652451515197754e-02
-1.770296543836593628e-01
4.380499944090843201e-02
-9.865163266658782959e-02
3.095242753624916077e-02
-1.339896321296691895e-01
1.662830077111721039e-02
-4.161723330616950989e-02
-9.924109280109405518e-02
6.001083180308341980e-02
3.853994235396385193e-02
-3.545449348166584969e-03
-3.273170068860054016e-02
-5.590635538101196289e-02
-1.324543058872222900e-01
-5.745739210397005081e-03
6.074060872197151184e-02
2.246095240116119385e-02
4.981003701686859131e-02
3.119141422212123871e-02
2.620143117383122444e-03
6.936943531036376953e-02
1.612051874399185181e-01
1.372677683830261230e-01
1.130795329809188843e-01
-4.646747931838035583e-02
-3.646447882056236267e-02
2.680924348533153534e-02
1.848385930061340332e-01
-1.702882349491119385e-02
2.344235219061374664e-02
-6.607543677091598511e-02
1.153775528073310852e-01
3.069671988487243652e-02
6.127987429499626160e-02
2.368772588670253754e-02
1.031594052910804749e-01
1.647030115127563477e-01
-1.705178059637546539e-02
-7.473071455024182796e-04
7.410890609025955200e-02
-1.607664115726947784e-02
2.253746613860130310e-02
6.483232229948043823e-02
-1.103688105940818787e-01
1.398368477821350098e-01
-9.004104137420654297e-02
1.147610917687416077e-01
-1.973434984683990479e-01
-1.045645102858543396e-01
-1.123389452695846558e-01
1.258767694234848022e-01
-1.277207732200622559e-01
-1.122171618044376373e-02
1.199440658092498779e-02
1.576682627201080322e-01
1.639056950807571411e-01
-1.169495135545730591e-01
4.407903924584388733e-02
-1.429612748324871063e-02
-7.850895822048187256e-02
2.625821903347969055e-02
1.922926516272127628e-03
-1.687458157539367676e-02
9.825921803712844849e-02
6.882470101118087769e-02
7.988999783992767334e-02
-3.217478469014167786e-02
6.747632473707199097e-02
-1.360514909029006958e-01
1.468166261911392212e-01
1.801424100995063782e-02
7.893813401460647583e-02
-1.077465713024139404e-01
2.832256257534027100e-02
-7.995031028985977173e-02
-2.872721990570425987e-03
-2.555242367088794708e-02
-3.047341667115688324e-02
-2.969588339328765869e-02
-1.297357380390167236e-01
-7.311800867319107056e-02
1.609436236321926117e-03
-4.670936614274978638e-02
-7.097102701663970947e-02
-1.393883079290390015e-01
-1.556614972651004791e-02
-6.373459473252296448e-03
1.207774505019187927e-01
1.340340524911880493e-01
-7.795379310846328735e-02
-1.495994925498962402e-01
-4.194501042366027832e-02
-9.885324537754058838e-02
1.816803403198719025e-02
