-1.187109127640724182e-01
-5.852958187460899353e-02
-3.509413078427314758e-02
4.579134285449981689e-02
6.410382222384214401e-03
-3.440498560667037964e-02
-3.779280558228492737e-02
-8.703826367855072021e-02
-8.774805814027786255e-02
-1.235486119985580444e-01
3.354028984904289246e-02
-6.257538218051195145e-03
-8.056867867708206177e-02
-1.030975207686424255e-01
7.197022438049316406e-02
1.617924124002456665e-02
-9.828388690948486328e-02
5.375804845243692398e-03
4.290042072534561157e-02
-1.644410341978073120e-01
-5.678696930408477783e-02
1.488600820302963257e-01
8.084903657436370850e-02
-1.529291551560163498e-02
-1.540867835283279419e-01
1.679390668869018555e-01
4.930178448557853699e-02
-5.589940771460533142e-02
-4.102753102779388428e-02
6.919717043638229370e-02
1.492098718881607056e-01
2.258035121485590935e-03
1.610060483217239380e-01
-9.368292242288589478e-02
-3.599612042307853699e-02
-4.706206545233726501e-02
-4.259823355823755264e-03
-1.111822426319122314e-01
-2.347327768802642822e-02
5.083236098289489746e-02
-2.038681358098983765e-01
-8.779195696115493774e-02
-1.108319237828254700e-01
1.771773099899291992e-01
5.615951493382453918e-02
3.467522934079170227e-02
-1.751776970922946930e-02
4.606333095580339432e-03
7.447405159473419189e-02
-1.110323425382375717e-02
2.701393067836761475e-01
7.560879737138748169e-02
8.613392710685729980e-02
-6.258047372102737427e-02
-8.928585052490234375e-02
-3.688611835241317749e-02
4.614330083131790161e-02
7.985810190439224243e-02
6.317773461341857910e-02
4.400037974119186401e-02
8.031063526868820190e-02
9.352869540452957153e-02
-1.003892943263053894e-01
6.434555351734161377e-02
-2.242464758455753326e-02
8.896846324205398560e-02
7.853966951370239258e-02
6.566855311393737793e-02
1.261356323957443237e-01
6.181367859244346619e-02
4.717915132641792297e-02
3.705905377864837646e-02
-6.646224856376647949e-02
1.819873154163360596e-01
2.362602949142456055e-01
-1.488926559686660767e-01
-4.964024946093559265e-02
-6.228348240256309509e-02
-2.415401116013526917e-02
-8.538857847452163696e-02
1.415871232748031616e-01
-3.456718474626541138e-02
-1.605914533138275146e-01
-6.303966045379638672e-02
9.048854932188987732e-03
2.669263072311878204e-02
-1.138674095273017883e-01
3.001524507999420166e-02
1.344109028577804565e-01
-3.192164376378059387e-02
-4.118328168988227844e-02
1.914739906787872314e-01
-7.345578819513320923e-02
-1.721124723553657532e-02
-1.161782890558242798e-01
-7.774677127599716187e-02
8.143422007560729980e-02
-1.265834434889256954e-03
-2.437129616737365723e-02
-2.011235244572162628e-02
2.736981771886348724e-02
-1.356499195098876953e-01
-1.972730830311775208e-02
4.214530438184738159e-02
-1.601004973053932190e-02
-2.804502286016941071e-02
-9.889540821313858032e-02
-3.771816194057464600e-02
-1.306704282760620117e-01
8.229481428861618042e-02
4.706003516912460327e-02
8.213493973016738892e-02
5.694640055298805237e-02
6.926317582838237286e-04
9.936002606991678476e-05
-4.250007495284080505e-02
-8.102559298276901245e-02
-3.129126504063606262e-02
1.571463188156485558e-03
1.578106135129928589e-01
2.712694928050041199e-03
-3.043309040367603302e-02
-4.567921161651611328e-02
3.192905709147453308e-02
-1.341850459575653076e-01
-1.421882677823305130e-02
-6.482850015163421631e-02
8.226462453603744507e-02
