2.491878531873226166e-02
-1.491290926933288574e-01
-4.697588458657264709e-02
4.784841462969779968e-02
4.801867529749870300e-03
2.212767675518989563e-02
-6.960497051477432251e-02
-8.831854909658432007e-02
2.488497085869312286e-02
1.606876254081726074e-01
-4.556569457054138184e-02
-4.344361275434494019e-02
-1.413843333721160889e-01
-4.093713313341140747e-02
5.000124499201774597e-02
6.080794706940650940e-02
-5.609056353569030762e-02
-4.928219690918922424e-02
1.360609084367752075e-01
-1.796183884143829346e-01
-8.060318231582641602e-02
9.207689762115478516e-02
-3.886395692825317383e-02
-6.837435811758041382e-02
-6.748849898576736450e-02
1.052941158413887024e-01
1.299331523478031158e-02
-8.015728741884231567e-02
1.575585901737213135e-01
-9.031321108341217041e-02
1.050413474440574646e-01
-5.210255458950996399e-02
3.825870901346206665e-02
-2.526804804801940918e-02
5.776010826230049133e-02
-5.973464250564575195e-02
-7.798171043395996094e-02
6.738200783729553223e-02
-3.015945898368954659e-03
1.950474828481674194e-01
-5.045207962393760681e-02
-6.724044680595397949e-02
7.777967303991317749e-02
1.176153048872947693e-01
7.330141961574554443e-02
8.523368090391159058e-02
1.263520717620849609e-01
-2.110198512673377991e-02
3.005037084221839905e-02
-4.085842519998550415e-02
9.802395850419998169e-02
-6.067378073930740356e-02
-1.623242944478988647e-01
8.743685483932495117e-02
1.149678230285644531e-01
2.459996752440929413e-02
1.123487576842308044e-01
-5.786463618278503418e-02
1.044943556189537048e-01
-7.532971352338790894e-02
-2.522849477827548981e-02
9.651783853769302368e-03
1.132543664425611496e-02
-6.656631827354431152e-02
5.878220498561859131e-02
2.422880753874778748e-02
1.532476209104061127e-02
-1.275591552257537842e-01
1.358167231082916260e-01
-5.600765347480773926e-02
5.575788021087646484e-02
-1.202834304422140121e-02
-2.408372461795806885e-01
-5.068460479378700256e-02
2.170818448066711426e-01
-1.200407296419143677e-01
-5.498355999588966370e-02
1.199350226670503616e-02
-3.295789286494255066e-02
-4.821664094924926758e-02
1.327405124902725220e-01
-2.009067088365554810e-01
3.462194465100765228e-03
-5.504575744271278381e-02
-3.496194630861282349e-02
1.364096105098724365e-01
-8.489716798067092896e-02
1.897331885993480682e-02
1.292047053575515747e-01
-7.609244436025619507e-02
-3.895859047770500183e-02
6.173895671963691711e-02
-6.712130457162857056e-02
-1.014165058732032776e-01
-9.640654921531677246e-02
-2.889854647219181061e-02
-2.400773111730813980e-03
-4.364703968167304993e-02
8.098915219306945801e-02
-5.520184058696031570e-03
3.067817911505699158e-02
-3.650778159499168396e-02
-8.327198773622512817e-02
1.352423131465911865e-01
1.586065590381622314e-01
1.411797385662794113e-02
-2.438550814986228943e-02
-8.603716641664505005e-02
-1.838950961828231812e-01
2.323658578097820282e-02
3.547250758856534958e-03
5.775693431496620178e-02
1.377470493316650391e-01
1.879446357488632202e-01
-1.183378621935844421e-01
-7.566205412149429321e-02
-1.961837336421012878e-02
-8.556716889142990112e-02
-1.713616511551663280e-04
3.697927342727780342e-03
4.397509992122650146e-02
-6.624437868595123291e-02
-5.469688400626182556e-02
8.823538571596145630e-02
-1.168353557586669922e-01
-6.064486876130104065e-02
-1.422108802944421768e-02
2.954637631773948669e-02
