-1.938713192939758301e-01
7.409288734197616577e-02
-4.503020271658897400e-02
6.650295108556747437e-02
-2.417732030153274536e-02
4.249662533402442932e-02
5.326048284769058228e-02
-1.949119120836257935e-01
-1.725725233554840088e-01
3.075194917619228363e-02
4.834485426545143127e-02
-1.043694019317626953e-01
-3.223745152354240417e-02
-3.947966173291206360e-02
1.514065638184547424e-02
-7.469861209392547607e-02
-8.421897888183593750e-02
2.416867949068546295e-02
6.382284313440322876e-02
-7.098536193370819092e-02
-1.486719548702239990e-01
1.443824917078018188e-01
1.239037048071622849e-02
-1.429155915975570679e-01
6.947784870862960815e-02
3.258709236979484558e-02
-1.075273752212524414e-01
9.024058282375335693e-02
-8.117254823446273804e-02
1.854399219155311584e-02
5.194919183850288391e-02
2.808597311377525330e-02
1.291694194078445435e-01
-7.000169716775417328e-03
-7.852586358785629272e-02
2.778374403715133667e-02
-1.451195031404495239e-01
-1.220086123794317245e-02
-1.386647224426269531e-01
1.093308106064796448e-01
-1.105292662978172302e-01
-1.839866489171981812e-01
8.011765778064727783e-02
1.218561977148056030e-01
5.046904832124710083e-02
4.740643501281738281e-02
4.844938404858112335e-03
2.151595987379550934e-02
7.368317991495132446e-02
1.340860426425933838e-01
1.118411123752593994e-01
3.976685926318168640e-03
-7.534134387969970703e-02
-1.101609990000724792e-01
2.502639219164848328e-02
8.258342742919921875e-02
-1.767917163670063019e-02
8.547625690698623657e-02
5.772546678781509399e-02
7.490614056587219238e-02
5.076032131910324097e-02
1.007989197969436646e-01
5.316797178238630295e-03
-4.341669846326112747e-03
-4.110040143132209778e-03
3.753742948174476624e-02
-1.271858513355255127e-01
2.148884534835815430e-02
1.356778759509325027e-02
1.730780750513076782e-01
8.287326991558074951e-02
4.575564339756965637e-02
-2.668697386980056763e-02
9.575573354959487915e-02
4.635995626449584961e-02
-3.532366827130317688e-02
1.061321869492530823e-01
-4.468361288309097290e-02
3.902921453118324280e-02
-1.646910160779953003e-01
1.988162696361541748e-01
-9.761711210012435913e-02
-8.558847755193710327e-02
-1.275869756937026978e-01
1.248727440834045410e-01
-6.677407026290893555e-02
-2.201544120907783508e-02
7.983668893575668335e-02
1.617052406072616577e-01
6.058195978403091431e-02
-1.428880095481872559e-01
1.761211454868316650e-01
-6.196379289031028748e-02
-2.463223412632942200e-02
-1.452083587646484375e-01
-1.858269572257995605e-01
7.758952677249908447e-03
1.312866508960723877e-01
4.144619032740592957e-02
-4.232884570956230164e-02
1.419807821512222290e-01
-7.569864392280578613e-03
-8.877457678318023682e-02
5.662959814071655273e-02
2.723700925707817078e-02
-5.769590288400650024e-02
-2.169942483305931091e-02
1.459898613393306732e-02
3.734431788325309753e-02
-7.482036948204040527e-02
1.141506340354681015e-02
-4.402389377355575562e-02
1.092372369021177292e-02
2.445182949304580688e-02
-5.120791867375373840e-02
-8.135059475898742676e-02
-1.043900176882743835e-01
-5.633571371436119080e-02
-6.185864284634590149e-02
-1.253998726606369019e-01
-1.237308830022811890e-01
1.480445824563503265e-02
6.023364886641502380e-02
-7.431162893772125244e-02
-6.953123211860656738e-02
-7.204402238130569458e-02
-1.354280952364206314e-02
4.137291759252548218e-02
