4.164871945977210999e-02
-7.964636385440826416e-02
-1.061818227171897888e-01
2.240167558193206787e-01
-3.440288454294204712e-02
1.407115757465362549e-01
6.941130012273788452e-02
-2.244870066642761230e-01
-6.071177870035171509e-02
8.814222365617752075e-02
-5.446568876504898071e-02
-1.381969004869461060e-01
-1.416635066270828247e-01
-7.295963354408740997e-03
-4.610860254615545273e-03
8.710287511348724365e-03
1.981065981090068817e-02
1.090725064277648926e-01
1.817671656608581543e-01
-9.219766408205032349e-02
4.146708641201257706e-03
1.492246836423873901e-01
5.207032896578311920e-03
-1.006628721952438354e-01
-9.350403398275375366e-02
4.542614147067070007e-02
1.323973666876554489e-02
-2.310658805072307587e-02
4.770817235112190247e-02
9.060280025005340576e-02
8.156281709671020508e-02
4.389787837862968445e-02
-1.388714369386434555e-02
-2.649987488985061646e-02
-9.234046190977096558e-02
4.425518214702606201e-02
-7.307514548301696777e-02
1.470187399536371231e-02
-1.446756720542907715e-01
2.006402611732482910e-01
-1.538553740829229355e-02
-5.778209865093231201e-02
5.349387228488922119e-02
-2.207699976861476898e-02
7.051739096641540527e-02
-6.042296439409255981e-02
-2.248420380055904388e-02
-6.848692893981933594e-02
7.486712932586669922e-02
9.735649451613426208e-03
1.079928725957870483e-01
-5.177599191665649414e-02
-5.908758193254470825e-02
6.615713238716125488e-02
1.262396425008773804e-01
1.155392974615097046e-01
1.348058283329010010e-01
2.937027998268604279e-02
5.003105849027633667e-02
-8.697090297937393188e-02
-5.674654617905616760e-02
1.356521695852279663e-01
1.352437213063240051e-02
-1.043598353862762451e-01
8.332869410514831543e-02
1.748751103878021240e-01
2.849926240742206573e-03
-3.289230912923812866e-02
9.711651504039764404e-02
1.305568031966686249e-02
1.402953267097473145e-01
1.076622828841209412e-01
-8.509793877601623535e-02
-8.973180502653121948e-02
2.546252124011516571e-02
-1.213962491601705551e-02
6.134234741330146790e-02
-9.372376650571823120e-02
1.762161031365394592e-02
-4.073903337121009827e-02
1.249601170420646667e-01
-2.533259689807891846e-01
4.677800834178924561e-02
-2.817202173173427582e-02
2.803313918411731720e-02
-1.555718574672937393e-02
-6.219045817852020264e-02
-7.703926414251327515e-02
5.892686545848846436e-02
5.708020552992820740e-02
-1.419022083282470703e-01
2.259621396660804749e-02
-2.708204090595245361e-02
-9.880335628986358643e-02
-7.377134263515472412e-02
1.255187392234802246e-02
-1.022912114858627319e-01
2.940230816602706909e-02
1.344653367996215820e-01
-1.378618460148572922e-02
-2.251927554607391357e-02
-5.961330607533454895e-03
2.740611135959625244e-02
1.884964406490325928e-01
3.165704896673560143e-03
1.962018944323062897e-02
-7.372508943080902100e-02
-1.274193525314331055e-01
-1.426637023687362671e-01
-1.927695935592055321e-03
-7.337131351232528687e-02
-5.293909087777137756e-02
6.328157335519790649e-02
4.825535416603088379e-02
-7.534585148096084595e-02
-2.435366623103618622e-02
3.685265779495239258e-02
8.131451904773712158e-02
-5.909983813762664795e-02
-2.417645044624805450e-02
7.586852181702852249e-03
5.701151117682456970e-02
-5.892537161707878113e-02
4.368050023913383484e-02
-1.987384259700775146e-01
-5.830913409590721130e-02
-1.579349040985107422e-01
-2.071312442421913147e-02
