-5.176704376935958862e-02
3.861805796623229980e-02
4.323766008019447327e-02
1.385117173194885254e-01
-5.305415391921997070e-02
3.139274939894676208e-02
4.913456365466117859e-02
-1.432171612977981567e-01
-1.709493398666381836e-01
-3.153957054018974304e-02
-3.466679528355598450e-02
-8.094066381454467773e-02
-9.188449382781982422e-02
-1.387182436883449554e-02
2.671925351023674011e-03
-2.004396542906761169e-02
3.954451158642768860e-02
1.486300677061080933e-01
2.245439961552619934e-02
-2.557183243334293365e-02
-1.635494828224182129e-02
1.429692208766937256e-01
1.969204470515251160e-02
-9.769644588232040405e-02
-7.149142771959304810e-02
2.610471658408641815e-02
-9.711485356092453003e-02
3.878012672066688538e-02
1.074671298265457153e-01
2.131746336817741394e-02
8.652710169553756714e-02
7.862471044063568115e-02
1.316158324480056763e-01
-1.454755384474992752e-02
-1.255527883768081665e-01
6.936044245958328247e-02
-1.703704595565795898e-01
-2.418244024738669395e-03
-1.152392402291297913e-01
2.004242688417434692e-01
-1.117113530635833740e-01
-1.193381324410438538e-01
-2.818972244858741760e-02
3.426823392510414124e-02
9.491793066263198853e-02
1.230251882225275040e-02
5.434618890285491943e-02
-4.925565794110298157e-02
6.477431952953338623e-02
1.126635745167732239e-01
1.501694470643997192e-01
3.220410272479057312e-02
-5.973864346742630005e-02
-1.672931015491485596e-02
6.222098693251609802e-02
1.481168624013662338e-02
3.145157545804977417e-02
4.035213217139244080e-02
1.864820532500743866e-02
-3.086154907941818237e-02
1.857220940291881561e-02
7.128577679395675659e-02
4.303388670086860657e-02
1.345246005803346634e-02
4.219123348593711853e-02
1.751595735549926758e-01
-1.425143182277679443e-01
-6.319493986666202545e-03
-1.126674190163612366e-02
9.223795682191848755e-02
1.102270856499671936e-01
1.244505569338798523e-01
2.121109701693058014e-02
3.098816610872745514e-02
5.048773437738418579e-02
-1.540466677397489548e-02
-1.954508572816848755e-02
2.029679715633392334e-02
-7.083480805158615112e-02
-1.740980297327041626e-01
2.011262178421020508e-01
-1.199672594666481018e-01
-9.655775874853134155e-02
-1.342377811670303345e-01
1.637665033340454102e-01
9.470317512750625610e-02
-7.208740711212158203e-02
6.217245012521743774e-02
8.656365424394607544e-02
8.555788546800613403e-02
-1.456192433834075928e-01
2.094569206237792969e-01
-8.642471581697463989e-02
9.154782630503177643e-03
-1.326631158590316772e-01
-6.056818366050720215e-02
-7.693652808666229248e-02
1.461043395102024078e-02
1.721229553222656250e-01
-8.952932804822921753e-02
1.941448077559471130e-02
-3.659385070204734802e-02
-3.442869335412979126e-02
1.343665122985839844e-01
3.333773463964462280e-02
-9.060479700565338135e-02
4.945965856313705444e-02
-1.624430269002914429e-01
-9.744618088006973267e-02
-4.591610282659530640e-02
-1.095710173249244690e-01
4.992585629224777222e-02
-2.611033059656620026e-02
4.638143628835678101e-02
-5.336044728755950928e-02
-1.102567464113235474e-01
5.739374551922082901e-03
-4.232151806354522705e-02
-8.259075880050659180e-02
-9.726306051015853882e-02
-2.252808213233947754e-02
7.247897237539291382e-02
-2.962428331375122070e-02
-9.810707718133926392e-02
-1.504568606615066528e-01
-3.955254331231117249e-02
-8.854550868272781372e-02
3.433966636657714844e-02
