3.467267379164695740e-02
-2.153739519417285919e-02
3.716154396533966064e-02
6.799849122762680054e-02
-9.131320565938949585e-02
-2.070594020187854767e-02
-2.749663591384887695e-02
-7.112929970026016235e-02
-2.443697899580001831e-01
3.741914406418800354e-04
-3.434199467301368713e-02
-1.171782799065113068e-02
-3.737848624587059021e-02
-8.004135638475418091e-02
9.323491156101226807e-02
8.452511578798294067e-02
1.086378619074821472e-01
5.842842534184455872e-02
1.793461106717586517e-02
-8.513744175434112549e-02
-6.806139368563890457e-03
1.294059008359909058e-01
1.860830783843994141e-01
-1.437993161380290985e-02
-9.344754368066787720e-02
7.173094898462295532e-02
-4.519090056419372559e-02
-1.322119776159524918e-02
1.160305142402648926e-01
2.870421484112739563e-02
9.627479314804077148e-02
-2.762756496667861938e-02
7.927110046148300171e-02
-3.102593123912811279e-02
-3.981930762529373169e-02
5.913270264863967896e-02
-2.673729509115219116e-02
-9.563949704170227051e-02
3.958544693887233734e-03
1.962694972753524780e-01
-9.155079722404479980e-02
5.746217444539070129e-02
-1.514121443033218384e-01
8.925126492977142334e-02
2.983360551297664642e-02
-3.839439526200294495e-02
1.856094300746917725e-01
-3.964957967400550842e-02
1.751841306686401367e-01
3.611520677804946899e-02
2.872284054756164551e-01
-1.867723837494850159e-02
-6.485284119844436646e-02
-2.915754169225692749e-02
-6.673754006624221802e-02
-3.786529228091239929e-02
2.974504791200160980e-02
-2.133071888238191605e-03
-6.948137655854225159e-03
6.101178750395774841e-02
2.109426073729991913e-02
3.522013500332832336e-02
-1.132187321782112122e-01
3.137110173702239990e-02
4.955988749861717224e-02
-2.056704647839069366e-02
-4.148583859205245972e-02
-5.097128450870513916e-02
1.187469288706779480e-01
1.501982565969228745e-02
1.022076606750488281e-01
9.648386389017105103e-02
-7.634777575731277466e-02
1.480583846569061279e-02
1.063371896743774414e-01
-6.844236701726913452e-02
-1.673978753387928009e-02
-1.752860844135284424e-02
3.628705814480781555e-02
-8.341689407825469971e-02
1.708732098340988159e-01
-2.049579173326492310e-01
-1.260098665952682495e-01
-3.736541047692298889e-02
7.259813696146011353e-02
1.351559013128280640e-01
-6.282869726419448853e-02
3.957705572247505188e-02
1.388167440891265869e-01
-2.838137559592723846e-02
-1.757184863090515137e-01
9.805173426866531372e-02
-8.971233665943145752e-02
-2.403400372713804245e-03
-8.734565973281860352e-02
3.784225881099700928e-02
5.101076792925596237e-03
-1.159455720335245132e-02
2.276874706149101257e-02
-3.019473887979984283e-02
4.333199188113212585e-02
-8.501689136028289795e-02
-3.273052722215652466e-02
1.644430011510848999e-01
3.709995187819004059e-03
-7.983654737472534180e-02
7.272293418645858765e-02
-1.380984038114547729e-01
-1.958642154932022095e-01
-7.308216765522956848e-03
-4.343957081437110901e-02
-7.559760939329862595e-03
1.197224780917167664e-01
1.058303713798522949e-01
2.957434393465518951e-02
-4.768259823322296143e-02
-3.874272853136062622e-02
2.932694740593433380e-02
1.010771244764328003e-01
5.637717247009277344e-02
9.846201539039611816e-02
3.083714097738265991e-02
-2.364917472004890442e-02
8.806755393743515015e-02
-1.071853265166282654e-01
1.764976382255554199e-01
-8.510890603065490723e-02
-5.149709526449441910e-03
