-6.025815755128860474e-02
-1.545480936765670776e-01
-3.921821340918540955e-02
6.894668191671371460e-02
-8.469738066196441650e-02
3.838598728179931641e-02
-9.806023538112640381e-02
-8.556649088859558105e-02
-1.345738917589187622e-01
-3.021974302828311920e-02
1.402231901884078979e-01
-7.351227570325136185e-03
-1.856367141008377075e-01
-9.319628775119781494e-02
1.419811993837356567e-01
7.899937033653259277e-02
-2.333461539819836617e-03
-1.196623127907514572e-02
6.294684112071990967e-02
-1.376737207174301147e-01
-1.106879413127899170e-01
8.138184249401092529e-02
2.212775312364101410e-02
-4.346350207924842834e-02
-3.222359344363212585e-02
9.062103182077407837e-02
2.907160855829715729e-02
-5.677544325590133667e-02
4.397806152701377869e-02
4.369384422898292542e-02
1.340619027614593506e-01
-2.128077857196331024e-02
1.010540127754211426e-01
-2.667567878961563110e-02
-3.271917998790740967e-02
-2.514531090855598450e-02
-9.040159732103347778e-02
1.069418266415596008e-01
-5.274309590458869934e-02
1.936776041984558105e-01
-1.665990501642227173e-01
-8.633768558502197266e-02
-4.025496542453765869e-02
1.226083263754844666e-01
-2.263677492737770081e-02
5.320750549435615540e-02
1.816867664456367493e-02
3.486043959856033325e-02
1.432964354753494263e-01
-1.018915511667728424e-02
1.731569617986679077e-01
-3.068147785961627960e-02
-4.261940717697143555e-02
-6.649889796972274780e-02
1.235014870762825012e-01
-1.324643380939960480e-02
1.292232424020767212e-01
8.575368672609329224e-02
4.162773862481117249e-02
5.596720054745674133e-02
-2.534811012446880341e-02
1.402385085821151733e-01
2.789445593953132629e-02
9.681477397680282593e-02
9.129225462675094604e-02
8.387224376201629639e-02
-2.727879025042057037e-02
-7.783173769712448120e-02
1.292769759893417358e-01
2.370379492640495300e-02
7.019010186195373535e-02
2.135793305933475494e-02
-1.255820244550704956e-01
9.943313151597976685e-02
1.365331113338470459e-01
-1.288084387779235840e-01
6.618709769099950790e-03
1.048247292637825012e-01
-7.505875080823898315e-02
-1.211410611867904663e-01
1.769630014896392822e-01
-8.891414105892181396e-02
-5.834209173917770386e-02
8.427639491856098175e-03
3.316427022218704224e-02
1.051792651414871216e-01
-3.135305270552635193e-02
-3.728083567693829536e-03
1.468440741300582886e-01
-6.393876392394304276e-04
-1.372082531452178955e-01
8.386136591434478760e-02
-1.284785568714141846e-01
-1.325616613030433655e-02
-1.388751119375228882e-01
-7.889514416456222534e-02
4.118537530303001404e-02
6.808830052614212036e-02
-6.043212488293647766e-03
-4.461098834872245789e-02
8.837981522083282471e-02
-5.083532258868217468e-02
-2.089553512632846832e-02
3.216714039444923401e-02
9.245622903108596802e-02
6.804487109184265137e-02
2.960674464702606201e-02
-1.341533064842224121e-01
-1.784257590770721436e-01
-9.621729701757431030e-02
-1.455090381205081940e-02
1.060142461210489273e-02
8.493360877037048340e-02
5.847956612706184387e-02
-1.468312442302703857e-01
-9.362457692623138428e-02
-1.154092699289321899e-01
-7.729072868824005127e-02
7.913729175925254822e-03
8.599887788295745850e-02
9.305791556835174561e-02
-5.152366310358047485e-02
-6.392547488212585449e-02
8.733139187097549438e-02
-6.940163671970367432e-02
5.750820785760879517e-02
-9.297577291727066040e-02
-8.243819326162338257e-02
