-1.346087604761123657e-01
3.783123940229415894e-02
2.488370425999164581e-02
2.894000336527824402e-02
-8.049438893795013428e-02
-2.279101125895977020e-02
6.529136002063751221e-02
-5.927275121212005615e-02
-1.719209998846054077e-01
-4.428914189338684082e-02
9.817668050527572632e-02
-7.520800083875656128e-02
-1.120901778340339661e-01
3.511138493195176125e-03
5.591764301061630249e-02
-3.820038586854934692e-02
-9.084720909595489502e-02
2.006977796554565430e-02
5.356368795037269592e-02
-1.025230586528778076e-01
-8.724369853734970093e-02
1.075543686747550964e-01
-4.478983953595161438e-02
-1.453213542699813843e-01
3.200852498412132263e-02
1.083826273679733276e-01
-1.059084162116050720e-01
4.981322586536407471e-02
6.145051680505275726e-03
3.640008717775344849e-02
1.377305239439010620e-01
6.856885552406311035e-02
1.432645320892333984e-01
-9.005191177129745483e-02
2.648019976913928986e-02
9.562079608440399170e-02
-1.289350038859993219e-04
-6.020393595099449158e-02
-6.803560256958007812e-02
1.128949150443077087e-01
-6.914673745632171631e-02
-1.003826856613159180e-01
1.829026825726032257e-02
3.727461025118827820e-02
-2.479798533022403717e-02
5.414570122957229614e-02
6.064677983522415161e-02
3.286793828010559082e-02
7.033097743988037109e-02
1.433487534523010254e-01
2.063972055912017822e-01
-1.483100559562444687e-02
-8.767015486955642700e-02
-1.685821712017059326e-01
8.978629857301712036e-02
9.366306476294994354e-03
1.063778251409530640e-02
9.658217430114746094e-03
4.897464811801910400e-02
8.819142729043960571e-02
2.793274447321891785e-02
-4.744812380522489548e-03
-7.403508573770523071e-02
2.185191772878170013e-02
-7.914707995951175690e-03
-5.507449433207511902e-02
-1.207663267850875854e-01
-5.379364825785160065e-03
2.087577059864997864e-02
8.575784415006637573e-02
1.755771040916442871e-01
1.556124910712242126e-02
-6.692349910736083984e-02
8.708382397890090942e-02
1.178305447101593018e-01
-6.900079548358917236e-02
-4.700905457139015198e-02
-4.683974757790565491e-02
-3.947435319423675537e-02
-1.490814536809921265e-01
1.107964143157005310e-01
-1.193896606564521790e-01
-1.515184938907623291e-01
-2.072457224130630493e-01
7.777618616819381714e-02
-5.004876106977462769e-02
-1.086278185248374939e-01
-1.093101873993873596e-02
4.040101915597915649e-02
1.980645209550857544e-02
-1.295944303274154663e-01
2.371498793363571167e-01
6.725094281136989594e-04
-1.571650430560112000e-02
-9.749849885702133179e-02
-1.393721997737884521e-01
3.843700047582387924e-03
2.758018113672733307e-02
1.657847613096237183e-01
-4.410401731729507446e-02
6.665025651454925537e-02
-6.184094026684761047e-02
-7.836351543664932251e-02
5.159826949238777161e-02
6.506000459194183350e-02
-5.410740897059440613e-02
2.131990343332290649e-02
-6.347931176424026489e-02
-9.620689600706100464e-02
-1.589151024818420410e-01
7.015705108642578125e-02
-1.297483034431934357e-02
9.434550255537033081e-02
3.942049667239189148e-02
1.379093807190656662e-02
1.413615234196186066e-02
-1.484632343053817749e-01
-2.125559300184249878e-01
-7.136910408735275269e-02
-1.146941706538200378e-01
-1.026067137718200684e-01
-1.785341463983058929e-02
-2.566523291170597076e-02
-7.532282918691635132e-02
-1.181685030460357666e-01
-6.484269350767135620e-02
4.157536104321479797e-02
7.613079994916915894e-02
