-3.027693182229995728e-02
-7.786541432142257690e-02
-3.907107561826705933e-02
8.114616572856903076e-02
-8.424157649278640747e-02
-4.581143334507942200e-02
-3.238722309470176697e-02
-3.640071256086230278e-03
-7.775527983903884888e-02
3.140202164649963379e-02
2.717483416199684143e-02
-1.366175413131713867e-01
-7.616453617811203003e-02
-1.379772424697875977e-01
8.102720975875854492e-02
9.977259486913681030e-02
-1.232380792498588562e-01
-9.905909001827239990e-02
1.158918067812919617e-01
2.459116466343402863e-02
-1.602901145815849304e-02
5.845169723033905029e-02
5.388148501515388489e-02
4.723182320594787598e-02
-1.993194408714771271e-02
1.873698830604553223e-01
6.085237860679626465e-02
-1.055199280381202698e-01
-4.857641458511352539e-02
9.788080118596553802e-03
1.209176108241081238e-01
4.845316335558891296e-02
2.448672056198120117e-02
-1.770619451999664307e-01
-5.207817628979682922e-02
3.690381348133087158e-02
-1.973592489957809448e-02
8.931536972522735596e-02
-1.328203734010457993e-02
5.290256813168525696e-02
-1.080816462635993958e-01
4.977978393435478210e-02
-6.547476351261138916e-02
1.461974233388900757e-01
-3.463362157344818115e-02
1.090484019368886948e-02
4.266563057899475098e-02
-2.941919490694999695e-02
6.205774098634719849e-02
2.820447646081447601e-02
2.115221619606018066e-01
6.044290959835052490e-02
-4.699352383613586426e-02
-7.061077654361724854e-02
9.334768354892730713e-02
4.711870104074478149e-03
-4.173181205987930298e-02
-4.129935521632432938e-03
1.747391819953918457e-01
1.433135271072387695e-01
-6.964454799890518188e-02
8.831568062305450439e-02
-1.623387634754180908e-01
9.095880202949047089e-03
3.233436122536659241e-02
-3.357660397887229919e-02
-3.477296978235244751e-02
-2.377589978277683258e-02
1.480009555816650391e-01
-1.530746556818485260e-02
8.300489187240600586e-02
1.160505041480064392e-02
-1.561754643917083740e-01
7.241740822792053223e-03
5.153017863631248474e-02
-1.337138116359710693e-01
-1.698644459247589111e-01
-5.617292225360870361e-02
-6.903026252985000610e-02
2.157249860465526581e-02
1.782020553946495056e-02
-9.889971464872360229e-02
-1.335057467222213745e-01
-8.578020334243774414e-02
-1.022768169641494751e-01
6.985408812761306763e-02
-1.001179441809654236e-01
-1.584909111261367798e-01
1.032155845314264297e-02
9.737668186426162720e-02
-3.413540124893188477e-02
1.877013444900512695e-01
5.550786852836608887e-03
-3.058356419205665588e-02
-1.044902876019477844e-01
-1.105839461088180542e-01
1.510835736989974976e-01
2.850209176540374756e-02
1.437263190746307373e-02
4.488617926836013794e-02
1.306490749120712280e-01
1.310036033391952515e-01
-2.789342217147350311e-02
-1.131584588438272476e-02
1.080294549465179443e-01
8.846273273229598999e-02
3.385970368981361389e-02
4.102188721299171448e-02
-2.223653346300125122e-01
-7.298066467046737671e-02
5.940328910946846008e-02
-4.429721459746360779e-02
2.275338023900985718e-01
2.171571366488933563e-02
-3.009481355547904968e-02
1.003412008285522461e-01
-5.735142901539802551e-02
-7.110566832125186920e-03
3.658945113420486450e-02
-7.637423276901245117e-02
-6.746465712785720825e-02
1.353421993553638458e-02
-1.074237152934074402e-01
2.360048331320285797e-02
-5.678849667310714722e-02
6.345873326063156128e-02
8.209872245788574219e-02
1.335573643445968628e-01
