-1.510842740535736084e-01
-9.240321069955825806e-02
-9.658472239971160889e-02
-2.925755921751260757e-03
-1.221100892871618271e-02
-5.883775185793638229e-03
-1.135878078639507294e-02
-1.109997555613517761e-02
-9.718068875372409821e-03
9.544821083545684814e-02
-8.584170788526535034e-02
-7.260940223932266235e-02
-1.946907639503479004e-01
-1.481364220380783081e-01
9.999907761812210083e-02
4.942318797111511230e-02
-1.065489947795867920e-01
-5.985232442617416382e-02
1.223906725645065308e-01
-2.353771356865763664e-03
-8.121424913406372070e-02
4.846158251166343689e-02
-6.475170701742172241e-02
-1.599382609128952026e-02
-5.095607414841651917e-02
1.713586449623107910e-01
9.759385138750076294e-02
-1.197014302015304565e-01
-4.592877998948097229e-02
-5.371252447366714478e-02
1.579998284578323364e-01
7.557893544435501099e-02
8.071126788854598999e-02
-1.755404025316238403e-01
-7.605174183845520020e-02
-4.856936261057853699e-02
3.635426284745335579e-03
9.809397161006927490e-02
-1.740143448114395142e-02
1.501942751929163933e-03
-1.426208913326263428e-01
-6.258986890316009521e-02
-5.250649526715278625e-02
1.516724079847335815e-01
-9.288353845477104187e-03
6.779250502586364746e-02
2.767636068165302277e-02
5.994085595011711121e-02
-2.640371955931186676e-02
-7.819791138172149658e-02
1.606256812810897827e-01
4.272209480404853821e-02
-1.306550810113549232e-03
1.634305715560913086e-02
1.095123291015625000e-01
9.260055609047412872e-03
7.773800939321517944e-02
7.128854840993881226e-02
1.283412426710128784e-01
7.660324126482009888e-02
-3.635044023394584656e-02
9.389931708574295044e-02
-1.313994377851486206e-01
2.579524181783199310e-02
1.799534074962139130e-02
3.882857039570808411e-02
1.290513854473829269e-02
-4.762186482548713684e-02
1.363033354282379150e-01
-9.225321002304553986e-03
1.157716885209083557e-01
4.655608907341957092e-02
-1.190866678953170776e-01
9.137491881847381592e-02
2.107860743999481201e-01
-1.936969310045242310e-01
-1.551944166421890259e-01
-5.292556062340736389e-02
-8.892174810171127319e-02
-7.173256576061248779e-02
-9.906606748700141907e-03
-4.306032881140708923e-02
-8.682330697774887085e-02
-8.170791715383529663e-02
-7.153444737195968628e-02
2.151277288794517517e-02
-9.324044734239578247e-02
-1.318733096122741699e-01
3.809129074215888977e-02
7.546931505203247070e-02
5.083707720041275024e-02
1.496935188770294189e-01
-1.396829038858413696e-01
-5.380782112479209900e-02
-1.118980348110198975e-01
-1.400717794895172119e-01
8.732183277606964111e-02
4.485094104893505573e-04
2.110812580212950706e-03
2.524796314537525177e-02
1.599076837301254272e-01
9.557718038558959961e-02
-4.909819737076759338e-02
-2.086305804550647736e-02
1.101205945014953613e-01
3.332303836941719055e-03
-1.398969888687133789e-01
4.884584248065948486e-02
-8.524340391159057617e-02
4.986332729458808899e-02
7.496412098407745361e-02
3.914276510477066040e-02
1.610804647207260132e-01
4.103754088282585144e-02
9.150362573564052582e-03
-1.202034112066030502e-02
-6.814204156398773193e-02
-9.368910640478134155e-02
-3.360138088464736938e-02
2.272014692425727844e-02
-5.719562992453575134e-02
-4.327336326241493225e-03
-1.128736361861228943e-01
3.948840312659740448e-03
-1.558261364698410034e-01
-5.545151233673095703e-02
3.803029283881187439e-02
7.145129889249801636e-02
