-7.996746897697448730e-02
-8.595692925155162811e-03
-9.419751167297363281e-02
1.813572496175765991e-01
-3.396245464682579041e-02
1.547407358884811401e-01
1.706316694617271423e-02
-1.688036620616912842e-01
-2.000596672296524048e-01
1.775496080517768860e-02
1.834687031805515289e-02
-5.141415446996688843e-02
-4.610876366496086121e-02
1.467330497689545155e-03
2.050739713013172150e-02
-2.069761417806148529e-02
1.588022336363792419e-02
5.034193024039268494e-02
8.747022598981857300e-02
-4.754733666777610779e-02
-3.289535269141197205e-02
2.245804369449615479e-01
1.340488195419311523e-01
-6.880927085876464844e-02
-3.440775722265243530e-02
8.425007015466690063e-02
9.987982921302318573e-03
4.170420020818710327e-02
1.664412580430507660e-02
1.047777682542800903e-01
-1.189098414033651352e-02
8.376590162515640259e-02
-2.312161028385162354e-02
2.366404980421066284e-02
-1.063751131296157837e-01
-7.805378735065460205e-02
-6.852334737777709961e-02
-3.188577666878700256e-02
-1.242664083838462830e-01
9.693779051303863525e-02
-9.659944474697113037e-02
7.573830895125865936e-03
-1.367637980729341507e-02
7.022095471620559692e-02
8.860246092081069946e-02
-1.253130882978439331e-01
2.186428289860486984e-03
-7.091714441776275635e-02
1.839198404923081398e-03
9.935285896062850952e-02
1.561909914016723633e-01
5.407659336924552917e-02
3.686337172985076904e-02
-4.706846922636032104e-02
4.562866315245628357e-02
6.340195983648300171e-02
6.592538952827453613e-02
1.086079925298690796e-01
2.255275100469589233e-02
2.033512340858578682e-03
6.840212643146514893e-02
1.525786519050598145e-01
1.320367492735385895e-02
-7.019492983818054199e-02
-2.846316620707511902e-02
9.922095388174057007e-02
-9.234157390892505646e-03
-9.360211552120745182e-04
7.678907364606857300e-02
1.042665839195251465e-01
1.470330655574798584e-01
2.402041479945182800e-02
-1.889817267656326294e-01
1.162355393171310425e-01
2.853347919881343842e-02
4.375486075878143311e-02
3.656057268381118774e-02
-1.006252393126487732e-01
5.902976170182228088e-02
-2.075915932655334473e-01
1.821882128715515137e-01
-2.017789930105209351e-01
-1.097420230507850647e-01
-1.036576926708221436e-01
8.539817482233047485e-02
2.320776134729385376e-02
7.928450591862201691e-03
-4.446958005428314209e-02
1.003330945968627930e-01
2.085551992058753967e-02
-1.617272049188613892e-01
3.152322024106979370e-02
-5.925899371504783630e-02
-2.230401523411273956e-02
-5.066902562975883484e-02
-1.171217709779739380e-01
3.452849388122558594e-02
1.350141316652297974e-01
-2.756290696561336517e-02
-2.003869228065013885e-02
3.399942535907030106e-03
-9.732702374458312988e-02
-7.697640359401702881e-02
1.018489897251129150e-01
6.114174611866474152e-03
3.922799602150917053e-02
-7.844606041908264160e-02
-1.860143989324569702e-02
-2.477354109287261963e-01
9.174289554357528687e-02
-2.510525658726692200e-02
-4.261076822876930237e-02
-1.714256033301353455e-02
-5.699140951037406921e-02
-3.795972093939781189e-02
-2.083741314709186554e-02
1.289617829024791718e-02
-2.571539022028446198e-02
-8.134477585554122925e-02
4.076674208045005798e-02
9.255740046501159668e-02
7.089774589985609055e-03
4.955796990543603897e-03
-3.641499578952789307e-02
-1.936994194984436035e-01
-1.307570040225982666e-01
-7.875143736600875854e-02
-1.058300957083702087e-01
