-1.500680390745401382e-02
5.781478714197874069e-03
-1.136087402701377869e-01
1.014774888753890991e-01
8.287105709314346313e-02
8.158459514379501343e-02
-9.131451696157455444e-02
-1.001780927181243896e-01
-9.153274446725845337e-02
2.776383981108665466e-02
-2.091991715133190155e-02
-1.505213975906372070e-01
-8.357895910739898682e-02
2.059016004204750061e-02
-6.021140143275260925e-02
-5.759732052683830261e-02
6.156461685895919800e-02
-4.119616374373435974e-02
1.288393884897232056e-01
-9.490535408258438110e-02
-1.093829944729804993e-01
1.705154180526733398e-01
-6.884853541851043701e-02
-1.095104962587356567e-01
-2.865175157785415649e-02
2.774334512650966644e-02
-1.900647394359111786e-02
1.371710002422332764e-02
8.996238000690937042e-03
1.781791150569915771e-01
4.739652946591377258e-02
1.042708009481430054e-01
-2.641909569501876831e-02
-8.142435923218727112e-03
-3.271074220538139343e-02
8.490790612995624542e-03
-6.860453635454177856e-02
4.241345077753067017e-02
-1.673951148986816406e-01
1.189607456326484680e-01
-1.176394894719123840e-02
8.281205780804157257e-03
1.395450979471206665e-01
5.142151564359664917e-02
-4.654201865196228027e-02
-1.441267039626836777e-02
6.218973547220230103e-03
-1.626058071851730347e-01
2.487154118716716766e-02
4.512692242860794067e-02
1.297777239233255386e-02
1.932304166257381439e-02
-1.358050573617219925e-02
-7.704830169677734375e-02
1.211598068475723267e-01
1.392321139574050903e-01
1.449760198593139648e-01
8.700465410947799683e-02
1.155005544424057007e-01
-5.584468320012092590e-02
-7.211654633283615112e-02
1.451669782400131226e-01
5.603623390197753906e-02
-1.197912469506263733e-01
4.686074703931808472e-02
1.384896636009216309e-01
1.845295913517475128e-02
5.229432880878448486e-02
1.142651513218879700e-01
7.456840574741363525e-02
1.243480294942855835e-01
-9.667179733514785767e-02
-1.124775707721710205e-01
4.321449436247348785e-03
1.228255406022071838e-01
-1.626205258071422577e-02
8.088981732726097107e-03
-1.179381385445594788e-01
4.714307561516761780e-02
-5.892171710729598999e-02
1.427469104528427124e-01
-2.271975278854370117e-01
-1.012387871742248535e-02
-1.472700387239456177e-01
6.148032471537590027e-02
7.371041178703308105e-02
-2.269056625664234161e-03
3.061197698116302490e-02
1.606309860944747925e-01
3.238633275032043457e-02
-8.645713329315185547e-02
3.027761727571487427e-02
2.674676291644573212e-02
-1.686949133872985840e-01
7.289142906665802002e-02
-1.964661665260791779e-02
-1.510114409029483795e-02
1.118186041712760925e-01
6.772027909755706787e-02
6.834352761507034302e-02
-2.073325775563716888e-02
-2.913232520222663879e-02
-6.800041347742080688e-02
2.294707447290420532e-01
4.237416386604309082e-02
1.113065928220748901e-01
-4.776931181550025940e-02
2.061640843749046326e-03
-1.475469619035720825e-01
-6.674697250127792358e-02
-4.497745260596275330e-02
-5.073189362883567810e-02
3.824565559625625610e-02
-6.853971630334854126e-02
-1.659957617521286011e-01
3.303787857294082642e-02
-2.061093971133232117e-02
-2.319633774459362030e-02
-1.135775521397590637e-01
3.553482890129089355e-02
-5.316229537129402161e-02
6.233945116400718689e-02
4.850149527192115784e-02
5.278656259179115295e-02
-1.923959553241729736e-01
-4.888063669204711914e-02
-9.370782971382141113e-02
2.647929824888706207e-02
