-1.497645080089569092e-01
-6.721305847167968750e-02
-9.765060991048812866e-02
1.029386594891548157e-01
7.056747376918792725e-02
5.210442468523979187e-02
-8.803581818938255310e-03
-4.607697576284408569e-02
-1.000633686780929565e-01
4.165931791067123413e-02
-4.860148299485445023e-03
-1.146390140056610107e-01
-1.282986700534820557e-01
7.531215902417898178e-03
2.819748595356941223e-03
4.079145565629005432e-02
-6.996225565671920776e-02
1.871543563902378082e-02
5.656847730278968811e-02
6.842723488807678223e-02
-1.314828991889953613e-01
1.846616715192794800e-01
-1.337548065930604935e-02
-1.149647310376167297e-01
-3.150557726621627808e-02
1.553383022546768188e-01
1.508596390485763550e-01
-1.561155766248703003e-01
-2.271987870335578918e-02
6.038910150527954102e-02
9.291518479585647583e-02
8.429090678691864014e-02
-2.388937631621956825e-03
-1.389125883579254150e-01
-1.244283989071846008e-01
-1.226731836795806885e-01
-2.877231687307357788e-02
2.153762802481651306e-02
-2.962914295494556427e-02
1.026322226971387863e-02
-1.557036191225051880e-01
-9.215470403432846069e-02
8.549608290195465088e-03
1.285914778709411621e-01
-7.136234641075134277e-02
-1.900355890393257141e-02
-6.421098858118057251e-02
-2.133759856224060059e-02
9.672626852989196777e-03
-2.104881964623928070e-02
1.218221411108970642e-01
9.425418823957443237e-02
5.333236604928970337e-02
-6.462587416172027588e-02
-4.637200012803077698e-02
7.641880214214324951e-02
9.213484823703765869e-02
1.814992278814315796e-01
1.201177239418029785e-01
1.074959859251976013e-01
-7.143618911504745483e-02
1.269597411155700684e-01
-1.479654014110565186e-01
2.928769029676914215e-02
2.678270637989044189e-02
-6.812105327844619751e-02
3.334385901689529419e-02
2.377722971141338348e-02
1.536251306533813477e-01
1.032939329743385315e-01
-1.406845916062593460e-02
-3.871275857090950012e-02
-1.002915576100349426e-01
1.352244317531585693e-01
1.011901721358299255e-01
-1.123990416526794434e-01
-2.022613771259784698e-02
-6.360556185245513916e-02
-2.163583599030971527e-02
-8.291820436716079712e-02
1.716243773698806763e-01
-1.060476005077362061e-01
-1.049098446965217590e-01
-6.883966177701950073e-02
-6.909257173538208008e-02
2.646584622561931610e-02
-1.212337091565132141e-01
6.390125025063753128e-03
4.703533649444580078e-02
4.395681619644165039e-02
-2.972133923321962357e-03
1.052356064319610596e-01
-2.029803097248077393e-01
-7.356775552034378052e-02
-5.339067801833152771e-02
-4.084451496601104736e-02
2.748982235789299011e-02
8.039924502372741699e-02
-4.713466018438339233e-02
1.066151931881904602e-01
8.241209387779235840e-02
8.501089364290237427e-02
-1.835149675607681274e-01
7.018348574638366699e-02
9.485858678817749023e-02
1.037419289350509644e-01
-9.911296516656875610e-02
-2.427783608436584473e-02
-1.215891316533088684e-01
4.105224832892417908e-02
4.573766142129898071e-02
7.781614363193511963e-02
3.676462545990943909e-02
-2.223698981106281281e-02
-5.736573040485382080e-02
9.361869096755981445e-02
3.531991317868232727e-02
-1.019723787903785706e-01
-6.687121093273162842e-02
8.763755112886428833e-02
1.623034663498401642e-02
1.767844706773757935e-01
-5.676569044589996338e-02
-5.173807591199874878e-02
-1.020893678069114685e-01
-6.662493199110031128e-02
-2.155186422169208527e-02
-3.943757154047489166e-03
