-4.722400382161140442e-02
-1.018247231841087341e-01
-1.308954656124114990e-01
-4.576725140213966370e-02
-6.076224148273468018e-02
-2.670981362462043762e-02
-8.994557708501815796e-02
-4.250377789139747620e-02
-1.285067498683929443e-01
-1.890918053686618805e-02
-1.397468242794275284e-02
3.420609980821609497e-02
-2.155501395463943481e-02
-1.258658468723297119e-01
7.831958681344985962e-02
3.150129318237304688e-02
7.561029493808746338e-02
2.574280835688114166e-02
7.644708454608917236e-02
-1.491766870021820068e-01
1.347141340374946594e-02
1.250990331172943115e-01
2.227984927594661713e-02
4.891515709459781647e-03
-7.332494854927062988e-02
1.879370659589767456e-01
4.792728647589683533e-02
-9.226969629526138306e-02
-4.571480304002761841e-02
-6.295920349657535553e-03
1.823989599943161011e-01
-1.528684515506029129e-02
1.307574510574340820e-01
-5.179531872272491455e-02
-6.122184917330741882e-02
-5.307060107588768005e-02
-3.949914127588272095e-03
5.193792283535003662e-02
-1.607947610318660736e-02
1.004147678613662720e-01
-1.869168132543563843e-01
-7.889641076326370239e-02
-4.771620780229568481e-02
1.943384706974029541e-01
2.833281829953193665e-02
3.862344846129417419e-02
-2.918948885053396225e-03
6.218199804425239563e-02
3.592791780829429626e-02
5.168336909264326096e-03
1.792601346969604492e-01
8.079813420772552490e-02
4.297473654150962830e-02
-1.151567772030830383e-01
9.738550335168838501e-02
1.645972579717636108e-02
1.714503392577171326e-02
5.060907453298568726e-02
1.058471873402595520e-01
6.058797985315322876e-02
8.851318806409835815e-02
7.379966974258422852e-02
-4.558352008461952209e-02
5.226693302392959595e-02
-6.762529164552688599e-02
5.426133982837200165e-03
8.975379168987274170e-02
2.756253443658351898e-02
7.568366080522537231e-02
-1.626498810946941376e-02
9.057945758104324341e-02
2.372430823743343353e-02
-1.451745778322219849e-01
8.559190481901168823e-02
2.786695361137390137e-01
-1.980500668287277222e-01
-2.422009222209453583e-02
-9.886324405670166016e-03
-7.367635518312454224e-02
-9.629353135824203491e-02
9.739805012941360474e-02
-7.714207470417022705e-02
-1.181911230087280273e-01
2.101822383701801300e-02
-1.057372428476810455e-02
7.623938471078872681e-02
-1.165380626916885376e-01
3.155075758695602417e-02
9.503167867660522461e-02
-5.472226534038782120e-03
5.814538337290287018e-03
1.046661064028739929e-01
-1.306460052728652954e-01
-1.191187426447868347e-01
-1.510150432586669922e-01
-8.578544110059738159e-02
8.089292049407958984e-02
-1.117859408259391785e-02
2.671870216727256775e-02
6.327226292341947556e-03
9.606393426656723022e-02
-3.291166201233863831e-02
5.840609595179557800e-02
1.024254485964775085e-01
5.782130360603332520e-02
1.714754849672317505e-02
-7.320175319910049438e-02
-1.036614403128623962e-01
-7.611525058746337891e-02
-4.335064068436622620e-02
1.070803105831146240e-01
1.089928597211837769e-01
1.463062614202499390e-01
6.404396146535873413e-02
-1.605440825223922729e-01
-7.553369738161563873e-03
-1.870357096195220947e-01
-5.837867408990859985e-02
5.292006209492683411e-02
1.344055682420730591e-02
6.670258194208145142e-02
-6.837768945842981339e-03
-8.786363154649734497e-02
1.361395865678787231e-01
-3.852452337741851807e-02
-2.846699394285678864e-02
-1.245406121015548706e-01
4.964436963200569153e-02
