-8.546093106269836426e-02
-2.013083547353744507e-02
-9.201797097921371460e-02
1.652686148881912231e-01
8.384822867810726166e-03
1.284349858760833740e-01
-1.079159677028656006e-01
-1.061768382787704468e-01
-1.660510748624801636e-01
-4.448713734745979309e-02
-3.955572843551635742e-02
-1.135361194610595703e-01
-1.807931438088417053e-02
-2.807195670902729034e-02
-5.551778525114059448e-02
-9.467531740665435791e-02
-3.611972788348793983e-03
-1.619087718427181244e-02
1.632546074688434601e-02
8.688271977007389069e-03
-1.546311080455780029e-01
2.112029194831848145e-01
3.711688145995140076e-02
-1.373364329338073730e-01
-9.142168611288070679e-02
6.651120632886886597e-02
3.042327240109443665e-02
1.351500395685434341e-02
-2.897222340106964111e-02
9.778524190187454224e-02
9.514293074607849121e-02
9.837809950113296509e-02
-2.844818681478500366e-02
-2.918929047882556915e-02
-1.391375362873077393e-01
7.130879908800125122e-02
-1.281369775533676147e-01
6.526560988277196884e-03
-1.212593689560890198e-01
2.281142771244049072e-02
-2.376139350235462189e-02
-7.302102446556091309e-02
-1.693216036073863506e-03
8.071911334991455078e-02
-4.303642734885215759e-02
-1.137803122401237488e-01
-5.470504984259605408e-02
-9.306777268648147583e-02
1.913440972566604614e-02
8.472391963005065918e-02
1.143757328391075134e-01
9.823552519083023071e-02
3.568808361887931824e-02
-1.911893673241138458e-02
-1.100658252835273743e-02
1.449425816535949707e-01
1.016926243901252747e-01
1.210865452885627747e-01
3.811468183994293213e-02
7.815704448148608208e-04
-4.207528755068778992e-02
1.232187896966934204e-01
-5.454102903604507446e-02
-2.723201736807823181e-02
-6.148322671651840210e-02
6.794436275959014893e-02
3.922972083091735840e-02
1.254482716321945190e-01
1.723771691322326660e-01
8.776976168155670166e-02
1.650621592998504639e-01
-2.490500360727310181e-02
-9.714877605438232422e-02
8.967114984989166260e-02
4.812357947230339050e-02
-6.936079263687133789e-02
3.404323756694793701e-02
-1.327100992202758789e-01
5.482685565948486328e-02
-1.662154048681259155e-01
1.286490708589553833e-01
-2.288482785224914551e-01
-6.142765283584594727e-02
-1.733680963516235352e-01
6.164291501045227051e-02
-1.279216073453426361e-02
-8.177486807107925415e-02
-1.421419903635978699e-02
1.178299263119697571e-01
1.148513108491897583e-01
-1.175732463598251343e-01
6.331336498260498047e-02
-1.687525361776351929e-01
-1.249311715364456177e-01
-4.439371172338724136e-03
-9.534404426813125610e-02
-2.007620409131050110e-02
6.164770573377609253e-02
-4.128617420792579651e-02
8.005582541227340698e-02
-5.080626904964447021e-02
5.388938356190919876e-03
-1.479348093271255493e-01
1.317709237337112427e-01
2.834149077534675598e-02
2.538247406482696533e-02
-9.969001263380050659e-02
1.847000233829021454e-02
-1.600856631994247437e-01
3.609400987625122070e-02
2.989816945046186447e-03
-6.917424034327268600e-03
4.278715327382087708e-02
-8.966253697872161865e-02
-1.962231844663619995e-02
4.323921632021665573e-03
-3.346490114927291870e-02
-5.859146267175674438e-02
-1.085489541292190552e-01
7.950380444526672363e-02
1.549231819808483124e-02
5.149102210998535156e-02
9.767165780067443848e-02
-3.108348511159420013e-02
-1.002979502081871033e-01
-1.737234741449356079e-02
-2.121561020612716675e-02
-6.269402056932449341e-02
