-4.470818489789962769e-02
-9.426694363355636597e-02
-1.654932200908660889e-01
3.663620445877313614e-03
-1.232622861862182617e-01
-1.494080643169581890e-03
-3.579613938927650452e-02
-4.385363683104515076e-02
-1.452205330133438110e-01
3.214650228619575500e-02
-1.083742361515760422e-02
-2.325582131743431091e-02
-2.537488378584384918e-02
-1.794929057359695435e-01
8.330035209655761719e-02
5.318116396665573120e-02
1.745563559234142303e-02
-5.449395254254341125e-02
9.113130718469619751e-02
-1.375838816165924072e-01
-4.869281128048896790e-02
8.813636004924774170e-02
5.334933474659919739e-02
5.239418521523475647e-02
-8.355823159217834473e-02
1.082846224308013916e-01
5.593410134315490723e-02
-4.314810037612915039e-02
-6.569492071866989136e-02
-6.330440938472747803e-02
2.385230660438537598e-01
-3.234320506453514099e-02
1.003991886973381042e-01
-6.847108900547027588e-02
5.259266495704650879e-02
-3.183672949671745300e-02
-4.669827967882156372e-02
1.049891784787178040e-01
-9.304873645305633545e-03
1.143738254904747009e-01
-1.367623656988143921e-01
-1.411624019965529442e-03
-5.137375742197036743e-02
2.315908223390579224e-01
-2.317211218178272247e-02
2.423383295536041260e-02
-2.683096565306186676e-03
2.729394286870956421e-02
2.847309410572052002e-02
-3.549996018409729004e-02
1.876178085803985596e-01
8.336181752383708954e-03
1.077632699161767960e-02
-8.492233604192733765e-02
5.073108896613121033e-02
2.686512842774391174e-02
-4.375091940164566040e-02
1.057901754975318909e-01
1.240890249609947205e-01
8.094622194766998291e-02
8.749901503324508667e-02
6.592119485139846802e-02
-4.865580797195434570e-02
4.651748016476631165e-02
-2.154928818345069885e-02
3.946876619011163712e-03
7.938801497220993042e-02
4.812191426753997803e-02
7.270134240388870239e-02
4.402086511254310608e-02
7.433141767978668213e-02
5.128538981080055237e-02
-1.121106222271919250e-01
-1.627691835165023804e-02
1.703207939863204956e-01
-1.841551661491394043e-01
4.759659618139266968e-02
2.275256067514419556e-02
-8.227320760488510132e-02
-6.650572270154953003e-02
1.230746433138847351e-01
-8.235334604978561401e-02
-3.958987072110176086e-02
-6.511042267084121704e-02
4.931265115737915039e-02
7.825765758752822876e-02
-1.212022379040718079e-01
-4.781669937074184418e-03
6.347032636404037476e-02
-1.433259993791580200e-02
-2.929758094251155853e-02
1.131797730922698975e-01
-5.082055553793907166e-02
-1.701127290725708008e-01
-1.640988141298294067e-01
-1.493958383798599243e-01
1.143724694848060608e-01
2.727947663515806198e-03
-3.242956101894378662e-02
6.970275659114122391e-03
1.092416495084762573e-01
-3.108123317360877991e-02
9.552982449531555176e-02
1.274412274360656738e-01
1.328550130128860474e-01
4.108769446611404419e-02
-3.559340909123420715e-02
1.238095574080944061e-02
-1.547013521194458008e-01
9.110565297305583954e-03
1.332241147756576538e-01
5.655260384082794189e-02
1.592313200235366821e-01
1.083242241293191910e-02
-9.658845514059066772e-02
2.350527420639991760e-02
-1.845422685146331787e-01
-9.327253699302673340e-02
1.099542453885078430e-01
-5.157858133316040039e-02
1.585541525855660439e-03
-5.801569297909736633e-02
-1.173450276255607605e-01
1.329578459262847900e-01
1.034383941441774368e-02
3.013483434915542603e-02
-9.403628855943679810e-02
2.796110883355140686e-02
