-1.115179583430290222e-01
5.970229394733905792e-03
-8.321782201528549194e-02
7.559553533792495728e-02
5.649997293949127197e-02
1.306798756122589111e-01
-1.569091379642486572e-01
-5.288301035761833191e-02
-7.406146824359893799e-02
3.752760216593742371e-02
-8.834427595138549805e-02
-4.311515763401985168e-02
5.646349862217903137e-03
-5.797086656093597412e-02
-1.996997185051441193e-02
-1.316095888614654541e-02
1.691347174346446991e-02
-1.103244125843048096e-01
-4.821147397160530090e-02
1.389204710721969604e-02
-8.594563603401184082e-02
1.734562069177627563e-01
5.309887975454330444e-02
-4.862383753061294556e-02
-2.531385719776153564e-01
1.154724657535552979e-01
1.208100002259016037e-02
-4.824147745966911316e-02
6.716706603765487671e-02
-3.076450666412711143e-03
1.138139367103576660e-01
8.674071170389652252e-03
2.904324559494853020e-03
2.992083504796028137e-02
-1.092567816376686096e-01
2.160782739520072937e-02
-5.341858416795730591e-02
3.436347236856818199e-03
-8.555881679058074951e-02
8.453745394945144653e-02
-1.155532747507095337e-01
-1.702238023281097412e-01
-1.935668848454952240e-02
1.325696110725402832e-01
-9.998238086700439453e-02
-3.462982922792434692e-02
-4.386562108993530273e-02
-8.982916176319122314e-02
4.250415042042732239e-02
-1.863147877156734467e-02
1.352974772453308105e-01
2.155013941228389740e-02
1.526802126318216324e-02
2.072950080037117004e-02
1.264110207557678223e-01
1.073117256164550781e-01
1.465934664011001587e-01
1.241529062390327454e-01
5.921755358576774597e-02
-2.388507686555385590e-02
1.044247820973396301e-01
1.512976139783859253e-01
1.633644290268421173e-02
7.169787585735321045e-02
-1.000052392482757568e-01
1.015577614307403564e-01
3.981191664934158325e-02
6.953945010900497437e-02
8.975817263126373291e-02
2.741460315883159637e-02
1.765960901975631714e-01
-5.803325772285461426e-02
-3.890312090516090393e-02
4.744604602456092834e-02
2.325214445590972900e-02
-1.088598296046257019e-01
5.517297610640525818e-02
-7.097359746694564819e-02
6.173782050609588623e-02
-1.306827515363693237e-01
1.229802295565605164e-01
-1.510972678661346436e-01
-1.105251163244247437e-01
-1.176142916083335876e-01
7.530516386032104492e-02
6.453074980527162552e-03
-8.707965165376663208e-02
3.467389941215515137e-02
1.043841615319252014e-01
2.109793126583099365e-01
-1.222991198301315308e-01
8.090621232986450195e-02
-5.181229114532470703e-02
-1.746167391538619995e-01
5.248191580176353455e-02
-1.819325834512710571e-01
-8.035266399383544922e-02
4.921132698655128479e-02
6.319244205951690674e-02
8.921710401773452759e-02
-2.802784182131290436e-02
1.393448933959007263e-02
-9.443327039480209351e-02
1.050606742501258850e-01
-9.407934546470642090e-02
6.410148739814758301e-02
1.689197029918432236e-03
-1.308468636125326157e-02
-1.880451440811157227e-01
1.549513428471982479e-03
3.169594705104827881e-02
-2.673042193055152893e-02
9.365735948085784912e-02
-6.641764938831329346e-02
-8.276823163032531738e-02
-5.647912994027137756e-02
-8.727363497018814087e-02
-4.655829444527626038e-02
-8.396287262439727783e-02
3.010441735386848450e-02
7.941148430109024048e-02
1.135613545775413513e-01
-1.314749475568532944e-03
6.635481864213943481e-02
-4.503303021192550659e-02
7.177812606096267700e-02
-8.115072548389434814e-02
1.591261848807334900e-02
