-1.278878301382064819e-01
5.876655690371990204e-03
-9.788057208061218262e-02
1.946238130331039429e-01
1.498288568109273911e-02
1.183049827814102173e-01
-8.036532253026962280e-02
-9.586694836616516113e-02
-1.398743391036987305e-01
-1.464068423956632614e-02
-1.218600049614906311e-01
-9.193436056375503540e-02
-2.628262154757976532e-02
-1.898130960762500763e-02
-8.868911117315292358e-02
-4.581974446773529053e-02
6.003546528518199921e-03
-1.071381047368049622e-01
5.320352315902709961e-02
-1.098760869354009628e-02
8.779640495777130127e-02
1.591087430715560913e-01
9.741629660129547119e-02
-1.302801668643951416e-01
-1.984313875436782837e-01
1.534467637538909912e-01
2.539197728037834167e-02
-6.309927254915237427e-02
-3.664293512701988220e-02
7.683977484703063965e-02
9.797418117523193359e-02
8.643307536840438843e-02
-4.095294326543807983e-02
-1.386230625212192535e-02
-1.413517594337463379e-01
5.902899801731109619e-02
-1.981470547616481781e-02
-6.549678277224302292e-03
-1.110971570014953613e-01
3.567498177289962769e-02
-1.415199041366577148e-02
-6.629124283790588379e-02
-1.985592395067214966e-02
1.118113696575164795e-01
-1.715349406003952026e-02
-8.760984241962432861e-02
-4.874070361256599426e-02
-5.629885196685791016e-02
2.623504493385553360e-03
7.406565546989440918e-02
1.713025569915771484e-01
5.429401993751525879e-02
4.305910319089889526e-02
-1.143900491297245026e-02
-6.216802634298801422e-03
1.180146038532257080e-01
1.484755612909793854e-02
5.898310616612434387e-02
4.599586129188537598e-02
3.953936696052551270e-02
1.846927963197231293e-02
6.476941704750061035e-02
-5.471260473132133484e-02
8.220562711358070374e-03
-9.335230290889739990e-02
6.432252377271652222e-02
-1.608035061508417130e-03
6.330642104148864746e-02
1.362441629171371460e-01
4.691066592931747437e-02
1.816015094518661499e-01
-2.379490621387958527e-02
-1.312047541141510010e-01
8.914139866828918457e-02
1.783255301415920258e-02
-7.791112363338470459e-02
-7.743729650974273682e-02
-1.050717830657958984e-01
8.825616538524627686e-02
-1.619260311126708984e-01
6.130063906311988831e-02
-2.200288623571395874e-01
-1.033503562211990356e-01
-1.228199079632759094e-01
-7.800809107720851898e-03
8.036446571350097656e-02
-1.125959157943725586e-01
3.011463582515716553e-02
4.548050463199615479e-02
1.291020214557647705e-01
-9.223619103431701660e-02
5.374697968363761902e-02
-8.919429779052734375e-02
-1.942950785160064697e-01
3.964866325259208679e-02
-1.804385334253311157e-01
4.134395346045494080e-02
-5.750459805130958557e-02
6.944046914577484131e-02
9.903477132320404053e-02
1.490666181780397892e-03
7.903511822223663330e-02
-1.487688124179840088e-01
1.586511284112930298e-01
-7.857784628868103027e-03
5.849321186542510986e-02
-1.826423592865467072e-02
-1.416803430765867233e-02
-1.154046952724456787e-01
-3.421500697731971741e-02
1.427025254815816879e-02
2.227333374321460724e-02
1.280616372823715210e-01
-3.153110668063163757e-02
-5.479200556874275208e-02
1.252936720848083496e-01
-5.605750903487205505e-02
-1.196777150034904480e-01
-7.685995101928710938e-02
-4.848870448768138885e-03
1.084834113717079163e-01
1.136206090450286865e-01
3.331215307116508484e-02
-3.990325704216957092e-02
-7.357999682426452637e-02
-7.407215423882007599e-03
-2.554276958107948303e-02
9.756424464285373688e-03
