-4.076636210083961487e-02
-1.376146972179412842e-01
-1.515140831470489502e-01
1.007787585258483887e-01
3.757137572392821312e-03
1.285508424043655396e-01
-1.053762137889862061e-01
-1.167358532547950745e-01
-1.397099047899246216e-01
1.557983607053756714e-01
-1.962515562772750854e-01
-1.251057684421539307e-01
-5.795463174581527710e-02
-5.923866480588912964e-02
8.679206669330596924e-02
-3.712413134053349495e-03
-1.015285588800907135e-02
-4.642527922987937927e-02
2.878615632653236389e-02
-2.900646626949310303e-02
-9.172695130109786987e-02
1.867036521434783936e-01
-4.649490118026733398e-02
-4.464719071984291077e-02
-1.755405068397521973e-01
7.706326991319656372e-02
7.530114799737930298e-02
-1.160489544272422791e-01
7.285533100366592407e-02
-9.200763702392578125e-02
1.635390669107437134e-01
-3.820131998509168625e-03
1.405326533131301403e-03
-2.225090004503726959e-02
-8.303094655275344849e-02
5.183029547333717346e-02
-1.028532534837722778e-01
5.413635075092315674e-02
-1.021868064999580383e-01
1.511152982711791992e-01
-4.810512810945510864e-02
-9.796173125505447388e-02
-9.879754856228828430e-03
1.202704533934593201e-01
-6.716591771692037582e-03
2.691274322569370270e-02
-7.711414247751235962e-02
-1.478507928550243378e-02
2.399372868239879608e-02
-7.858808152377605438e-03
1.124009490013122559e-01
-8.363629132509231567e-02
-3.946355357766151428e-02
7.939092069864273071e-02
1.688706502318382263e-02
1.049366220831871033e-01
4.970587044954299927e-02
9.627506881952285767e-02
4.895491153001785278e-02
-4.643653705716133118e-02
1.993710361421108246e-02
1.102295964956283569e-01
-6.835897266864776611e-02
2.424334362149238586e-02
-8.580556511878967285e-02
1.473051160573959351e-01
6.335937976837158203e-02
3.390920534729957581e-02
5.646159127354621887e-02
-3.181770816445350647e-02
5.922327935695648193e-02
6.356780230998992920e-02
-9.277231246232986450e-02
-3.116306103765964508e-02
1.510032117366790771e-01
-7.224524766206741333e-02
1.124994382262229919e-01
7.142178248614072800e-03
-6.741213728673756123e-04
-6.480699777603149414e-02
1.999306231737136841e-01
-1.933602839708328247e-01
-1.018092706799507141e-01
-7.056752685457468033e-03
5.368431285023689270e-02
-1.666281558573246002e-02
-1.375010460615158081e-01
-1.048632636666297913e-01
1.987993717193603516e-01
2.560350578278303146e-03
-4.964508861303329468e-02
-2.049877494573593140e-02
-4.433705285191535950e-02
-1.618833243846893311e-01
-7.215571403503417969e-02
-1.224299147725105286e-01
1.987778581678867340e-02
-3.914410993456840515e-02
5.372605845332145691e-02
2.450661920011043549e-02
2.391521818935871124e-02
-2.379995211958885193e-02
-2.651242166757583618e-02
1.518697440624237061e-01
5.377848818898200989e-02
9.885165095329284668e-02
-7.852571457624435425e-02
-9.755282849073410034e-02
-1.679095625877380371e-01
6.821431964635848999e-02
-9.073618054389953613e-02
3.707012534141540527e-02
6.824397295713424683e-02
1.323485467582941055e-02
-8.532440662384033203e-02
-1.764388987794518471e-03
-8.641503006219863892e-02
-4.184916615486145020e-02
1.631087064743041992e-02
4.525460302829742432e-02
9.841415286064147949e-02
2.903795428574085236e-02
-8.355405181646347046e-02
7.006698101758956909e-02
-1.339704841375350952e-01
-2.705301344394683838e-02
-5.526508390903472900e-02
-6.701108533889055252e-03
