-4.508891701698303223e-02
1.746402587741613388e-03
3.393496200442314148e-02
1.152445748448371887e-01
-4.850608296692371368e-03
5.622680485248565674e-02
4.977451637387275696e-02
-2.010179124772548676e-02
-1.961826235055923462e-01
-8.917373605072498322e-03
-1.402848958969116211e-02
-5.523012951016426086e-02
-1.869054883718490601e-01
-3.307620808482170105e-02
2.318852953612804413e-02
3.311070054769515991e-02
3.785859793424606323e-02
-2.437425544485449791e-03
1.253565549850463867e-01
-1.251133233308792114e-01
-7.654117792844772339e-02
5.918049812316894531e-02
-4.140871390700340271e-02
-1.816948689520359039e-02
2.788245491683483124e-02
8.398229628801345825e-02
-7.023710012435913086e-02
4.517146944999694824e-02
7.644814997911453247e-02
4.630965366959571838e-02
8.053897321224212646e-02
-6.077437847852706909e-02
1.102006137371063232e-01
6.979532539844512939e-02
-6.735756061971187592e-03
5.790058150887489319e-02
-1.363234668970108032e-01
2.442623674869537354e-02
-1.067164242267608643e-01
1.695277094841003418e-01
-1.094689145684242249e-01
-1.323885321617126465e-01
8.065542206168174744e-03
1.957582542672753334e-03
1.697466522455215454e-02
1.273350268602371216e-01
8.409304916858673096e-02
-5.487132817506790161e-02
1.514150500297546387e-01
1.069647967815399170e-01
1.086428016424179077e-01
-3.203372284770011902e-02
-1.537385135889053345e-01
-5.363782495260238647e-02
1.684371978044509888e-01
-2.869104593992233276e-02
1.847309619188308716e-02
9.318478405475616455e-02
-2.531798928976058960e-02
9.997282177209854126e-03
8.224862068891525269e-02
9.135496616363525391e-02
8.208520710468292236e-02
6.420764327049255371e-02
4.856359958648681641e-02
-1.159045845270156860e-02
-1.078265905380249023e-01
-1.721370033919811249e-02
1.466777268797159195e-02
1.009049788117408752e-01
1.446181237697601318e-01
-6.303939502686262131e-03
-1.416762769222259521e-01
4.230304062366485596e-02
5.707899108529090881e-02
-1.705860160291194916e-02
-2.484446763992309570e-02
9.120433777570724487e-02
-5.940191447734832764e-02
-1.547411531209945679e-01
2.270223051309585571e-01
-1.121106818318367004e-01
-9.132798761129379272e-02
-1.680368632078170776e-01
8.067894726991653442e-02
1.460070908069610596e-01
7.369285821914672852e-02
-7.586313877254724503e-03
2.036672458052635193e-02
1.817553304135799408e-02
-1.835529357194900513e-01
1.396709680557250977e-01
8.845295757055282593e-03
1.575019769370555878e-02
-9.163666516542434692e-02
-1.075096353888511658e-01
-3.589138761162757874e-02
1.687282770872116089e-01
1.069442257285118103e-01
-6.630173325538635254e-02
8.710245788097381592e-02
-1.008088290691375732e-01
-2.441354282200336456e-02
6.889232993125915527e-02
9.163854271173477173e-02
5.190862715244293213e-02
7.959067076444625854e-02
-8.456159383058547974e-02
-2.045952379703521729e-01
-1.025922298431396484e-01
-2.938174642622470856e-02
-1.065812855958938599e-01
7.344822585582733154e-02
4.921116679906845093e-02
-1.427064985036849976e-01
-5.565870553255081177e-02
-1.045300588011741638e-01
-7.190482318401336670e-02
-4.039274528622627258e-02
-3.547583147883415222e-02
1.718595065176486969e-02
2.113051712512969971e-02
-6.023117899894714355e-02
1.917295530438423157e-02
-1.180535778403282166e-01
-2.880721166729927063e-02
1.702040061354637146e-02
-5.035769566893577576e-02
