-8.714920841157436371e-04
1.531866751611232758e-02
-8.866780996322631836e-02
1.720264405012130737e-01
-7.362678181380033493e-03
1.364373415708541870e-01
-5.897564440965652466e-02
-1.712260693311691284e-01
-9.302509576082229614e-02
2.753199264407157898e-02
-5.619974061846733093e-02
-7.330390810966491699e-02
-5.837907269597053528e-02
1.897504180669784546e-02
-7.270972430706024170e-02
-2.376559004187583923e-02
8.804025501012802124e-02
3.489295765757560730e-02
9.159030765295028687e-02
-8.806207776069641113e-02
-4.610345140099525452e-02
1.675064116716384888e-01
-1.261287182569503784e-01
-1.114039197564125061e-01
-5.435276031494140625e-02
1.205705404281616211e-01
-2.352375071495771408e-03
-4.253025166690349579e-03
1.015712246298789978e-01
8.137823641300201416e-02
1.947022825479507446e-01
5.226094648241996765e-02
-3.756650164723396301e-02
-5.601550266146659851e-02
-3.254775702953338623e-02
4.949122294783592224e-02
-2.183883450925350189e-02
3.939257562160491943e-02
-7.580894976854324341e-02
1.993971168994903564e-01
7.312593609094619751e-02
-4.374630004167556763e-02
7.950319349765777588e-02
1.168479584157466888e-02
-1.681325957179069519e-02
2.662159129977226257e-02
-2.314221113920211792e-02
-9.930908679962158203e-02
3.549103066325187683e-02
6.714496016502380371e-02
3.992369398474693298e-02
-6.673334538936614990e-02
-6.867894530296325684e-02
-3.475900739431381226e-02
1.335439980030059814e-01
1.129060536623001099e-01
1.098862215876579285e-01
4.086690396070480347e-02
6.342583894729614258e-02
-1.506167650222778320e-01
-7.784511893987655640e-02
1.435820907354354858e-01
4.857796430587768555e-02
-5.102925002574920654e-02
3.483132645487785339e-02
8.406706899404525757e-02
1.732317358255386353e-02
-4.819168895483016968e-02
2.268406562507152557e-02
1.012486815452575684e-01
1.103845238685607910e-01
-7.643683347851037979e-03
-1.093908101320266724e-01
-4.010288510471582413e-03
1.098038256168365479e-01
-6.661311537027359009e-02
1.192177087068557739e-02
-4.561306908726692200e-02
1.507323421537876129e-02
-6.208426132798194885e-02
1.850936114788055420e-01
-2.440685778856277466e-01
4.515147581696510315e-02
-1.026477366685867310e-01
8.505443483591079712e-02
9.326913952827453613e-02
-3.843928501009941101e-02
6.108472496271133423e-02
1.334263980388641357e-01
-2.657205238938331604e-02
-1.417064368724822998e-01
2.472238056361675262e-02
5.638616625219583511e-03
-2.273668050765991211e-01
-5.936409533023834229e-02
7.199216634035110474e-03
1.896926842164248228e-04
6.115227937698364258e-02
1.347343176603317261e-01
-2.189713343977928162e-02
-6.562082469463348389e-02
-7.080261409282684326e-02
-3.393751755356788635e-02
2.126399427652359009e-01
3.240003809332847595e-02
8.977769315242767334e-02
-1.521621365100145340e-02
-1.254667341709136963e-01
-1.168500706553459167e-01
-1.064368560910224915e-01
-5.422543268650770187e-03
-4.305459558963775635e-02
5.420430749654769897e-02
1.313454378396272659e-02
-1.400476098060607910e-01
-1.545352768152952194e-02
-5.497696623206138611e-02
-1.373466104269027710e-02
-4.162410646677017212e-02
1.924502104520797729e-02
-4.681339487433433533e-02
5.784258618950843811e-02
2.729596197605133057e-02
1.248925030231475830e-01
-1.617750823497772217e-01
3.207427635788917542e-02
-1.572579294443130493e-01
-2.482620812952518463e-02
