-8.136795461177825928e-02
3.680676594376564026e-02
-1.817269064486026764e-02
2.732606045901775360e-02
-1.359806358814239502e-01
-5.682520568370819092e-02
4.398700967431068420e-02
-1.776690781116485596e-01
-4.076768457889556885e-02
-1.568116061389446259e-02
-2.166879773139953613e-01
-6.437309086322784424e-02
5.071939900517463684e-02
-9.037005901336669922e-02
1.206221710890531540e-02
-4.907994344830513000e-02
4.226559400558471680e-02
1.218753680586814880e-01
-1.886578858830034733e-03
-8.988961577415466309e-02
3.624579403549432755e-03
1.456113308668136597e-01
-6.908769719302654266e-03
-4.889447987079620361e-02
5.824569985270500183e-02
1.182446405291557312e-01
-4.574692249298095703e-02
4.483636841177940369e-02
-3.342027217149734497e-02
-2.989687584340572357e-02
5.955448746681213379e-02
-2.245510183274745941e-02
1.479711830615997314e-01
-8.152391761541366577e-02
-4.218342155218124390e-02
2.868862822651863098e-02
-2.474963665008544922e-01
-4.423597827553749084e-02
-2.009292691946029663e-02
1.548428237438201904e-01
-1.943075507879257202e-01
-5.685710534453392029e-02
-1.516928523778915405e-02
6.063085049390792847e-02
1.508259307593107224e-02
6.082457676529884338e-02
7.969989627599716187e-02
2.857179567217826843e-02
2.021225094795227051e-01
7.854380458593368530e-02
1.663928627967834473e-01
-1.786135695874691010e-02
-3.881476446986198425e-02
2.350347815081477165e-03
-4.446311295032501221e-02
5.441078916192054749e-02
-4.262178018689155579e-02
-5.246173962950706482e-02
8.713598549365997314e-02
-1.147385220974683762e-02
-1.563074439764022827e-02
3.651791438460350037e-02
-4.136294126510620117e-02
-7.886813580989837646e-02
3.445310890674591064e-02
-4.297143779695034027e-03
-7.395838946104049683e-02
-6.118922680616378784e-02
1.094466224312782288e-01
9.356423467397689819e-02
3.662153333425521851e-02
8.477391302585601807e-02
-8.891822397708892822e-02
3.554669395089149475e-02
9.693662822246551514e-02
-9.802548587322235107e-02
7.066039741039276123e-02
-2.828594669699668884e-02
-4.687986802309751511e-03
-1.663447171449661255e-01
2.450945973396301270e-01
-1.314531415700912476e-01
-4.476745426654815674e-02
-1.084513142704963684e-01
7.976973801851272583e-02
1.015779469162225723e-02
-1.051447242498397827e-01
1.054052412509918213e-01
1.851626485586166382e-01
7.671628892421722412e-02
-1.479425877332687378e-01
9.897409379482269287e-02
-7.558101415634155273e-02
-8.538534492254257202e-02
-1.646586805582046509e-01
-4.848296195268630981e-02
-1.913240551948547363e-02
-5.010633170604705811e-02
4.160049557685852051e-02
-9.364461153745651245e-02
-1.733703725039958954e-02
3.034917823970317841e-02
3.414431214332580566e-02
1.668869554996490479e-01
-6.497004628181457520e-02
-9.486819803714752197e-02
-4.688589274883270264e-02
-4.981562867760658264e-02
1.352673489600419998e-02
-9.083743393421173096e-02
-4.381000623106956482e-02
-7.365595549345016479e-02
1.492882519960403442e-01
1.218554154038429260e-01
-6.436662375926971436e-02
-9.263779222965240479e-02
-8.767566829919815063e-02
1.095081642270088196e-01
4.038106277585029602e-02
-1.059971973299980164e-01
-8.677221834659576416e-02
-5.334330350160598755e-02
5.777106806635856628e-02
-6.722592748701572418e-03
-4.923534765839576721e-02
5.515990033745765686e-02
-7.006104569882154465e-03
3.347462415695190430e-02
