-6.321869045495986938e-02
-1.657127141952514648e-01
-1.160597726702690125e-01
8.186614140868186951e-03
3.793974174186587334e-03
-1.277710124850273132e-02
-1.058458462357521057e-01
-8.179242722690105438e-03
-1.480351388454437256e-01
-1.197908818721771240e-02
-2.517025172710418701e-02
2.133137360215187073e-02
4.090002737939357758e-03
-1.668951660394668579e-01
9.535046666860580444e-02
1.068431288003921509e-01
-4.832800477743148804e-02
-6.877512484788894653e-02
4.368077218532562256e-02
-5.611162260174751282e-02
-5.643758550286293030e-02
1.086602881550788879e-01
4.640697315335273743e-02
-6.673939060419797897e-03
-1.346573233604431152e-01
1.350265443325042725e-01
6.183848530054092407e-02
-1.058487221598625183e-01
-7.529550790786743164e-02
-5.289044603705406189e-02
1.405650824308395386e-01
-7.564632594585418701e-02
6.564111262559890747e-02
-1.061129271984100342e-01
-5.397684872150421143e-02
-4.246563464403152466e-02
-3.349045291543006897e-02
1.212766543030738831e-01
5.760154128074645996e-02
3.569046407938003540e-02
-1.130582541227340698e-01
1.077240332961082458e-02
-1.031215265393257141e-01
2.089401334524154663e-01
-2.935508266091346741e-02
-1.711484603583812714e-02
2.609675750136375427e-03
2.766235359013080597e-02
4.115848615765571594e-02
2.235501632094383240e-02
1.758498698472976685e-01
3.462065383791923523e-02
-2.247689105570316315e-02
6.300139427185058594e-02
1.099800784140825272e-02
7.645396515727043152e-03
-1.618698425590991974e-02
5.659490451216697693e-02
1.464644372463226318e-01
8.864034712314605713e-02
5.832811817526817322e-02
9.107661992311477661e-02
-1.850803499110043049e-03
4.059902206063270569e-02
-4.876365512609481812e-02
4.216588102281093597e-03
9.105114638805389404e-02
5.088429898023605347e-02
1.802277266979217529e-01
-6.113687902688980103e-02
3.908088430762290955e-02
-7.665895856916904449e-03
-1.804492920637130737e-01
1.830338872969150543e-02
1.701776534318923950e-01
-1.573392301797866821e-01
3.673552349209785461e-02
-3.054726310074329376e-02
-1.051392927765846252e-01
1.565986685454845428e-02
1.718492656946182251e-01
-7.133330404758453369e-02
-1.061192974448204041e-01
1.929016225039958954e-02
-4.428739473223686218e-02
1.324004828929901123e-01
-1.430660933256149292e-01
1.268574595451354980e-02
1.844324320554733276e-01
-4.880950972437858582e-02
2.182675339281558990e-02
8.073563873767852783e-02
-6.488855183124542236e-02
-1.161334589123725891e-01
-1.250090748071670532e-01
-1.081794276833534241e-01
1.586850583553314209e-01
-3.133760765194892883e-02
-5.574664473533630371e-02
-1.068373396992683411e-02
8.402957022190093994e-02
5.554363504052162170e-02
2.339122816920280457e-02
1.279775649309158325e-01
3.904379159212112427e-02
2.923853509128093719e-02
-3.127327188849449158e-02
5.529282614588737488e-02
-1.169454827904701233e-01
-1.756425201892852783e-02
7.712470740079879761e-02
1.054662242531776428e-01
1.743781268596649170e-01
7.236058358103036880e-03
-1.609044671058654785e-01
-9.176111052511259913e-05
-1.819946318864822388e-01
1.154721342027187347e-02
1.065382137894630432e-01
3.235461935400962830e-02
3.937102109193801880e-02
-6.097148358821868896e-02
-7.905586063861846924e-02
1.187853366136550903e-01
2.367962151765823364e-02
1.044298037886619568e-01
3.846124978736042976e-03
5.794982612133026123e-02
