-8.613339066505432129e-02
7.252775877714157104e-02
-1.104866061359643936e-02
1.113596782088279724e-01
-2.447822317481040955e-02
4.478444531559944153e-02
-5.244214460253715515e-02
-1.419383585453033447e-01
-2.090093046426773071e-01
-5.730862915515899658e-02
5.083386227488517761e-02
-3.850220888853073120e-02
-9.634023904800415039e-02
-5.800849571824073792e-02
-4.970921576023101807e-02
-2.493309043347835541e-02
-4.326143488287925720e-02
1.056707948446273804e-01
-3.340331371873617172e-03
-2.069947496056556702e-02
-8.213586360216140747e-02
1.557964682579040527e-01
5.481939390301704407e-02
-3.160636126995086670e-02
-4.814102873206138611e-02
7.376974821090698242e-02
-8.642622828483581543e-02
7.774338126182556152e-02
2.515929006040096283e-02
-4.496855288743972778e-02
-2.148124203085899353e-02
-2.965427748858928680e-02
1.726074963808059692e-01
8.178533613681793213e-02
-6.167464330792427063e-02
9.497486799955368042e-02
-7.144931703805923462e-02
-5.157138034701347351e-02
-1.833564341068267822e-01
1.886809468269348145e-01
-9.957969188690185547e-02
-9.059410542249679565e-02
-6.621811538934707642e-02
5.991717427968978882e-02
2.530802786350250244e-02
3.034075722098350525e-02
7.556259632110595703e-02
-2.026620507240295410e-02
1.470375061035156250e-01
1.629882603883743286e-01
2.269299775362014771e-01
4.166420549154281616e-02
-8.332868665456771851e-02
-6.169277429580688477e-02
2.549260668456554413e-02
2.610174007713794708e-02
1.529779285192489624e-02
7.975245267152786255e-02
-7.152530550956726074e-02
5.986788496375083923e-02
3.692599385976791382e-02
4.842991754412651062e-02
-1.059768162667751312e-02
-3.599041700363159180e-02
-2.927369624376296997e-02
1.189733222126960754e-01
-1.112884879112243652e-01
6.513777375221252441e-02
2.743767201900482178e-02
8.781990408897399902e-02
1.053169071674346924e-01
1.162842363119125366e-01
-4.803462326526641846e-02
1.336378604173660278e-01
5.892842262983322144e-02
-2.835126221179962158e-02
1.302815601229667664e-02
-9.129323065280914307e-03
4.086333885788917542e-02
-1.824643164873123169e-01
2.246395349502563477e-01
-1.044744178652763367e-01
-1.120210513472557068e-01
-1.594786494970321655e-01
1.583378762006759644e-01
3.683156147599220276e-02
9.358517080545425415e-02
2.669101394712924957e-02
1.665496081113815308e-01
7.700619846582412720e-02
-1.562431156635284424e-01
1.032113656401634216e-01
9.026559069752693176e-03
-1.032570563256740570e-02
-7.831259816884994507e-02
-8.829016238451004028e-02
-2.314132824540138245e-02
1.122937053442001343e-01
1.455744057893753052e-01
-3.258858248591423035e-02
5.459784879349172115e-04
-1.099323630332946777e-01
-9.260057657957077026e-02
1.324197351932525635e-01
-9.587748348712921143e-02
-9.484706819057464600e-02
-1.606342755258083344e-02
-6.909167766571044922e-02
-1.269551962614059448e-01
-6.432911753654479980e-02
1.342940609902143478e-02
-1.351531594991683960e-02
2.658486738801002502e-02
9.256790392100811005e-03
-9.187062084674835205e-02
-5.902608111500740051e-02
-9.684942662715911865e-02
-4.549074918031692505e-02
-9.078794158995151520e-03
-8.283198624849319458e-02
-5.492268875241279602e-02
8.052377961575984955e-03
-2.797621861100196838e-02
-1.493530254811048508e-02
-1.376361101865768433e-01
3.409275319427251816e-03
1.382279954850673676e-02
2.258145622909069061e-02
