-7.824146002531051636e-02
-1.293661743402481079e-01
-1.172647625207901001e-01
6.033582612872123718e-02
-2.134409733116626740e-02
-1.492127031087875366e-02
9.818058460950851440e-03
-9.962009638547897339e-02
-1.496421843767166138e-01
2.648905292153358459e-02
-3.554906696081161499e-02
-6.434949487447738647e-02
-9.154260903596878052e-02
-8.462190628051757812e-02
1.384154260158538818e-01
6.228416413068771362e-02
5.029036547057330608e-04
-2.628444507718086243e-02
1.360511928796768188e-01
-1.611468791961669922e-01
-9.129746258258819580e-02
1.095376461744308472e-01
4.964277520775794983e-02
-3.095350973308086395e-02
-6.806214153766632080e-02
1.373691707849502563e-01
4.301345348358154297e-02
-8.566361665725708008e-02
-6.670195609331130981e-02
2.098250202834606171e-02
2.079402655363082886e-01
4.798833653330802917e-02
1.026974096894264221e-01
-1.475699841976165771e-01
-4.398129135370254517e-02
-4.128074273467063904e-02
6.429108325392007828e-03
4.858470335602760315e-02
5.897402018308639526e-02
4.027507826685905457e-02
-1.757732331752777100e-01
-6.228317320346832275e-02
-6.109200045466423035e-02
1.813275068998336792e-01
-3.367853909730911255e-02
4.874624684453010559e-02
-4.774271976202726364e-03
1.422244217246770859e-02
6.040900945663452148e-02
-6.005477160215377808e-02
2.675078809261322021e-01
3.801218420267105103e-02
2.319829538464546204e-02
-1.092561855912208557e-01
2.243619039654731750e-02
-1.036163046956062317e-02
6.792812049388885498e-02
8.047068864107131958e-02
1.634233295917510986e-01
8.437794446945190430e-02
-8.373265713453292847e-02
9.803329408168792725e-02
-1.112257987260818481e-01
5.673534423112869263e-02
3.623315691947937012e-02
7.397430390119552612e-02
4.271248728036880493e-02
-4.965202882885932922e-02
1.042709648609161377e-01
4.214753210544586182e-02
9.584362804889678955e-02
4.810530319809913635e-02
-1.174656152725219727e-01
1.580635756254196167e-01
1.527586877346038818e-01
-1.692503392696380615e-01
-1.138444840908050537e-01
-4.892341047525405884e-02
-8.439821004867553711e-02
-7.880676537752151489e-02
6.363714486360549927e-02
-7.624851912260055542e-02
-1.738276630640029907e-01
-7.530742883682250977e-02
-2.063987776637077332e-02
1.265383698046207428e-02
-1.542651504278182983e-01
-3.326880931854248047e-02
8.196285367012023926e-02
3.642489761114120483e-02
-3.783313557505607605e-02
1.055526882410049438e-01
-1.169259026646614075e-01
-5.859074369072914124e-02
-8.844873309135437012e-02
-7.562971860170364380e-02
9.612626582384109497e-02
-3.215673193335533142e-02
-2.115511335432529449e-02
-1.770059950649738312e-02
1.089434027671813965e-01
4.650847241282463074e-02
2.885942906141281128e-02
3.406880423426628113e-02
1.214537620544433594e-01
2.853148244321346283e-02
-7.429794222116470337e-02
-3.011873178184032440e-02
-1.374185383319854736e-01
-5.714928731322288513e-02
8.087836951017379761e-02
4.490773752331733704e-02
1.122473850846290588e-01
5.581098794937133789e-02
-1.190682686865329742e-02
-1.323566026985645294e-02
-6.674991548061370850e-02
-1.658149212598800659e-01
-2.800895273685455322e-02
3.761266544461250305e-02
2.675325237214565277e-02
8.721652440726757050e-03
-1.242210040800273418e-03
8.866988122463226318e-03
-1.005471423268318176e-01
-3.800510428845882416e-03
-1.068912353366613388e-02
1.504375934600830078e-01
