-3.091930411756038666e-02
2.512469515204429626e-02
9.540677070617675781e-02
1.464817523956298828e-01
-9.761882573366165161e-02
-1.777934841811656952e-02
-6.571469455957412720e-02
-1.275454610586166382e-01
-1.071587949991226196e-01
-7.918461412191390991e-02
1.158660128712654114e-01
-2.472201362252235413e-03
-1.187172159552574158e-01
-4.542946815490722656e-02
-4.516329243779182434e-02
-1.636398769915103912e-02
-1.058208942413330078e-01
6.771066784858703613e-02
-2.326569519937038422e-02
-7.495097815990447998e-02
-5.372902750968933105e-02
7.400817424058914185e-02
2.002120763063430786e-02
-4.449249431490898132e-02
-4.314426705241203308e-02
1.205189153552055359e-01
-9.469220787286758423e-02
2.122424729168415070e-02
1.409322023391723633e-01
-7.406935095787048340e-02
6.869412213563919067e-02
-5.819937586784362793e-02
1.498738378286361694e-01
-2.633182331919670105e-02
-4.142786934971809387e-02
6.666582822799682617e-02
-1.608146280050277710e-01
-9.141381084918975830e-02
-1.609853953123092651e-01
2.466402351856231689e-01
-3.444393724203109741e-02
-6.823547184467315674e-02
-3.968934714794158936e-02
-2.265192335471510887e-03
6.612543016672134399e-02
-2.121660672128200531e-02
1.023655682802200317e-01
2.203802764415740967e-02
1.201536506414413452e-01
1.145629659295082092e-01
1.926949322223663330e-01
-8.797323331236839294e-03
-1.032042503356933594e-01
-1.750141382217407227e-02
1.013649106025695801e-01
-3.341201320290565491e-02
-7.088006287813186646e-02
2.338411472737789154e-02
-8.200630545616149902e-02
-1.285895239561796188e-02
-1.561902090907096863e-02
-4.691284894943237305e-02
-1.494348794221878052e-02
1.721912412904202938e-03
-1.044772751629352570e-02
4.209921136498451233e-02
-1.477279663085937500e-01
1.409139391034841537e-02
3.788625076413154602e-02
3.690098971128463745e-02
1.471945345401763916e-01
8.821564167737960815e-02
-1.421397477388381958e-01
1.065747290849685669e-01
1.306048631668090820e-01
-6.133171170949935913e-02
2.486719749867916107e-02
8.886397629976272583e-02
-1.523129828274250031e-02
-1.205208376049995422e-01
2.002899348735809326e-01
-1.268817931413650513e-01
6.196696311235427856e-03
-1.376685798168182373e-01
1.038715168833732605e-01
6.511908024549484253e-02
8.711163699626922607e-02
1.877043582499027252e-02
4.208399727940559387e-02
-3.035037405788898468e-02
-1.312043219804763794e-01
2.062022536993026733e-01
-9.692904353141784668e-02
-8.747056871652603149e-02
-1.348882168531417847e-01
-9.239777922630310059e-02
1.529445499181747437e-02
-3.979900851845741272e-02
1.323311179876327515e-01
-1.360793411731719971e-01
2.695015072822570801e-02
-1.380449533462524414e-01
-2.541543217375874519e-03
6.306636333465576172e-02
-1.649734750390052795e-02
-5.767073482275009155e-02
3.273450955748558044e-02
-1.344671696424484253e-01
-9.597807377576828003e-02
-4.963111504912376404e-02
-5.435642972588539124e-02
8.501812070608139038e-02
7.042101770639419556e-02
8.572980761528015137e-02
-9.759565442800521851e-02
-3.133936226367950439e-02
-4.585345089435577393e-02
4.189272876828908920e-03
3.756229206919670105e-02
-7.533300668001174927e-02
-4.401570558547973633e-02
-4.049159213900566101e-02
-8.085646480321884155e-02
5.634412169456481934e-02
-1.157728955149650574e-01
1.221215501427650452e-01
1.174064003862440586e-03
6.364101916551589966e-02
