-9.258853644132614136e-02
-1.571360379457473755e-01
-1.206812784075737000e-01
5.946037173271179199e-02
-2.014816366136074066e-02
8.319009095430374146e-02
-5.284729599952697754e-02
-8.077654987573623657e-02
-6.584775447845458984e-02
8.552177995443344116e-02
3.349529206752777100e-02
-4.936961084604263306e-02
-8.569276332855224609e-02
9.532506577670574188e-03
7.203535735607147217e-02
-3.396338596940040588e-02
-4.822444170713424683e-02
-4.795088898390531540e-03
-2.226018346846103668e-02
-4.139323905110359192e-02
-9.048399329185485840e-02
1.486890465021133423e-01
-9.884934872388839722e-02
2.501561120152473450e-02
-1.171498224139213562e-01
7.357561588287353516e-02
8.149855583906173706e-02
-1.215595453977584839e-01
-8.729421533644199371e-03
2.367813372984528542e-03
2.275371551513671875e-01
-9.289614856243133545e-03
4.875952005386352539e-02
-4.047951847314834595e-02
-9.928204864263534546e-02
-2.022324129939079285e-02
-2.390208244323730469e-01
3.684753924608230591e-02
-1.424843370914459229e-01
1.445527970790863037e-01
-1.358462721109390259e-01
-1.574841439723968506e-01
-6.868759542703628540e-02
1.263713538646697998e-01
3.346807882189750671e-02
-5.539138801395893097e-03
-6.978554278612136841e-02
3.680338338017463684e-02
-4.871480632573366165e-03
-1.918104477226734161e-02
1.242985650897026062e-01
-3.788538277149200439e-02
8.402804844081401825e-03
2.452323585748672485e-02
3.669882565736770630e-02
7.351805269718170166e-02
1.420228034257888794e-01
1.916808784008026123e-01
1.385225914418697357e-02
-3.118318272754549980e-03
-4.890524316579103470e-03
1.246221512556076050e-01
-9.400874376296997070e-02
9.746810048818588257e-02
-1.148700527846813202e-02
6.735830008983612061e-02
5.335792433470487595e-03
-1.160980481654405594e-02
1.764659024775028229e-02
3.680270165205001831e-02
-1.391891948878765106e-02
1.000098064541816711e-01
4.614149406552314758e-02
7.692412286996841431e-02
1.689811646938323975e-01
-1.223019510507583618e-01
1.330049633979797363e-01
-2.687671408057212830e-02
1.754350587725639343e-02
-1.543366163969039917e-01
9.806752204895019531e-02
-1.305438429117202759e-01
-9.893534332513809204e-02
1.696018688380718231e-02
9.207210689783096313e-02
-1.265970319509506226e-01
-1.043322384357452393e-01
-5.705352406948804855e-03
2.008659839630126953e-01
2.703130303416401148e-04
-5.726245418190956116e-02
4.995522275567054749e-02
-1.404215097427368164e-01
-1.018816754221916199e-01
-1.204041987657546997e-01
-1.900184899568557739e-01
4.498147964477539062e-02
1.021384820342063904e-02
-1.263844873756170273e-02
5.171516165137290955e-02
3.572922572493553162e-02
-1.167403161525726318e-02
-6.305731832981109619e-02
1.165226623415946960e-01
1.957380212843418121e-02
4.664378613233566284e-02
-9.860099107027053833e-02
-1.127920076251029968e-01
-4.112692177295684814e-02
-2.672236412763595581e-02
-2.060415782034397125e-02
7.460995763540267944e-02
8.311162889003753662e-02
4.029367864131927490e-02
-1.128761470317840576e-02
-3.436526656150817871e-02
-1.283029913902282715e-01
-6.367070972919464111e-02
-1.344371959567070007e-02
7.779965549707412720e-02
1.139586567878723145e-01
1.025245636701583862e-01
-1.294600591063499451e-02
2.356957830488681793e-02
-1.143183261156082153e-01
4.116600379347801208e-02
-1.467646360397338867e-01
7.128063589334487915e-03
