2.448912709951400757e-02
-4.971989896148443222e-03
-1.080197542905807495e-01
6.167184934020042419e-02
6.916039437055587769e-02
-5.347718342818552628e-06
-8.557623624801635742e-02
-7.682395726442337036e-02
-3.228852525353431702e-02
3.148056566715240479e-02
3.270378708839416504e-02
-1.431278139352798462e-01
-1.094218045473098755e-01
2.919988892972469330e-02
-4.422783106565475464e-02
-4.021433368325233459e-02
-7.547688204795122147e-03
-5.424695461988449097e-02
1.738689541816711426e-01
-1.185480207204818726e-01
-1.959988623857498169e-01
1.771913170814514160e-01
-7.454907149076461792e-02
-1.092586144804954529e-01
-5.693121626973152161e-02
-8.511283434927463531e-03
-2.652200870215892792e-02
-3.609663993120193481e-02
1.948522403836250305e-02
1.174824610352516174e-01
-1.707293465733528137e-02
7.022404670715332031e-02
-2.134656161069869995e-02
-4.887390136718750000e-02
7.938686758279800415e-02
-3.841292858123779297e-02
-1.567732542753219604e-02
7.805590517818927765e-03
-8.695010095834732056e-02
1.376607269048690796e-01
-6.811077147722244263e-02
-8.219031617045402527e-03
1.124033406376838684e-01
1.096518486738204956e-01
-4.175098240375518799e-02
-2.074508368968963623e-02
7.073822896927595139e-03
-1.650778055191040039e-01
-4.652890563011169434e-02
1.031205896288156509e-02
3.791778534650802612e-02
3.266173228621482849e-02
-2.401364780962467194e-02
-1.186760142445564270e-01
8.012478798627853394e-02
1.437921375036239624e-01
7.158777117729187012e-02
9.741054475307464600e-02
1.455509066581726074e-01
-1.740356534719467163e-02
-6.676146388053894043e-02
1.308036297559738159e-01
2.331214025616645813e-03
-1.175609901547431946e-01
1.505257934331893921e-01
1.181169375777244568e-01
-2.103379555046558380e-02
2.051538228988647461e-02
1.471324265003204346e-01
8.816199004650115967e-02
7.545125484466552734e-02
-1.029838994145393372e-01
-7.717858254909515381e-02
1.726187579333782196e-02
1.262134313583374023e-01
-2.256929688155651093e-02
-4.414840415120124817e-02
-4.672403261065483093e-02
7.152226567268371582e-02
2.622629143297672272e-02
1.718180477619171143e-01
-2.168580591678619385e-01
1.827399805188179016e-02
-1.624217629432678223e-01
2.303906512679532170e-04
9.797863662242889404e-02
-3.836321830749511719e-02
1.101140305399894714e-01
2.141486406326293945e-01
5.972848739475011826e-04
-8.210325241088867188e-02
9.497026354074478149e-02
2.186556905508041382e-02
-1.638160794973373413e-01
7.187179476022720337e-02
-2.148175612092018127e-02
-1.627775654196739197e-02
7.450078427791595459e-02
4.471834748983383179e-02
7.716771215200424194e-02
-4.820044711232185364e-02
-2.507935278117656708e-02
-5.983715504407882690e-02
1.415332406759262085e-01
6.099838763475418091e-02
7.054457068443298340e-02
-6.433116644620895386e-02
3.388248011469841003e-02
-1.366285681724548340e-01
-1.270409859716892242e-02
-4.314981028437614441e-02
-2.262659370899200439e-02
5.965968593955039978e-02
-3.103192895650863647e-02
-1.249944269657135010e-01
7.363419979810714722e-02
1.210702490061521530e-02
-5.203267186880111694e-02
-9.005520492792129517e-02
-1.226618792861700058e-02
-8.016461879014968872e-02
6.913529336452484131e-02
8.348610252141952515e-02
5.522319674491882324e-02
-2.031393647193908691e-01
3.631503134965896606e-02
-1.489631980657577515e-01
1.313041746616363525e-01
