-4.361474141478538513e-02
-5.654991790652275085e-02
-2.321443893015384674e-02
1.714054942131042480e-01
-7.559231668710708618e-02
6.925512850284576416e-02
-2.917026728391647339e-02
-1.692217290401458740e-01
-2.225309461355209351e-01
-9.927207976579666138e-02
-1.099333316087722778e-01
2.079878700897097588e-03
-8.202897757291793823e-02
-4.337139055132865906e-02
-9.152969345450401306e-03
3.625923767685890198e-02
5.347549170255661011e-02
6.211251020431518555e-02
2.875553630292415619e-02
-2.016625106334686279e-01
3.553891181945800781e-02
1.266618371009826660e-01
2.113013714551925659e-01
-4.679017141461372375e-02
-1.627253592014312744e-01
4.749319329857826233e-02
-4.693623632192611694e-02
1.358773186802864075e-02
8.249260485172271729e-02
3.676517680287361145e-02
3.541735932230949402e-02
2.966525033116340637e-02
6.790918111801147461e-02
-2.807666175067424774e-02
-1.690288186073303223e-01
5.304056406021118164e-02
-6.296212971210479736e-02
-8.457440137863159180e-02
-1.853105425834655762e-02
1.947633326053619385e-01
-1.047239899635314941e-01
1.450603455305099487e-02
-7.983939349651336670e-02
7.587499916553497314e-02
1.303525120019912720e-01
-6.063295155763626099e-02
5.721724405884742737e-02
-5.060645937919616699e-02
3.088643774390220642e-02
9.260579198598861694e-02
2.211537063121795654e-01
6.526871025562286377e-02
-6.400620937347412109e-02
8.123776316642761230e-02
4.800036549568176270e-02
-3.064792975783348083e-02
2.917237393558025360e-02
-3.610100969672203064e-02
-2.825487218797206879e-02
6.783936917781829834e-02
4.327659960836172104e-03
6.489026546478271484e-02
5.288992077112197876e-03
-2.962902747094631195e-02
-6.660458631813526154e-03
1.003828570246696472e-01
2.599732484668493271e-03
1.542317401617765427e-02
1.500319391489028931e-01
6.737545132637023926e-02
8.365707844495773315e-02
1.000418886542320251e-01
-1.230734214186668396e-01
1.133465766906738281e-01
2.679443173110485077e-02
-2.181275933980941772e-02
1.588902063667774200e-02
-3.652745112776756287e-02
-2.367935702204704285e-02
-1.342188119888305664e-01
1.373228579759597778e-01
-2.092757076025009155e-01
-1.519167870283126831e-01
-9.574616700410842896e-02
6.220296770334243774e-02
9.845256060361862183e-02
-9.988784044981002808e-02
4.490638524293899536e-02
1.026855483651161194e-01
-5.669346079230308533e-02
-1.380866169929504395e-01
2.700224891304969788e-02
6.317761261016130447e-03
-4.475361853837966919e-02
-5.763333663344383240e-02
-4.681116715073585510e-02
6.243234500288963318e-02
-1.878403685986995697e-02
9.563174098730087280e-02
-8.763511478900909424e-02
-5.183500703424215317e-03
-4.683673009276390076e-02
-3.979888558387756348e-02
2.054497748613357544e-01
3.288709744811058044e-02
-1.251966506242752075e-01
6.408589333295822144e-02
-1.223377883434295654e-01
-1.864041388034820557e-01
2.921911329030990601e-02
-6.612829118967056274e-02
2.709663473069667816e-02
7.000774145126342773e-02
6.483817100524902344e-02
-2.159275673329830170e-02
-2.566900849342346191e-02
6.865820288658142090e-02
-3.065770864486694336e-02
2.798105590045452118e-03
5.317952483892440796e-02
1.214888095855712891e-01
4.082466289401054382e-02
8.780327625572681427e-03
2.389033138751983643e-02
-1.333932429552078247e-01
1.762139424681663513e-02
-3.680593892931938171e-02
-1.427633315324783325e-02
