-1.554907672107219696e-02
-4.597025457769632339e-03
-1.089396849274635315e-01
1.461063474416732788e-01
9.986123442649841309e-02
1.288152933120727539e-01
-2.943461202085018158e-02
-2.003698498010635376e-01
-1.392060518264770508e-01
-6.715284660458564758e-03
-2.634184062480926514e-02
-1.723543107509613037e-01
-3.938345611095428467e-02
7.494072616100311279e-02
-6.075612828135490417e-02
-5.360768362879753113e-02
-7.193686068058013916e-02
1.582489907741546631e-02
1.457551866769790649e-01
-1.238604262471199036e-01
-1.158472746610641479e-01
2.080885320901870728e-01
-2.101107686758041382e-02
-1.184498444199562073e-01
-6.879607588052749634e-02
1.825569779612123966e-03
1.209020148962736130e-02
-7.956619374454021454e-03
-2.529639936983585358e-02
1.121704727411270142e-01
6.087105348706245422e-02
1.219369396567344666e-01
-4.728355258703231812e-02
-4.742956161499023438e-02
-5.820331349968910217e-02
-1.247466728091239929e-02
-1.188593283295631409e-01
1.286696270108222961e-02
-1.046265587210655212e-01
8.170410245656967163e-02
1.745577715337276459e-02
-4.660297185182571411e-02
8.887268602848052979e-02
1.068900898098945618e-01
8.898782543838024139e-03
-8.598555624485015869e-02
-3.296510875225067139e-02
-1.390774399042129517e-01
-5.285809934139251709e-02
4.574625194072723389e-02
5.452886596322059631e-02
4.975515604019165039e-02
2.549808286130428314e-02
-1.723386906087398529e-02
3.459557890892028809e-02
1.426367163658142090e-01
7.298846542835235596e-02
1.435613185167312622e-01
8.767230063676834106e-02
3.641282441094517708e-03
-4.509965330362319946e-02
1.961650252342224121e-01
3.825652599334716797e-02
-1.219002306461334229e-01
9.116323664784431458e-03
8.940895646810531616e-02
2.064149826765060425e-02
7.176880538463592529e-02
1.073744371533393860e-01
1.375278681516647339e-01
1.198620498180389404e-01
-2.460684627294540405e-02
-1.144340187311172485e-01
6.318247318267822266e-02
4.541486874222755432e-02
1.229546498507261276e-02
7.101780734956264496e-03
-1.142947152256965637e-01
9.272377192974090576e-02
-5.541670322418212891e-02
1.064700335264205933e-01
-2.206589579582214355e-01
4.436247050762176514e-02
-9.508446604013442993e-02
6.618763785809278488e-03
-2.273060195147991180e-02
-7.349300384521484375e-02
5.143476650118827820e-02
1.303896456956863403e-01
5.216348543763160706e-02
-1.036638841032981873e-01
4.673422500491142273e-02
-7.562605291604995728e-02
-1.690565347671508789e-01
3.647457063198089600e-02
-1.348890215158462524e-01
4.431246966123580933e-02
1.287700086832046509e-01
-8.010662160813808441e-03
5.490691214799880981e-02
-5.749346315860748291e-02
2.007630839943885803e-02
-1.200620681047439575e-01
1.590889841318130493e-01
6.538452208042144775e-02
6.021972000598907471e-02
-1.043235138058662415e-01
5.218997132033109665e-03
-4.623636975884437561e-02
3.924335166811943054e-02
-4.230022802948951721e-02
-3.528125211596488953e-02
-6.752352695912122726e-03
-6.388675421476364136e-02
-8.525592833757400513e-02
8.231057971715927124e-02
-2.513795532286167145e-02
-2.036325447261333466e-02
-1.064832732081413269e-01
-3.237298876047134399e-02
-3.594749420881271362e-02
9.651700407266616821e-02
6.798504292964935303e-02
4.613442346453666687e-02
-1.896465122699737549e-01
-3.994470089673995972e-02
-1.564205884933471680e-01
-4.060924053192138672e-02
