-8.132231980562210083e-02
-4.469804093241691589e-02
-1.093766316771507263e-01
1.079729050397872925e-01
1.071216017007827759e-01
1.259780079126358032e-01
-4.912307113409042358e-02
-1.431035548448562622e-01
-1.347148269414901733e-01
6.149100512266159058e-02
-3.291920758783817291e-03
-1.665000915527343750e-01
-5.669552832841873169e-02
6.962757557630538940e-02
-6.417732685804367065e-02
-6.144096329808235168e-02
-1.173777803778648376e-01
-2.706412412226200104e-02
1.289059519767761230e-01
-1.328619718551635742e-01
-1.733834147453308105e-01
2.247599661350250244e-01
-2.822144702076911926e-02
-1.143111214041709900e-01
-8.922500163316726685e-02
-4.126941785216331482e-02
2.009922452270984650e-02
-3.473734110593795776e-02
-5.030740052461624146e-03
9.761902689933776855e-02
1.013622581958770752e-01
3.833927586674690247e-02
-7.130576297640800476e-03
-2.582155726850032806e-02
2.195508405566215515e-02
3.996253944933414459e-03
-1.435458213090896606e-01
2.349331974983215332e-02
-9.905898571014404297e-02
1.000241711735725403e-01
-2.046321518719196320e-02
-6.244391202926635742e-02
8.017376810312271118e-02
1.281789839267730713e-01
5.660796537995338440e-03
-6.883933395147323608e-02
-5.158106982707977295e-02
-1.390211433172225952e-01
-5.348098278045654297e-02
6.477400660514831543e-02
4.210251569747924805e-02
7.508154958486557007e-03
-7.201933301985263824e-03
-3.766258060932159424e-02
7.230462878942489624e-02
1.422151923179626465e-01
9.762168675661087036e-02
1.800683438777923584e-01
6.282445043325424194e-02
2.177178673446178436e-02
-7.691582292318344116e-02
1.706915944814682007e-01
8.044568449258804321e-02
-7.812967151403427124e-02
7.053048349916934967e-03
1.086896359920501709e-01
2.290121279656887054e-02
2.424595504999160767e-02
1.060008183121681213e-01
1.173202618956565857e-01
6.845802813768386841e-02
-8.133410010486841202e-04
-6.285922974348068237e-02
1.066720113158226013e-01
4.379703104496002197e-02
6.936533027328550816e-04
1.817194558680057526e-02
-5.392138287425041199e-02
9.974660724401473999e-02
-6.178758665919303894e-02
1.140672042965888977e-01
-2.155533134937286377e-01
7.602550555020570755e-03
-1.100555583834648132e-01
8.054013550281524658e-02
-5.358261056244373322e-03
-1.055718865245580673e-02
7.001304626464843750e-02
1.407344490289688110e-01
5.678556859493255615e-03
-1.059024184942245483e-01
7.674129307270050049e-02
-6.186456605792045593e-02
-1.478932946920394897e-01
6.068450957536697388e-02
-1.263183653354644775e-01
1.629807241261005402e-02
1.264211088418960571e-01
2.610573731362819672e-02
4.911305755376815796e-02
-5.495066940784454346e-02
-3.613945795223116875e-03
-1.413195431232452393e-01
1.140145957469940186e-01
1.161016151309013367e-01
6.151832267642021179e-02
-5.546472221612930298e-02
4.628080502152442932e-02
-4.864731803536415100e-02
4.163730144500732422e-02
-3.477174416184425354e-02
-6.455000024288892746e-03
-9.885942563414573669e-03
-6.822121888399124146e-02
-8.474335074424743652e-02
6.052166223526000977e-02
-1.910500600934028625e-02
-7.624460011720657349e-02
-9.943048655986785889e-02
-6.244966760277748108e-02
-3.930628672242164612e-02
1.115815564990043640e-01
1.053570136427879333e-01
5.464151501655578613e-02
-1.747476607561111450e-01
-5.896935705095529556e-03
-1.731823235750198364e-01
2.063556946814060211e-02
