-6.800645589828491211e-02
-1.333478838205337524e-01
-1.666893661022186279e-01
3.738651424646377563e-02
6.210052967071533203e-02
6.957228481769561768e-02
-1.176214441657066345e-01
-5.952829867601394653e-02
-8.116742968559265137e-02
3.600061312317848206e-02
-9.979490190744400024e-03
-7.415725290775299072e-02
-1.791247725486755371e-02
-1.014884486794471741e-01
3.662043809890747070e-02
-1.379542704671621323e-02
-7.395863533020019531e-02
-8.497819304466247559e-02
4.367693886160850525e-02
-2.053857408463954926e-02
-1.395543515682220459e-01
1.677898168563842773e-01
4.356765002012252808e-02
-4.222616925835609436e-02
-1.479376256465911865e-01
8.799908310174942017e-02
7.954848557710647583e-02
-1.408658772706985474e-01
1.566721871495246887e-02
-1.051383279263973236e-02
1.370777934789657593e-01
-6.077398359775543213e-02
4.874673672020435333e-03
-1.958353631198406219e-02
-6.561371684074401855e-02
1.074034138582646847e-03
-5.602015182375907898e-03
7.731726020574569702e-02
-1.009975299239158630e-01
7.233560830354690552e-02
-1.755808144807815552e-01
-8.030475676059722900e-02
-9.449356794357299805e-02
1.607265621423721313e-01
-1.307764947414398193e-01
-8.001511543989181519e-02
-7.618764042854309082e-02
-4.774617776274681091e-02
-6.087969988584518433e-03
-5.106495320796966553e-02
1.161636114120483398e-01
-8.459379523992538452e-02
3.899286314845085144e-02
6.368684023618698120e-02
2.463920786976814270e-02
1.001511141657829285e-01
7.032633572816848755e-02
1.240766569972038269e-01
5.587856844067573547e-02
2.241063863039016724e-03
6.499040126800537109e-02
2.068383842706680298e-01
-4.938095062971115112e-02
7.164180278778076172e-02
-7.722519338130950928e-03
1.191284060478210449e-01
5.663141608238220215e-02
9.507800638675689697e-02
1.402345001697540283e-01
5.548250675201416016e-02
-4.191379621624946594e-02
-3.221742343157529831e-03
-6.016172468662261963e-02
5.494021251797676086e-02
1.133242920041084290e-01
-1.515451669692993164e-01
1.046884134411811829e-01
-1.746482774615287781e-02
1.201017387211322784e-02
-4.900266230106353760e-02
1.595384329557418823e-01
-9.800267219543457031e-02
-8.095640689134597778e-02
2.265734225511550903e-02
-1.742056943476200104e-02
3.119781427085399628e-02
-2.017267048358917236e-01
1.829639449715614319e-02
1.742337346076965332e-01
3.284957632422447205e-02
-5.212381482124328613e-02
9.090079367160797119e-02
-1.159653533250093460e-02
-9.699203819036483765e-02
-8.857166767120361328e-02
-1.998465806245803833e-01
3.274726867675781250e-02
-1.283656619489192963e-02
6.028864160180091858e-02
1.040138080716133118e-01
-1.521620899438858032e-02
4.943517595529556274e-02
-5.251928791403770447e-02
8.695326000452041626e-02
-1.304425578564405441e-02
7.178837805986404419e-02
-1.285226494073867798e-01
-2.217853441834449768e-03
-2.078692018985748291e-01
1.469133514910936356e-02
3.677368164062500000e-02
1.030159294605255127e-01
8.925311267375946045e-02
-1.426406670361757278e-02
-1.465514898300170898e-01
-1.111433003097772598e-02
-1.202248036861419678e-01
-1.136734783649444580e-01
-8.379494771361351013e-03
8.086688071489334106e-02
4.059806093573570251e-02
3.463974222540855408e-02
-3.402148187160491943e-02
1.478865593671798706e-01
-4.055805876851081848e-02
9.392497688531875610e-02
-7.730026543140411377e-02
3.094301186501979828e-02
