-1.756924539804458618e-01
8.912856876850128174e-02
4.475916549563407898e-02
5.258680135011672974e-02
-8.940944075584411621e-02
-6.628747563809156418e-03
7.840166240930557251e-02
-1.448007822036743164e-01
-1.149084419012069702e-01
3.677726164460182190e-02
-7.372388243675231934e-02
-1.511768996715545654e-01
-1.902198791503906250e-02
-5.520647857338190079e-03
6.810283660888671875e-02
-6.432312726974487305e-02
-2.874255180358886719e-02
4.995677992701530457e-02
6.769869476556777954e-02
-7.323289662599563599e-02
-4.699847474694252014e-02
1.302247941493988037e-01
2.631066925823688507e-02
-1.253445446491241455e-01
4.290338978171348572e-02
7.452136278152465820e-02
-1.042770221829414368e-01
9.426657110452651978e-02
-5.973004922270774841e-02
1.009751856327056885e-01
1.252810657024383545e-01
5.584543198347091675e-02
1.451695114374160767e-01
-5.075923725962638855e-02
-1.719268970191478729e-02
1.135699227452278137e-01
-1.761030703783035278e-01
-6.170572340488433838e-02
-3.556493669748306274e-02
7.988432794809341431e-02
-1.186200827360153198e-01
-9.912454336881637573e-02
-1.906639151275157928e-02
5.137958377599716187e-02
1.516752783209085464e-02
5.869792029261589050e-02
6.584504246711730957e-02
3.391285240650177002e-02
1.778281182050704956e-01
1.090249046683311462e-01
1.341864615678787231e-01
-3.261431679129600525e-02
-8.625426888465881348e-02
-8.997146785259246826e-02
2.582809422165155411e-03
4.019531887024641037e-03
1.742718741297721863e-02
1.230586227029561996e-02
5.798258259892463684e-02
9.120529145002365112e-02
1.706006750464439392e-02
7.348027080297470093e-02
-7.680588215589523315e-02
9.617880918085575104e-03
3.645383194088935852e-02
-1.297531463205814362e-02
-9.994335472583770752e-02
-1.792144030332565308e-02
1.809778809547424316e-02
1.353119462728500366e-01
1.806393712759017944e-01
9.413804113864898682e-02
-2.132644876837730408e-02
3.879256919026374817e-02
7.321566343307495117e-02
-3.611164167523384094e-02
4.744409397244453430e-02
-6.722354143857955933e-02
-6.731352210044860840e-02
-1.427370905876159668e-01
1.428589075803756714e-01
-1.091325357556343079e-01
-1.640026271343231201e-01
-1.236184984445571899e-01
1.100088804960250854e-01
-5.920107662677764893e-02
-1.096872240304946899e-01
-2.911527454853057861e-02
1.030368283390998840e-01
1.627772450447082520e-01
-1.680228710174560547e-01
1.878275722265243530e-01
-3.102936409413814545e-02
-5.011589452624320984e-02
-1.347036063671112061e-01
-1.611126363277435303e-01
7.881129160523414612e-03
6.265392154455184937e-02
1.193769499659538269e-01
-4.137234762310981750e-02
3.263527154922485352e-02
-2.415534853935241699e-02
-7.161159068346023560e-02
4.811361059546470642e-02
1.818019896745681763e-02
-8.057751506567001343e-02
-1.667606830596923828e-02
-4.383091628551483154e-02
-3.282484039664268494e-02
-1.087292507290840149e-01
-7.990199141204357147e-03
-1.406333446502685547e-01
1.309072524309158325e-01
6.579664349555969238e-02
6.943126767873764038e-02
-1.297805160284042358e-01
-1.063694432377815247e-01
-7.387329638004302979e-02
-3.556568175554275513e-02
-9.021994471549987793e-02
-8.674456179141998291e-02
2.033124305307865143e-02
8.327238261699676514e-03
-1.515602469444274902e-01
-4.623789340257644653e-02
-1.400778419338166714e-03
8.040697127580642700e-02
-1.560542825609445572e-02
