4.922511801123619080e-02
-1.011145487427711487e-01
1.671142177656292915e-03
4.796060174703598022e-02
-3.710197657346725464e-02
1.006709132343530655e-02
-1.213983446359634399e-01
-2.890045009553432465e-02
-8.100322447717189789e-04
1.829920262098312378e-01
-7.555031776428222656e-02
-4.099131003022193909e-02
-1.788565814495086670e-01
-6.075506284832954407e-02
7.247847318649291992e-02
1.166545525193214417e-01
-6.309331953525543213e-02
-4.839899775106459856e-04
7.906476408243179321e-02
-1.497145295143127441e-01
-5.520471930503845215e-02
2.728113718330860138e-02
-3.419001027941703796e-02
-6.733486056327819824e-02
-6.916043162345886230e-02
2.050071358680725098e-01
1.562979444861412048e-02
-9.089495241641998291e-02
7.626847177743911743e-02
-7.052027434110641479e-02
1.301918178796768188e-01
-4.915194213390350342e-02
6.194143742322921753e-02
-9.831127524375915527e-02
6.816928088665008545e-02
-2.839162945747375488e-02
-6.975945085287094116e-02
5.191780999302864075e-02
1.251503545790910721e-02
1.336961835622787476e-01
-4.807246103882789612e-02
-1.727699190378189087e-01
1.599963940680027008e-02
8.771300315856933594e-02
1.240369305014610291e-01
5.959296133369207382e-03
1.320257484912872314e-01
6.714581977576017380e-03
2.605065330862998962e-02
-4.658978432416915894e-02
1.849714368581771851e-01
-8.882220834493637085e-02
-1.253955960273742676e-01
6.480318307876586914e-02
1.483052074909210205e-01
1.461317948997020721e-02
1.404487490653991699e-01
1.304887607693672180e-02
3.026282228529453278e-02
-3.187485411763191223e-02
2.614294178783893585e-02
-2.184998057782649994e-02
-4.782325774431228638e-02
4.807890206575393677e-02
-7.585727423429489136e-02
-3.999674320220947266e-02
-8.616421371698379517e-03
-1.756176501512527466e-01
1.004972904920578003e-01
-1.008453965187072754e-01
9.402459859848022461e-02
-5.851155519485473633e-02
-2.096920162439346313e-01
-2.933018282055854797e-02
2.172904610633850098e-01
-9.189477562904357910e-02
-6.613997370004653931e-02
9.846892207860946655e-03
-9.203118830919265747e-02
-7.990214228630065918e-02
6.020487844944000244e-02
-1.441286653280258179e-01
1.433857623487710953e-02
-4.481358453631401062e-03
1.571246050298213959e-02
8.218745701014995575e-03
-5.837294459342956543e-02
-5.721149593591690063e-02
1.469373255968093872e-01
-7.038214057683944702e-02
-5.363680422306060791e-02
1.126725152134895325e-01
-1.163664683699607849e-01
-5.925557017326354980e-02
-1.075198426842689514e-01
-1.000940054655075073e-01
9.369072318077087402e-02
-6.780400127172470093e-02
9.903592988848686218e-03
-3.174967691302299500e-02
1.029140874743461609e-01
2.638265118002891541e-02
-6.134675443172454834e-02
1.158845275640487671e-01
1.813616305589675903e-01
6.215598434209823608e-03
1.623028703033924103e-02
-4.118994995951652527e-02
-7.905499637126922607e-02
-1.322549767792224884e-02
2.161603793501853943e-02
9.876180440187454224e-02
1.443929374217987061e-01
1.669274270534515381e-01
-7.964114099740982056e-02
-1.472087800502777100e-01
-8.300349861383438110e-02
-2.682800590991973877e-02
4.919461905956268311e-02
1.428602356463670731e-02
7.853946089744567871e-02
-1.207536160945892334e-01
-6.111041828989982605e-02
2.002565748989582062e-02
-5.312494933605194092e-02
-1.129229459911584854e-02
-6.277978420257568359e-03
2.052883058786392212e-02
