6.403010338544845581e-02
-9.298223257064819336e-02
-4.788256064057350159e-02
1.815807223320007324e-01
1.409802492707967758e-02
8.525589108467102051e-02
-2.595233730971813202e-02
-1.093500331044197083e-01
-9.831546992063522339e-02
1.501908749341964722e-01
-1.867676153779029846e-02
-1.202776208519935608e-01
-1.960854530334472656e-01
-3.820243990048766136e-03
4.310290515422821045e-02
1.339860707521438599e-01
5.446292832493782043e-02
5.088919028639793396e-02
1.473754793405532837e-01
-1.828450709581375122e-01
-3.983978182077407837e-02
2.362658828496932983e-02
2.802211232483386993e-02
-1.013976186513900757e-01
-3.798949718475341797e-02
3.620127215981483459e-02
-2.070311829447746277e-02
-1.417325926013290882e-03
1.885970383882522583e-01
8.819499611854553223e-02
1.855709999799728394e-01
-3.317476063966751099e-02
-4.143860656768083572e-03
2.242019400000572205e-02
3.734334930777549744e-02
4.005178064107894897e-02
-4.932602494955062866e-02
4.577158018946647644e-02
-9.609860926866531372e-02
2.178846299648284912e-01
1.684965193271636963e-02
3.086354024708271027e-02
5.448213592171669006e-02
-1.760445907711982727e-02
8.073577284812927246e-02
7.332280278205871582e-02
8.300939947366714478e-02
-1.009609550237655640e-01
2.647955436259508133e-03
4.609728604555130005e-02
7.676386088132858276e-02
-1.132712364196777344e-01
-1.671984046697616577e-01
-1.428803801536560059e-02
1.155295744538307190e-01
7.967951893806457520e-02
1.235232874751091003e-01
1.400697696954011917e-02
5.358723551034927368e-02
-7.444310933351516724e-02
-2.563852630555629730e-02
2.357703819870948792e-02
4.871204122900962830e-02
-4.449969902634620667e-02
4.252392798662185669e-02
3.839801996946334839e-02
8.737388066947460175e-03
-3.960418049246072769e-03
6.315793097019195557e-02
-6.751532852649688721e-02
1.544454842805862427e-01
-2.467084489762783051e-02
-1.371191591024398804e-01
1.830901019275188446e-02
1.251979023218154907e-01
-7.142820861190557480e-03
1.195777952671051025e-02
3.104401985183358192e-03
-8.938922546803951263e-03
-4.208919033408164978e-02
1.620484441518783569e-01
-2.094684392213821411e-01
-2.678704634308815002e-02
-6.225499510765075684e-02
2.113535441458225250e-02
7.718591392040252686e-02
-2.095134928822517395e-02
2.494389005005359650e-02
1.274200677871704102e-01
-2.174366265535354614e-02
-1.169914454221725464e-01
8.837021887302398682e-02
-4.778687842190265656e-03
-8.311058580875396729e-02
-7.736519724130630493e-02
-1.448830217123031616e-01
-6.059706583619117737e-02
1.652706786990165710e-02
1.270066499710083008e-01
-6.314333528280258179e-02
-1.672777230851352215e-03
-8.039705455303192139e-02
-2.224763622507452965e-03
1.353702694177627563e-01
1.605847775936126709e-01
2.664698287844657898e-02
8.708788454532623291e-02
-1.061152964830398560e-01
-2.143889516592025757e-01
-4.647367168217897415e-03
-6.268813461065292358e-02
-3.866871818900108337e-02
1.119931414723396301e-01
6.514109671115875244e-02
-1.320772320032119751e-01
-3.828417509794235229e-02
-9.943761676549911499e-02
-7.287011295557022095e-02
-4.979831725358963013e-02
-3.692577779293060303e-02
2.572103589773178101e-02
4.071071371436119080e-02
-1.084809154272079468e-01
1.146757751703262329e-01
-1.303993165493011475e-01
1.785014197230339050e-02
-4.040399193763732910e-02
-9.960236959159374237e-03
