-7.459081709384918213e-02
-1.859464310109615326e-02
-7.574085146188735962e-02
1.791571080684661865e-01
1.046129539608955383e-01
1.078574955463409424e-01
-1.075380891561508179e-01
-1.497626155614852905e-01
-9.331631660461425781e-02
-6.703281402587890625e-02
-2.323027700185775757e-02
-1.192932128906250000e-01
-7.019509375095367432e-02
6.953137461096048355e-03
-4.556265845894813538e-02
-8.770290017127990723e-02
-6.268277019262313843e-02
-5.486677959561347961e-02
-3.403409570455551147e-02
-1.195941027253866196e-02
-2.769179269671440125e-02
1.476064622402191162e-01
-3.087430261075496674e-02
-8.979619294404983521e-02
-1.385283023118972778e-01
8.569311350584030151e-02
2.415965497493743896e-02
-6.009713932871818542e-02
-1.594149880111217499e-02
6.365715712308883667e-02
8.428134024143218994e-02
1.352916657924652100e-01
-2.651629410684108734e-02
1.098343404009938240e-03
-1.542886793613433838e-01
1.553024947643280029e-01
-1.547161042690277100e-01
7.102633267641067505e-02
-1.721543520689010620e-01
9.150764346122741699e-02
7.766690105199813843e-02
-1.254938393831253052e-01
3.489599376916885376e-02
2.762533910572528839e-02
-6.010575592517852783e-02
-4.229921847581863403e-02
-7.312945276498794556e-02
-6.334638595581054688e-02
1.848582923412322998e-02
1.117106759920716286e-03
6.489680707454681396e-02
-8.084955811500549316e-02
-6.206890568137168884e-02
1.228882893919944763e-01
5.431218072772026062e-02
1.330879926681518555e-01
1.348523348569869995e-01
8.027815073728561401e-02
3.823007456958293915e-03
-8.768633753061294556e-02
-1.091114357113838196e-01
1.759643107652664185e-01
-4.603110998868942261e-02
-2.711120620369911194e-02
-3.878545016050338745e-02
1.070511154830455780e-02
2.696844935417175293e-02
5.515879392623901367e-02
1.494056731462478638e-01
1.256716102361679077e-01
8.352835476398468018e-02
9.853582084178924561e-02
-3.356108814477920532e-02
9.921981394290924072e-02
2.593335323035717010e-02
-2.651801146566867828e-02
6.637036800384521484e-02
-1.407439559698104858e-01
6.663050502538681030e-02
-9.523670375347137451e-02
9.446880221366882324e-02
-1.788277626037597656e-01
-5.715422332286834717e-03
-4.744899272918701172e-02
1.205667331814765930e-01
-4.043187946081161499e-02
1.031511835753917694e-02
-1.167693734169006348e-02
1.085814312100410461e-01
2.710783667862415314e-02
-9.832800179719924927e-02
1.007076259702444077e-02
2.294812165200710297e-02
-2.013922333717346191e-01
-2.123992703855037689e-02
-9.634739160537719727e-02
4.341902211308479309e-02
2.095608785748481750e-02
1.347116231918334961e-01
7.480288296937942505e-02
-8.123205602169036865e-02
7.578165084123611450e-02
-1.333623230457305908e-01
2.023308426141738892e-01
-2.190661430358886719e-02
4.884359240531921387e-02
-1.269449293613433838e-01
-4.759670048952102661e-02
-8.872256428003311157e-02
-9.956970065832138062e-02
-1.847446219471748918e-05
-2.872786857187747955e-02
3.370900079607963562e-02
-4.144994914531707764e-02
-3.208134695887565613e-02
2.183519862592220306e-02
-1.388741731643676758e-01
6.613697856664657593e-02
-1.863677054643630981e-03
3.740646643564105034e-03
8.840706199407577515e-02
5.640478804707527161e-02
8.457628637552261353e-02
-6.978082004934549332e-03
-1.639667898416519165e-01
1.089243367314338684e-01
-3.624347597360610962e-02
-8.684850484132766724e-02
