-1.119009032845497131e-01
1.660061883740127087e-03
-1.060250401496887207e-01
5.931940302252769470e-02
4.635667428374290466e-02
1.359661072492599487e-01
-1.135839298367500305e-01
-5.078209936618804932e-02
-9.599851071834564209e-02
-3.136022761464118958e-02
-2.071762643754482269e-02
-2.936407737433910370e-02
-6.637877225875854492e-02
-2.815186232328414917e-02
-7.973727583885192871e-02
-6.685911864042282104e-02
3.000105544924736023e-02
-2.511743083596229553e-02
1.625945419073104858e-02
-2.653314359486103058e-02
-2.662040293216705322e-02
2.168545126914978027e-01
2.661585435271263123e-02
-1.897321939468383789e-01
-1.124987825751304626e-01
1.048798412084579468e-01
8.587561547756195068e-02
-7.458888739347457886e-02
5.846346914768218994e-02
2.782771177589893341e-02
1.433416754007339478e-01
7.465135306119918823e-02
-4.931000526994466782e-03
-3.916050121188163757e-02
-1.414853930473327637e-01
-7.544547319412231445e-02
-5.335709080100059509e-02
2.208240516483783722e-02
-3.309063240885734558e-02
1.077279355376958847e-02
-9.104555100202560425e-02
-1.553063094615936279e-01
2.867956273257732391e-02
1.152256578207015991e-01
-3.740495070815086365e-02
-1.183321401476860046e-01
-2.789953537285327911e-02
-2.914147078990936279e-02
-3.683494031429290771e-02
3.100865893065929413e-02
1.466714739799499512e-01
7.604694366455078125e-02
7.196328788995742798e-02
1.107857376337051392e-02
-1.829047873616218567e-02
4.720557108521461487e-02
1.121998205780982971e-01
1.124658808112144470e-01
8.296480029821395874e-02
6.177565827965736389e-02
9.706822782754898071e-02
1.455040127038955688e-01
-2.777485409751534462e-03
5.297224852256476879e-04
-1.072192788124084473e-01
-6.713066995143890381e-02
7.616285979747772217e-02
1.463039219379425049e-01
1.606422215700149536e-01
6.376134604215621948e-02
2.112178057432174683e-01
-4.820562899112701416e-02
-1.364517211914062500e-01
1.951390653848648071e-01
4.306369274854660034e-02
-7.639305293560028076e-02
2.217225171625614166e-02
-1.303438842296600342e-01
2.192379720509052277e-02
-2.002452462911605835e-01
9.132549166679382324e-02
-1.028627455234527588e-01
-8.315788209438323975e-02
-1.173207685351371765e-01
-3.445866331458091736e-02
-4.465684667229652405e-02
-1.204013302922248840e-01
-2.334435470402240753e-02
-1.372314756736159325e-03
8.553346991539001465e-02
-8.038800954818725586e-02
4.792651161551475525e-02
-1.878210604190826416e-01
-1.201859489083290100e-01
-1.359748840332031250e-02
-1.559320092201232910e-01
-4.256946966052055359e-02
5.835366994142532349e-02
-1.370463427156209946e-02
7.062164694070816040e-02
1.049850042909383774e-02
-4.868711903691291809e-02
-1.253696680068969727e-01
1.241433992981910706e-01
1.178725622594356537e-03
5.412288755178451538e-02
-5.299175158143043518e-02
-1.488296315073966980e-02
-5.577106401324272156e-02
1.443274319171905518e-01
2.909323200583457947e-02
4.616074636578559875e-02
2.791074663400650024e-02
-6.359377503395080566e-02
-8.978026360273361206e-02
4.391597583889961243e-02
-4.335137829184532166e-02
-9.760530292987823486e-02
-1.102863475680351257e-01
1.478950828313827515e-01
6.789365410804748535e-02
4.327423870563507080e-02
-1.499243918806314468e-02
-1.591193675994873047e-02
-1.031759828329086304e-01
-6.905326247215270996e-02
-2.146079950034618378e-02
-7.287315279245376587e-02
