-1.750610396265983582e-02
-3.753739874809980392e-03
-4.359267652034759521e-02
1.184906736016273499e-01
-6.551427394151687622e-02
2.340419217944145203e-02
-1.453376747667789459e-02
-1.505495011806488037e-01
-1.038877218961715698e-01
-1.303822500631213188e-03
-9.858540445566177368e-02
1.748826913535594940e-02
-8.473260700702667236e-02
-5.065689980983734131e-02
-4.006504267454147339e-02
1.897819899022579193e-02
9.300211817026138306e-02
1.487602889537811279e-01
8.029729127883911133e-02
-1.088092103600502014e-01
7.943642139434814453e-02
1.803983747959136963e-02
1.256960630416870117e-01
4.144368320703506470e-02
-1.503344625234603882e-01
3.557169064879417419e-02
-8.100958168506622314e-02
-5.073910113424062729e-03
5.172387510538101196e-02
5.970736220479011536e-02
4.638786986470222473e-02
8.061383850872516632e-03
1.108902767300605774e-01
-8.409564383327960968e-03
-9.049157798290252686e-02
1.026104837656021118e-01
-1.190335601568222046e-01
-1.271253079175949097e-01
-6.162198260426521301e-02
1.771980375051498413e-01
-1.252540349960327148e-01
2.112224325537681580e-02
-7.060864567756652832e-02
2.060501463711261749e-02
1.468593925237655640e-01
-5.320170894265174866e-02
1.169753298163414001e-01
-2.110134623944759369e-02
3.212331235408782959e-02
5.991953983902931213e-02
2.191864848136901855e-01
6.933962553739547729e-02
-6.796021759510040283e-02
5.743227899074554443e-02
-1.817754097282886505e-02
-1.156971603631973267e-02
7.398673892021179199e-02
-5.870729684829711914e-02
4.749475792050361633e-02
1.448675245046615601e-02
-7.491898536682128906e-02
7.490319758653640747e-02
-3.566594794392585754e-02
-2.595385164022445679e-02
9.049121290445327759e-02
1.242267787456512451e-01
-4.584411904215812683e-02
3.323384746909141541e-02
1.281295716762542725e-01
2.020751498639583588e-02
1.413750648498535156e-01
1.802045404911041260e-01
-7.655431330204010010e-02
7.964845746755599976e-02
8.182561397552490234e-02
2.475838363170623779e-02
-5.982805415987968445e-02
1.869532163254916668e-03
-4.608589410781860352e-02
-1.818892061710357666e-01
1.275537908077239990e-01
-1.513719111680984497e-01
-2.116407752037048340e-01
-3.619928658008575439e-02
6.312760710716247559e-02
7.292775809764862061e-02
-1.066779643297195435e-01
-3.648212924599647522e-02
1.198033317923545837e-01
-2.268953993916511536e-02
-1.270886957645416260e-01
5.059811845421791077e-02
-3.825050964951515198e-02
1.477401237934827805e-03
-8.344899863004684448e-02
1.843628659844398499e-02
-5.541805922985076904e-02
-5.867546796798706055e-02
3.676705062389373779e-02
-8.799895644187927246e-02
-3.676641732454299927e-02
1.748904772102832794e-02
1.794376410543918610e-02
1.940596401691436768e-01
-2.227153629064559937e-02
-1.162342280149459839e-01
-1.081919576972723007e-02
-2.228002995252609253e-01
-1.714944243431091309e-01
-2.015850879251956940e-02
-1.461507827043533325e-01
2.116432413458824158e-02
6.384844332933425903e-02
1.017740219831466675e-01
-3.463640678091906011e-05
-7.978010177612304688e-02
8.540070801973342896e-02
7.228320930153131485e-03
-1.086718402802944183e-02
-2.368867397308349609e-02
1.189822703599929810e-01
1.225561276078224182e-01
1.538863289169967175e-03
-1.911995746195316315e-02
-1.613873839378356934e-01
5.667021125555038452e-02
-4.405341297388076782e-02
1.248478656634688377e-03
