-1.240272521972656250e-01
-6.770971417427062988e-02
-1.357646286487579346e-01
2.375041320919990540e-02
4.177548363804817200e-02
-4.529612511396408081e-02
-1.874668337404727936e-02
6.383786350488662720e-02
-1.659663394093513489e-02
1.035515815019607544e-01
-5.837351828813552856e-02
1.391512248665094376e-02
-1.134604290127754211e-01
-1.393779665231704712e-01
9.203486144542694092e-02
2.419813908636569977e-02
-4.858046397566795349e-02
-4.623033478856086731e-02
8.247978240251541138e-02
-2.042518928647041321e-02
-4.310744255781173706e-02
1.228851675987243652e-01
-3.945592418313026428e-02
2.808373793959617615e-02
-1.217437535524368286e-01
2.011388987302780151e-01
8.059281855821609497e-02
-1.072540506720542908e-01
-2.823939546942710876e-02
1.554413605481386185e-02
2.176910936832427979e-01
1.052526012063026428e-01
7.789885252714157104e-02
-1.455230712890625000e-01
-7.075119763612747192e-03
-8.492138236761093140e-02
-1.890377886593341827e-02
9.791848063468933105e-02
2.878985740244388580e-02
-9.370002895593643188e-03
-9.185138344764709473e-02
-1.248545497655868530e-01
1.948490925133228302e-02
1.717138141393661499e-01
-4.281973466277122498e-02
6.919081509113311768e-02
-7.413339614868164062e-02
4.582642763853073120e-02
-1.785030402243137360e-02
-7.750426977872848511e-02
1.413265764713287354e-01
1.408023685216903687e-01
7.890164107084274292e-02
-4.719199240207672119e-02
1.242003664374351501e-01
-1.476593408733606339e-02
9.804134070873260498e-02
1.704861670732498169e-01
1.329739689826965332e-01
1.117381229996681213e-01
-3.443515626713633537e-03
8.385822176933288574e-02
-9.699974209070205688e-02
5.743473395705223083e-02
-5.691505968570709229e-02
-4.808468371629714966e-02
6.917675584554672241e-02
3.613145649433135986e-02
1.118577718734741211e-01
5.693789198994636536e-02
9.367059171199798584e-02
-6.096883490681648254e-02
-7.127211987972259521e-02
1.618301123380661011e-01
1.513287276029586792e-01
-1.823188811540603638e-01
-7.902275770902633667e-02
-6.262680888175964355e-02
-1.032838225364685059e-01
-5.523079633712768555e-02
1.753156445920467377e-02
-1.075812615454196930e-02
-8.655343949794769287e-02
-1.466397643089294434e-01
-7.624641805887222290e-02
9.812241047620773315e-02
-1.016844585537910461e-01
-1.363448649644851685e-01
-3.755719959735870361e-02
4.487593472003936768e-02
7.046997547149658203e-02
1.538123786449432373e-01
-9.168456494808197021e-02
-9.448821097612380981e-02
-3.995466977357864380e-02
-1.341448873281478882e-01
5.083676055073738098e-02
3.538336232304573059e-02
-2.838175557553768158e-02
5.165345221757888794e-02
1.111731082201004028e-01
4.038415104150772095e-02
-5.931397899985313416e-02
3.159077093005180359e-02
6.669099628925323486e-02
6.745877116918563843e-02
-1.004672870039939880e-01
1.116791646927595139e-02
-1.385238766670227051e-01
-1.682287827134132385e-02
1.683573275804519653e-01
2.084310166537761688e-02
1.302463561296463013e-01
-2.583627589046955109e-02
-4.036818817257881165e-02
1.561903487890958786e-02
-5.626447871327400208e-02
-9.292239695787429810e-02
-3.204108402132987976e-02
4.826547950506210327e-02
-8.561373688280582428e-03
4.753842204809188843e-02
-8.943932503461837769e-02
5.471806600689888000e-02
-6.017665937542915344e-02
-5.919625237584114075e-02
-2.818636409938335419e-02
1.327479034662246704e-01
