5.896781384944915771e-02
-9.407465159893035889e-02
-1.399688124656677246e-01
1.749901026487350464e-01
1.234547793865203857e-02
2.557304687798023224e-02
1.196471508592367172e-02
-1.522697657346725464e-01
5.375937372446060181e-02
4.668004065752029419e-02
6.156357005238533020e-02
-1.528792381286621094e-01
-1.002678945660591125e-01
-2.493000775575637817e-02
-2.270284108817577362e-02
2.552520483732223511e-03
-8.854098618030548096e-02
-1.482272800058126450e-02
1.794729381799697876e-01
-1.903027109801769257e-02
-1.550110727548599243e-01
1.750328540802001953e-01
-5.068036168813705444e-02
-1.195171028375625610e-01
1.233687531203031540e-02
9.341181069612503052e-02
8.221942186355590820e-02
-8.197635412216186523e-02
-4.788829013705253601e-02
3.859475255012512207e-02
-3.509628027677536011e-02
9.522204846143722534e-02
-2.963674813508987427e-02
-7.356958836317062378e-02
1.025807228870689869e-03
2.246334403753280640e-02
-2.052575163543224335e-02
1.059960871934890747e-01
-1.320211216807365417e-02
7.495205849409103394e-02
-1.635921001434326172e-01
-5.461419373750686646e-02
9.770016372203826904e-02
6.005932018160820007e-02
-1.207625120878219604e-01
-4.310118407011032104e-02
-2.140250802040100098e-02
-9.111704677343368530e-02
4.707201942801475525e-02
-7.809595018625259399e-02
2.492131665349006653e-02
-1.001434102654457092e-01
-4.438514634966850281e-02
8.123823441565036774e-03
1.456234157085418701e-01
1.605390906333923340e-01
1.232309266924858093e-01
-1.600960385985672474e-03
1.051932200789451599e-01
-5.118120834231376648e-02
-1.403819322586059570e-01
1.622149348258972168e-01
-8.445069938898086548e-02
-1.155015528202056885e-01
1.494173109531402588e-01
7.679370045661926270e-02
-6.235158815979957581e-02
-4.501830320805311203e-03
2.059951871633529663e-01
-4.731856286525726318e-03
5.856341868638992310e-02
2.693681605160236359e-02
-1.214856654405593872e-01
-3.650259226560592651e-02
1.436641812324523926e-01
-8.844723552465438843e-02
-6.697055883705615997e-03
-7.049929350614547729e-02
4.277929663658142090e-02
-5.412536486983299255e-02
8.660800755023956299e-02
-1.671801954507827759e-01
1.348379882983863354e-03
-4.716047272086143494e-02
-2.277933992445468903e-02
4.571285098791122437e-02
-7.432854920625686646e-02
-3.518962115049362183e-02
8.319301158189773560e-02
6.214687600731849670e-02
-1.032909229397773743e-01
1.432822346687316895e-01
-3.740107640624046326e-02
-1.179266199469566345e-01
-4.586907103657722473e-02
2.173000387847423553e-02
7.347880303859710693e-02
2.060042880475521088e-02
9.802184253931045532e-02
4.099053516983985901e-02
1.030527334660291672e-02
3.983213752508163452e-02
6.241886876523494720e-03
9.854321926832199097e-02
6.323978304862976074e-02
1.091983765363693237e-01
-1.177323311567306519e-01
3.734242171049118042e-02
-1.959142237901687622e-01
-4.473098367452621460e-02
5.587872490286827087e-02
-8.166721463203430176e-02
9.181133657693862915e-02
7.775619626045227051e-02
-1.542933583259582520e-01
3.821760416030883789e-02
-2.665469236671924591e-02
1.081677377223968506e-01
3.915983065962791443e-02
-5.365074798464775085e-02
-3.227419406175613403e-02
-7.721065729856491089e-02
-1.173085439950227737e-02
6.975920498371124268e-02
-1.896003484725952148e-01
2.854727022349834442e-02
-9.104735404253005981e-02
4.582501575350761414e-02
