-1.537810266017913818e-01
-4.144963622093200684e-02
-6.850751489400863647e-02
1.208245381712913513e-01
2.353448420763015747e-02
8.899619430303573608e-02
7.308017462491989136e-02
-3.147568181157112122e-02
-6.981484591960906982e-02
4.744460806250572205e-02
-5.327841732650995255e-03
-1.498810201883316040e-01
-1.282782107591629028e-01
-5.943387374281883240e-02
5.546086654067039490e-02
-3.342029638588428497e-03
-1.134702414274215698e-01
-5.067253112792968750e-02
6.127072870731353760e-02
6.091293320059776306e-02
-3.059988282620906830e-02
1.238044798374176025e-01
-2.178947255015373230e-02
-6.573960930109024048e-02
-9.598203003406524658e-02
1.205098405480384827e-01
3.181181848049163818e-02
-4.248116165399551392e-02
-2.870163321495056152e-02
8.894982747733592987e-03
1.544292867183685303e-01
6.515546143054962158e-02
2.248683758080005646e-02
-9.411194175481796265e-02
-1.511213779449462891e-01
4.584495723247528076e-02
-1.075332090258598328e-01
9.005907177925109863e-02
-1.031313464045524597e-01
4.087084904313087463e-02
-7.896526902914047241e-02
-1.057782024145126343e-01
-2.883516810834407806e-02
9.395549446344375610e-02
-2.052859589457511902e-02
1.195700932294130325e-02
3.543788567185401917e-02
-7.764790207147598267e-02
3.210546821355819702e-02
-7.067754119634628296e-02
9.496949613094329834e-02
-5.970144644379615784e-03
-4.298991337418556213e-02
8.297390490770339966e-02
1.304472535848617554e-01
8.261678367853164673e-02
1.938023418188095093e-01
3.083128109574317932e-02
8.262931555509567261e-02
6.623197346925735474e-02
-6.814651936292648315e-02
1.841141134500503540e-01
-1.042219847440719604e-01
1.118752285838127136e-01
-2.522478811442852020e-02
3.319531306624412537e-02
-2.951764687895774841e-02
-8.426767773926258087e-03
1.588051617145538330e-01
1.207194626331329346e-01
2.246992439031600952e-01
1.629684306681156158e-02
-5.469069350510835648e-03
-2.593268174678087234e-03
-7.691315375268459320e-03
-1.219177097082138062e-01
1.794953248463571072e-03
-1.264558881521224976e-01
-5.959929432719945908e-03
-1.355135738849639893e-01
-7.525254040956497192e-03
-1.217184588313102722e-01
-1.271520853042602539e-01
-1.221966668963432312e-01
2.606648206710815430e-02
-9.362577646970748901e-02
-9.023538976907730103e-02
-1.230229735374450684e-01
-3.246198873966932297e-03
1.810531467199325562e-01
-9.160710871219635010e-02
1.954917609691619873e-01
-5.737362056970596313e-02
-1.229109019041061401e-01
-8.600538969039916992e-02
-1.915818750858306885e-01
3.272914141416549683e-02
9.948159009218215942e-02
5.039969086647033691e-02
8.938422799110412598e-02
6.321556121110916138e-02
4.197329282760620117e-02
-1.553301811218261719e-01
-2.074673399329185486e-02
7.935222983360290527e-02
1.514650974422693253e-02
-4.929623752832412720e-02
-6.976014468818902969e-03
-1.635227501392364502e-01
-2.298455126583576202e-02
3.662150353193283081e-02
-7.880037277936935425e-02
1.612584143877029419e-01
4.092180728912353516e-02
2.304562553763389587e-02
-1.935222186148166656e-02
-9.555312991142272949e-02
-3.615004196763038635e-02
-1.123148575425148010e-02
6.623253971338272095e-02
4.814768675714731216e-03
1.175016015768051147e-01
-3.644537180662155151e-02
-4.433552920818328857e-02
-5.668811127543449402e-02
-2.154647372663021088e-02
2.176809869706630707e-02
6.472539901733398438e-02
