-7.085395604372024536e-02
-7.518330961465835571e-02
-8.129233866930007935e-02
3.531711921095848083e-02
-6.760372966527938843e-02
3.186655789613723755e-02
-9.378899633884429932e-02
-8.395516872406005859e-02
-4.789694398641586304e-02
1.854313886724412441e-03
2.459908602759242058e-03
1.995177194476127625e-02
-1.008566766977310181e-01
-1.137877255678176880e-01
1.122009605169296265e-01
1.010593399405479431e-01
-7.458177208900451660e-02
-3.602054342627525330e-02
1.086827069520950317e-01
-1.295660883188247681e-01
5.958442389965057373e-02
1.004091575741767883e-01
1.406051032245159149e-02
-3.908085823059082031e-02
-1.318460851907730103e-01
2.559274733066558838e-01
6.798712909221649170e-02
-8.769495785236358643e-02
-3.669658303260803223e-02
-7.730949204415082932e-03
7.898853719234466553e-02
-9.818983823060989380e-02
9.718031436204910278e-02
-1.099572256207466125e-01
-1.200384180992841721e-02
-9.887593239545822144e-02
-4.486592113971710205e-02
1.148582156747579575e-02
-3.296146867796778679e-03
5.600005760788917542e-02
-2.117906957864761353e-01
-8.185788989067077637e-02
-8.092136681079864502e-02
1.659663170576095581e-01
1.233215183019638062e-01
9.943547658622264862e-03
6.702048331499099731e-02
1.107457578182220459e-01
1.026147510856389999e-03
-4.691798985004425049e-02
2.161856740713119507e-01
-7.261130493134260178e-03
1.416864152997732162e-02
-2.860352210700511932e-02
8.629157394170761108e-02
1.461751852184534073e-02
4.529687389731407166e-02
-2.074358984827995300e-03
-3.686301782727241516e-02
7.374618202447891235e-02
9.509796649217605591e-02
4.812042042613029480e-02
-5.030655488371849060e-02
5.215380713343620300e-02
-9.319571405649185181e-02
2.591559849679470062e-02
4.162542894482612610e-02
-1.950181834399700165e-02
5.590403452515602112e-02
-7.539899647235870361e-02
3.240547329187393188e-02
4.121534526348114014e-02
-1.674108058214187622e-01
8.003445714712142944e-02
2.523831427097320557e-01
-1.462754905223846436e-01
-3.191673010587692261e-02
-4.089148715138435364e-02
-7.436955720186233521e-02
-1.231780350208282471e-01
4.968912154436111450e-02
-8.201859891414642334e-02
-7.228495180606842041e-02
7.651981897652149200e-03
-5.308555439114570618e-03
-2.937577432021498680e-03
-5.538384243845939636e-02
9.867362678050994873e-02
1.385387778282165527e-01
-8.399453759193420410e-02
-1.807472296059131622e-02
7.312417030334472656e-02
-1.506198942661285400e-01
-2.572153694927692413e-02
-1.549422144889831543e-01
-1.370317488908767700e-01
8.003243803977966309e-02
-8.505406230688095093e-02
3.334114700555801392e-02
-1.865348592400550842e-02
1.015581861138343811e-01
-1.068995799869298935e-02
1.177181676030158997e-02
3.924743458628654480e-02
4.446057975292205811e-02
-1.253350637853145599e-03
-9.009567648172378540e-02
-2.181763574481010437e-02
-4.058772698044776917e-03
6.130821257829666138e-02
2.098644338548183441e-02
1.538738161325454712e-01
1.866363286972045898e-01
1.423271447420120239e-01
-4.824041575193405151e-02
-1.020485833287239075e-01
-1.198173537850379944e-01
-9.960373491048812866e-02
5.532519146800041199e-02
6.287309527397155762e-02
1.181916147470474243e-01
-1.216011494398117065e-01
-9.035791456699371338e-02
1.162774395197629929e-02
-9.009210765361785889e-02
-4.941240698099136353e-02
-6.781620532274246216e-02
4.686184972524642944e-02
