2.978080697357654572e-02
-9.964203834533691406e-02
1.733829081058502197e-02
1.653235256671905518e-01
1.782497204840183258e-02
4.478443413972854614e-02
5.196492746472358704e-02
-5.818577483296394348e-02
-1.485127359628677368e-01
5.864687729626893997e-03
-1.303914487361907959e-01
-6.180491670966148376e-02
-1.796879470348358154e-01
-4.748477414250373840e-02
2.522490732371807098e-02
1.769173890352249146e-02
9.124794602394104004e-02
6.502819061279296875e-02
1.180798336863517761e-01
-1.525259613990783691e-01
-2.958446554839611053e-02
9.022886864840984344e-03
-2.865265682339668274e-02
-5.125186219811439514e-02
-1.120996773242950439e-01
-1.451332215219736099e-02
-8.405795693397521973e-02
4.025254398584365845e-02
1.482291668653488159e-01
4.592151194810867310e-02
1.588330864906311035e-01
1.886417390778660774e-03
9.475142508745193481e-02
3.470080439001321793e-03
-4.608497023582458496e-02
7.552397996187210083e-02
-1.219082847237586975e-01
-1.173138036392629147e-03
-6.073003262281417847e-02
2.259725481271743774e-01
1.349250506609678268e-02
-3.995307534933090210e-02
4.018683731555938721e-02
-3.084164112806320190e-02
4.548380151391029358e-02
6.731131672859191895e-02
7.924671471118927002e-02
-7.371933013200759888e-02
6.790664047002792358e-02
1.070563197135925293e-01
8.720239251852035522e-02
-3.936706110835075378e-02
-1.221331730484962463e-01
7.089698687195777893e-03
1.693866252899169922e-01
-2.059560641646385193e-02
2.699719741940498352e-02
-1.000692695379257202e-02
8.392427861690521240e-02
-5.054199695587158203e-02
-6.832312792539596558e-02
6.344583630561828613e-02
6.190964952111244202e-02
7.666334277018904686e-04
1.072517260909080505e-01
5.954014137387275696e-02
-4.345519095659255981e-02
-1.766548305749893188e-02
1.011764630675315857e-01
3.652706369757652283e-02
8.910638839006423950e-02
4.739132896065711975e-02
-1.208816692233085632e-01
5.217297747731208801e-02
5.644310638308525085e-02
-2.368669956922531128e-02
-1.806409284472465515e-02
1.067565530538558960e-01
-4.647789895534515381e-02
-7.358550280332565308e-02
1.993392407894134521e-01
-1.434534043073654175e-01
-3.791638463735580444e-02
-1.393848657608032227e-01
9.380201995372772217e-02
1.255758702754974365e-01
-5.000808835029602051e-02
-3.606003522872924805e-02
6.083106622099876404e-02
-7.610943168401718140e-03
-1.240415796637535095e-01
1.588444858789443970e-01
3.581200167536735535e-02
-1.258415728807449341e-01
-1.498273164033889771e-01
-7.594572380185127258e-03
-1.018563732504844666e-01
2.144040726125240326e-02
1.484037637710571289e-01
-1.177044361829757690e-01
-3.000333532691001892e-02
-3.468330949544906616e-02
1.341569982469081879e-02
1.436038017272949219e-01
1.149541959166526794e-01
-3.286398574709892273e-02
9.505712985992431641e-02
-1.572697758674621582e-01
-2.334496974945068359e-01
-7.808280736207962036e-02
-6.128371134400367737e-02
-2.314707264304161072e-02
6.903304159641265869e-02
9.797746688127517700e-02
-1.453245133161544800e-01
-3.801317512989044189e-02
-2.898031286895275116e-02
-2.777629531919956207e-02
-6.537450850009918213e-02
-6.472502648830413818e-02
3.898387029767036438e-02
7.683593779802322388e-02
-6.259626895189285278e-02
4.910120740532875061e-02
-1.421733498573303223e-01
6.683039665222167969e-02
-1.754196593537926674e-03
8.660190552473068237e-02
