-1.263295859098434448e-01
-6.670659035444259644e-02
-4.430084303021430969e-02
1.441271007061004639e-01
-6.667356938123703003e-02
2.216583862900733948e-02
-1.204450149089097977e-02
-1.385942846536636353e-01
-2.003072202205657959e-01
-2.050673589110374451e-03
-4.728751257061958313e-02
-1.432000547647476196e-01
7.424355298280715942e-02
-6.028657779097557068e-02
1.440847814083099365e-01
9.228404611349105835e-03
-5.406174063682556152e-02
-6.383050233125686646e-02
1.460418384522199631e-02
-2.696438878774642944e-02
-4.209233820438385010e-02
1.436742395162582397e-01
1.606976613402366638e-03
-4.289641231298446655e-02
-5.146383121609687805e-02
7.068793475627899170e-02
4.357397183775901794e-02
-5.013028904795646667e-02
-7.435782998800277710e-02
2.644338272511959076e-02
1.867525130510330200e-01
1.156026381067931652e-03
2.079062163829803467e-02
-1.552792936563491821e-01
-3.819770365953445435e-02
1.182767972350120544e-01
-1.451780349016189575e-01
1.236662268638610840e-01
1.537888403981924057e-02
1.230464577674865723e-01
-3.628264740109443665e-02
4.721086844801902771e-02
-4.517370089888572693e-02
1.546084582805633545e-01
-7.155737280845642090e-02
-3.299853578209877014e-02
-1.209517568349838257e-02
2.427188307046890259e-02
1.156125962734222412e-01
4.037998244166374207e-02
1.831800341606140137e-01
-1.294956505298614502e-01
-9.432618319988250732e-02
5.667028576135635376e-02
-4.191937670111656189e-02
4.648292809724807739e-02
-3.874706849455833435e-02
1.417927723377943039e-02
1.449374556541442871e-01
6.420958787202835083e-02
-4.861392080783843994e-02
3.424880281090736389e-02
-9.848530590534210205e-02
2.265341766178607941e-02
3.940648958086967468e-02
-7.231226563453674316e-02
-8.302932605147361755e-03
-7.418320327997207642e-02
2.000492960214614868e-01
8.579556643962860107e-02
1.050311401486396790e-01
1.113382726907730103e-01
-8.829557150602340698e-02
-5.743274930864572525e-03
4.586222767829895020e-02
-1.275583803653717041e-01
3.821232542395591736e-02
-3.957067057490348816e-02
-6.986825168132781982e-02
-6.835583597421646118e-02
1.797984838485717773e-01
-1.594508588314056396e-01
-3.278056159615516663e-02
-8.118935674428939819e-02
9.334650635719299316e-02
7.286866754293441772e-02
-1.054623946547508240e-01
1.156487967818975449e-02
6.601468473672866821e-02
7.666406780481338501e-02
-8.124584704637527466e-02
1.127929538488388062e-01
-1.191542111337184906e-02
-9.443530440330505371e-02
-1.862889975309371948e-01
-9.796703606843948364e-02
1.139567717909812927e-01
6.010519713163375854e-02
7.813113927841186523e-02
-7.780224084854125977e-03
3.913745284080505371e-02
5.226541310548782349e-02
-3.852668032050132751e-02
1.799571067094802856e-01
8.586275577545166016e-02
-5.678270384669303894e-02
2.262260951101779938e-02
-2.407811023294925690e-02
-2.257210463285446167e-01
-4.879929870367050171e-02
5.603924021124839783e-02
-4.615899920463562012e-02
1.522128731012344360e-01
-8.910462260246276855e-03
-3.347324207425117493e-02
2.490854077041149139e-02
-1.527619659900665283e-01
-1.431725220754742622e-03
5.353387817740440369e-02
-9.023194760084152222e-02
4.137630574405193329e-03
3.159900382161140442e-02
8.041576482355594635e-03
5.953408405184745789e-02
-3.273919969797134399e-02
8.347867429256439209e-02
-4.196268320083618164e-02
-6.110062450170516968e-02
