4.859029129147529602e-02
-1.477768570184707642e-01
7.224618922919034958e-03
2.045754939317703247e-01
1.302806008607149124e-02
4.125233367085456848e-02
9.000423364341259003e-03
-1.092123761773109436e-01
-1.478984802961349487e-01
1.002891585230827332e-01
-1.673709601163864136e-01
-9.640319645404815674e-02
-4.831255599856376648e-02
-2.603741735219955444e-02
2.723915502429008484e-02
-2.273270860314369202e-02
6.553055346012115479e-02
8.991491794586181641e-02
1.501095890998840332e-01
-1.697610467672348022e-01
3.061018884181976318e-02
4.667738825082778931e-02
3.307138383388519287e-02
-7.125754654407501221e-02
-6.209515035152435303e-02
1.518132351338863373e-02
-6.358636915683746338e-02
-2.059836871922016144e-02
1.062154993414878845e-01
9.076987206935882568e-02
1.537175625562667847e-01
-2.718058042228221893e-02
3.180534765124320984e-02
-1.585036329925060272e-02
-2.771190553903579712e-02
7.482208311557769775e-02
-1.171009242534637451e-01
8.057726174592971802e-02
-8.598560094833374023e-02
2.068820446729660034e-01
2.149668149650096893e-02
-6.803098320960998535e-02
-3.214288502931594849e-03
-4.542484134435653687e-02
1.493709441274404526e-02
-1.492333412170410156e-02
3.088380768895149231e-02
-6.868538260459899902e-02
2.568853646516799927e-02
1.234955638647079468e-01
1.240517720580101013e-01
-8.847346901893615723e-02
-1.309467107057571411e-01
5.205199494957923889e-02
1.160994246602058411e-01
1.628830283880233765e-02
6.523423641920089722e-02
5.143623799085617065e-02
5.693112313747406006e-02
-8.345635980367660522e-02
-4.673929512500762939e-02
8.085429668426513672e-02
5.215569958090782166e-02
-3.255310282111167908e-02
5.285501852631568909e-02
1.342941168695688248e-02
-3.372213244438171387e-02
-7.206609100103378296e-02
1.082408577203750610e-01
6.136377342045307159e-03
1.324452459812164307e-01
1.080473698675632477e-02
-4.794207215309143066e-02
2.172426087781786919e-03
7.265637069940567017e-02
-3.873635455965995789e-02
2.405748888850212097e-02
2.972884848713874817e-02
-3.676550462841987610e-02
-7.808879017829895020e-02
1.999535411596298218e-01
-2.122691720724105835e-01
-3.095129271969199181e-03
-5.778374150395393372e-02
5.799523368477821350e-02
2.532326616346836090e-02
-1.222402229905128479e-01
-1.342303305864334106e-02
1.455172151327133179e-01
-2.774673514068126678e-02
-1.226263195276260376e-01
1.075364500284194946e-01
-5.336479842662811279e-02
-1.383256763219833374e-01
-1.150187849998474121e-01
-1.124476045370101929e-01
-6.497143208980560303e-02
-3.425271436572074890e-02
1.087092384696006775e-01
-5.458271130919456482e-02
-2.681307122111320496e-02
7.318569719791412354e-02
2.684588311240077019e-03
1.711789369583129883e-01
1.453434228897094727e-01
-3.636368364095687866e-02
7.432056218385696411e-02
-1.496825516223907471e-01
-1.747955679893493652e-01
-8.955858647823333740e-02
-8.443275839090347290e-02
-1.034625340253114700e-02
1.172877848148345947e-01
1.057607382535934448e-01
-1.553468555212020874e-01
-2.788301557302474976e-02
-1.334989368915557861e-01
-4.244023934006690979e-02
-1.126490682363510132e-01
-5.627490580081939697e-02
3.736399859189987183e-02
4.484290257096290588e-02
-7.852966338396072388e-02
8.895783126354217529e-02
-8.760295808315277100e-02
3.604458272457122803e-02
-5.209694057703018188e-02
2.244339697062969208e-02
