-5.133124068379402161e-02
-5.261338502168655396e-02
-1.085193380713462830e-01
4.899484664201736450e-02
2.954668924212455750e-02
4.329568147659301758e-02
-9.728774428367614746e-02
-1.881112344563007355e-02
-1.154659390449523926e-01
6.846452504396438599e-02
-1.019666809588670731e-02
-1.164976283907890320e-01
-1.969747841358184814e-01
-1.652844101190567017e-01
5.162877589464187622e-02
1.384667009115219116e-01
-1.444190368056297302e-02
-6.685404479503631592e-02
-1.073934836313128471e-03
-2.680884301662445068e-02
-7.086549699306488037e-02
1.326243132352828979e-01
2.236291207373142242e-02
1.072866027243435383e-03
-1.481701582670211792e-01
1.588991284370422363e-01
9.063684940338134766e-02
-1.331623941659927368e-01
-1.729730516672134399e-02
-6.694564595818519592e-03
2.104329019784927368e-01
4.887649044394493103e-02
-3.926952835172414780e-03
-1.146261170506477356e-01
-1.013891249895095825e-01
9.028823114931583405e-03
-5.746405199170112610e-02
5.003582686185836792e-02
-2.207285258919000626e-03
5.334258452057838440e-02
-1.151932328939437866e-01
-4.938302934169769287e-02
-7.578402012586593628e-02
5.274722352623939514e-02
-1.431219745427370071e-02
7.605318911373615265e-03
3.597842901945114136e-02
-4.754145070910453796e-02
-1.222332241013646126e-03
-1.287613511085510254e-01
1.895768344402313232e-01
1.658929511904716492e-02
-1.969535648822784424e-02
-5.503276735544204712e-02
-2.796584926545619965e-02
3.665391728281974792e-02
1.333089470863342285e-01
9.420663118362426758e-02
1.099698338657617569e-02
7.110438495874404907e-02
3.310575336217880249e-02
1.384712755680084229e-01
-1.379440128803253174e-01
1.501828730106353760e-01
-9.432484209537506104e-02
-1.046245768666267395e-01
1.265148967504501343e-01
4.524498432874679565e-02
1.460025757551193237e-01
3.576860576868057251e-02
1.331617087125778198e-01
5.278662964701652527e-02
-1.121418327093124390e-01
2.583551779389381409e-02
6.179626658558845520e-02
-1.773595809936523438e-01
-2.379065565764904022e-02
-5.770708620548248291e-02
-7.197848707437515259e-02
-8.653304725885391235e-02
4.771775007247924805e-02
-1.200730577111244202e-01
-1.402622908353805542e-01
3.786806389689445496e-02
-6.600225716829299927e-02
-3.580033034086227417e-02
-1.558358371257781982e-01
-8.464917540550231934e-02
7.353111356496810913e-02
4.419244453310966492e-02
-7.172411680221557617e-02
9.383827447891235352e-02
-1.067484244704246521e-01
-5.384855717420578003e-02
-2.903707511723041534e-02
-1.170506924390792847e-01
6.184120848774909973e-02
3.696528449654579163e-02
-1.531384978443384171e-02
1.106692925095558167e-01
1.413527280092239380e-01
1.579752564430236816e-01
-4.424544423818588257e-02
8.701085299253463745e-02
6.881698966026306152e-02
2.002448774874210358e-02
-8.341887593269348145e-02
2.625633403658866882e-02
-1.686622202396392822e-01
2.270540967583656311e-02
5.519392713904380798e-02
6.398692727088928223e-02
1.881003379821777344e-01
7.141583133488893509e-03
-6.524866912513971329e-03
-8.013106882572174072e-02
-9.232070297002792358e-02
-5.982151255011558533e-02
2.305060252547264099e-02
1.346142441034317017e-01
3.668987751007080078e-02
6.336367875337600708e-02
-9.478452056646347046e-02
5.170244723558425903e-02
-7.343079149723052979e-02
-2.115590963512659073e-03
-3.074082313105463982e-03
7.359824143350124359e-03
