-1.747606396675109863e-01
3.881659358739852905e-02
-6.319614592939615250e-03
8.584845811128616333e-02
3.109808638691902161e-02
3.305048123002052307e-02
6.641341000795364380e-02
-6.319797039031982422e-02
-3.307708352804183960e-02
1.221265345811843872e-01
9.230006486177444458e-03
-1.475546211004257202e-01
-1.380988210439682007e-01
8.838324807584285736e-03
3.695782274007797241e-02
-8.039630949497222900e-02
-4.459848999977111816e-02
8.400846272706985474e-02
5.904973298311233521e-02
5.626688897609710693e-02
-1.018431186676025391e-01
1.224616616964340210e-01
-5.700514093041419983e-02
-9.708005189895629883e-02
6.297968327999114990e-02
2.969055250287055969e-02
-3.884792700409889221e-02
4.705154895782470703e-02
-4.529064893722534180e-02
7.590152323246002197e-02
1.714248955249786377e-01
1.526133120059967041e-01
1.067277342081069946e-01
-9.393938817083835602e-03
-7.382942736148834229e-02
-3.103774413466453552e-02
-1.490141302347183228e-01
7.527393847703933716e-02
-1.340962499380111694e-01
7.352434098720550537e-02
-1.353861689567565918e-01
-1.680745035409927368e-01
8.001907169818878174e-02
8.015435189008712769e-02
-2.327504195272922516e-02
-2.011548541486263275e-02
-7.761800289154052734e-02
-1.362078939564526081e-03
1.293625235557556152e-01
2.898182719945907593e-02
8.666854351758956909e-02
-1.416591741144657135e-02
3.008728288114070892e-02
-1.470573544502258301e-01
9.870456904172897339e-02
5.809326469898223877e-02
9.904547035694122314e-02
1.536694169044494629e-01
1.025682687759399414e-01
4.468479380011558533e-02
-9.547599405050277710e-02
1.470125764608383179e-01
-4.298437014222145081e-02
3.939287737011909485e-02
-1.156745385378599167e-02
1.068992540240287781e-01
-9.269591420888900757e-02
-4.363982751965522766e-02
9.204714745283126831e-02
1.044485196471214294e-01
1.067703813314437866e-01
5.423775874078273773e-03
1.810836419463157654e-02
1.480903029441833496e-01
-1.269124075770378113e-02
-7.028397917747497559e-02
1.015376523137092590e-01
-7.188455760478973389e-02
4.113023634999990463e-03
-1.524825990200042725e-01
1.336082220077514648e-01
-9.125193953514099121e-02
-9.148332476615905762e-02
-6.975137442350387573e-02
6.974255293607711792e-02
-5.147982388734817505e-02
-1.007747203111648560e-01
-1.227992922067642212e-01
8.696517348289489746e-02
1.328059434890747070e-01
-1.161648407578468323e-01
2.218779921531677246e-01
-8.697549253702163696e-02
1.169478055089712143e-02
-9.695086628198623657e-02
-7.017122954130172729e-02
-5.422688275575637817e-02
1.232394874095916748e-01
5.990543961524963379e-02
2.195226214826107025e-02
8.837641775608062744e-02
1.293953228741884232e-02
-1.765976846218109131e-01
5.919345840811729431e-02
5.933135375380516052e-02
-1.267116423696279526e-02
-9.625203907489776611e-02
-7.078649848699569702e-02
-1.017039418220520020e-01
-8.785522729158401489e-02
-4.217041190713644028e-03
-6.720610707998275757e-02
2.041811123490333557e-02
-1.625124178826808929e-02
3.845271887257695198e-03
-1.069597154855728149e-01
4.014595970511436462e-02
-5.489560216665267944e-02
-7.784800231456756592e-02
2.602244727313518524e-02
-1.114367544651031494e-01
1.464109122753143311e-01
3.367099538445472717e-02
-7.088332623243331909e-02
-6.081455200910568237e-02
2.555418759584426880e-02
-1.073415130376815796e-01
-1.763238687999546528e-03
