-1.398635213263332844e-03
-7.788678165525197983e-03
-1.721097230911254883e-01
9.109203517436981201e-02
-1.790298670530319214e-01
-1.934066787362098694e-02
-4.429313912987709045e-02
-1.393117457628250122e-01
-1.720785796642303467e-01
1.341607421636581421e-01
-3.758871555328369141e-02
-2.915959246456623077e-02
-8.530735969543457031e-02
-1.490753144025802612e-01
6.823462247848510742e-02
9.656041115522384644e-02
9.555520862340927124e-02
-6.689580529928207397e-02
9.573516994714736938e-02
-2.343282103538513184e-02
2.208111248910427094e-02
1.372908651828765869e-01
4.779109358787536621e-02
3.692962229251861572e-02
-8.255586028099060059e-02
1.915143281221389771e-01
4.663450270891189575e-02
-7.538536936044692993e-02
-4.853207245469093323e-02
-8.091436326503753662e-02
1.658495813608169556e-01
2.391143888235092163e-02
3.671912848949432373e-02
-1.140054091811180115e-01
-2.072135219350457191e-03
-7.697541732341051102e-03
-3.845080360770225525e-02
1.361631602048873901e-01
-2.825819328427314758e-02
1.025541052222251892e-01
-1.131428554654121399e-01
7.667608559131622314e-02
-6.817059218883514404e-02
1.554790735244750977e-01
1.602198369801044464e-02
1.297483313828706741e-02
9.657281637191772461e-02
2.840822748839855194e-02
2.697082236409187317e-02
1.033214945346117020e-02
2.345035076141357422e-01
3.746515139937400818e-02
-4.402174055576324463e-02
-3.784126788377761841e-02
1.346715539693832397e-02
3.671626001596450806e-02
-5.438967421650886536e-02
1.192662399262189865e-02
-2.340702898800373077e-02
8.028710633516311646e-02
6.368800252676010132e-02
5.737337842583656311e-02
-1.602083146572113037e-01
-1.460237428545951843e-02
-3.045682981610298157e-02
-4.045579954981803894e-02
1.097843050956726074e-02
-3.199103847146034241e-02
1.016603037714958191e-01
1.500354800373315811e-02
9.844134002923965454e-02
1.003516912460327148e-01
-2.001242786645889282e-01
-1.268268283456563950e-02
1.068387180566787720e-01
-1.779804974794387817e-01
-1.016083583235740662e-01
-6.742707639932632446e-02
-2.457378432154655457e-02
-1.517723351716995239e-01
7.177500426769256592e-02
-1.741206943988800049e-01
-8.019774407148361206e-02
-8.191143721342086792e-02
-3.790128976106643677e-02
9.440796077251434326e-02
-1.760591566562652588e-02
-5.835727229714393616e-02
4.631379991769790649e-02
-4.637670144438743591e-02
-7.470601797103881836e-02
3.691106662154197693e-02
-8.426477760076522827e-02
-6.336779892444610596e-02
-8.158431947231292725e-02
-6.069223955273628235e-02
1.006380915641784668e-01
-9.346426813863217831e-04
1.475236285477876663e-02
-2.652109973132610321e-02
1.289128363132476807e-01
5.334091931581497192e-02
7.220785319805145264e-02
1.504164338111877441e-01
7.350781559944152832e-02
1.485099643468856812e-02
-2.379639260470867157e-02
3.099578619003295898e-02
-2.199057191610336304e-01
1.692853495478630066e-02
4.414544627070426941e-02
1.391194853931665421e-02
2.206878066062927246e-01
2.957965433597564697e-02
-1.469219196587800980e-02
5.088603496551513672e-02
-7.505622506141662598e-02
6.540150940418243408e-02
7.595003396272659302e-02
-1.470395084470510483e-02
1.165388990193605423e-02
-2.842076122760772705e-02
-1.247766688466072083e-01
4.738758876919746399e-02
-1.064692884683609009e-01
1.596257649362087250e-02
-6.532926857471466064e-02
2.408254891633987427e-02
