-7.603918015956878662e-02
8.919845521450042725e-02
3.040654771029949188e-02
8.800975233316421509e-02
-7.329624146223068237e-02
5.898860096931457520e-02
-4.315086174756288528e-03
-1.679189950227737427e-01
-1.889344304800033569e-01
-6.059650331735610962e-02
-1.413901001214981079e-01
-2.600576356053352356e-02
-5.251555144786834717e-02
-6.818831898272037506e-04
3.735059872269630432e-03
-5.175433307886123657e-02
1.043888926506042480e-01
7.628776878118515015e-02
2.573463320732116699e-02
-6.849120557308197021e-02
-1.960724359378218651e-03
7.892714440822601318e-02
6.698082387447357178e-02
-1.071891747415065765e-02
-8.538085222244262695e-02
2.022258006036281586e-02
-1.127123981714248657e-01
7.807277143001556396e-02
5.742614716291427612e-02
4.926615208387374878e-02
4.467979073524475098e-02
9.912700206041336060e-02
1.078097894787788391e-01
6.923889275640249252e-03
-6.539823114871978760e-02
1.452158093452453613e-01
-1.373434215784072876e-01
-1.083045825362205505e-01
-6.864984333515167236e-02
1.779859960079193115e-01
-1.249254047870635986e-01
-2.151851728558540344e-02
-7.401554286479949951e-02
3.496377542614936829e-02
6.138745322823524475e-02
-3.074604086577892303e-02
1.435892283916473389e-01
-2.224739454686641693e-02
6.795564293861389160e-02
1.343745738267898560e-01
1.159388720989227295e-01
-1.384113170206546783e-02
-7.711929827928543091e-02
2.218156680464744568e-02
-1.093630399554967880e-02
2.082237787544727325e-02
9.092916548252105713e-02
-5.620693787932395935e-03
2.271025255322456360e-02
2.041295170783996582e-02
-3.729269281029701233e-02
7.236432284116744995e-02
-6.820186972618103027e-02
-5.439050029963254929e-03
7.455076277256011963e-02
1.237891018390655518e-01
-1.223670914769172668e-01
3.421594202518463135e-02
8.743300288915634155e-02
8.698403090238571167e-02
1.049396619200706482e-01
1.998099535703659058e-01
-4.903086274862289429e-02
1.046580895781517029e-01
4.742720723152160645e-02
2.829325757920742035e-02
-3.457662090659141541e-02
-4.362496733665466309e-02
2.173879556357860565e-02
-2.121936082839965820e-01
1.710828840732574463e-01
-1.361963003873825073e-01
-2.305455803871154785e-01
-5.287514999508857727e-02
1.227524653077125549e-01
8.643383532762527466e-02
2.810876443982124329e-02
-8.348848670721054077e-02
1.855494230985641479e-01
5.162283778190612793e-02
-1.904164105653762817e-01
3.942555561661720276e-02
-6.446602940559387207e-02
-2.113405207637697458e-04
-6.533145159482955933e-02
-6.338266283273696899e-02
-3.898775205016136169e-02
1.353268325328826904e-02
6.346733868122100830e-02
-6.467390805482864380e-02
-4.167586937546730042e-02
6.487441062927246094e-02
-3.598304092884063721e-02
1.415014714002609253e-01
-4.079630970954895020e-02
-1.270370334386825562e-01
-1.991890184581279755e-02
-1.323087215423583984e-01
-7.738699764013290405e-02
-4.048401489853858948e-02
-8.341097086668014526e-02
-7.693231105804443359e-02
6.796672008931636810e-03
8.850587159395217896e-02
2.632807008922100067e-02
-8.343613147735595703e-02
5.053352937102317810e-02
-3.018664941191673279e-02
-1.102763507515192032e-02
-4.564637690782546997e-02
1.041601896286010742e-01
1.236478909850120544e-01
1.019012853503227234e-01
-1.078832969069480896e-01
-1.397502422332763672e-01
7.980994880199432373e-02
-5.054112523794174194e-02
-2.886577881872653961e-02
