-6.150530278682708740e-02
-1.217971816658973694e-01
-1.273830980062484741e-01
1.100686844438314438e-03
1.560821756720542908e-02
7.329889107495546341e-03
-9.903081506490707397e-02
-1.415866333991289139e-02
-9.156837314367294312e-02
-5.755878612399101257e-02
-5.590245500206947327e-02
9.666688740253448486e-03
-5.665523931384086609e-02
-1.483428627252578735e-01
5.047479271888732910e-02
3.596575930714607239e-02
-1.009253337979316711e-01
-5.187770724296569824e-02
-3.099823836237192154e-03
-5.588149279356002808e-02
-1.027979627251625061e-01
1.225802451372146606e-01
-1.686620898544788361e-02
-4.831160604953765869e-02
-1.894038468599319458e-01
1.692725569009780884e-01
7.684098929166793823e-02
-8.387883007526397705e-02
-7.863793522119522095e-02
-3.949538618326187134e-02
2.004529833793640137e-01
-5.604144930839538574e-02
1.009310930967330933e-01
-1.901471428573131561e-02
-3.354110196232795715e-02
-5.845227837562561035e-02
-6.346283853054046631e-02
3.194298967719078064e-02
1.561429467983543873e-03
5.428128689527511597e-02
-1.252263635396957397e-01
-9.921576827764511108e-02
-8.803785592317581177e-02
1.683335453271865845e-01
4.895302467048168182e-03
2.962706983089447021e-02
-1.765167154371738434e-02
-6.326216273009777069e-03
3.913457691669464111e-02
-1.527733542025089264e-02
1.678924858570098877e-01
6.886570900678634644e-02
8.349145203828811646e-02
2.005022577941417694e-02
4.003800451755523682e-02
4.194372147321701050e-02
1.554220169782638550e-02
8.866805583238601685e-02
1.094410568475723267e-01
-1.497865095734596252e-02
1.272201240062713623e-01
1.347886621952056885e-01
2.103522047400474548e-02
8.272644132375717163e-02
-1.292518973350524902e-01
4.462381824851036072e-02
1.133849248290061951e-01
1.006754338741302490e-01
1.270681321620941162e-01
1.771971024572849274e-02
-2.555170468986034393e-02
-3.207239136099815369e-02
-1.010781228542327881e-01
1.469481438398361206e-01
1.971522420644760132e-01
-1.687863022089004517e-01
5.312965065240859985e-02
-6.492579821497201920e-03
-4.081715270876884460e-02
-2.356478758156299591e-02
1.456982046365737915e-01
-5.406964570283889771e-02
-1.210562065243721008e-01
-1.341260503977537155e-02
6.065951660275459290e-02
6.137835979461669922e-02
-1.559544503688812256e-01
1.307644229382276535e-02
2.403362095355987549e-01
-5.535427946597337723e-03
-3.925729834008961916e-05
8.679662644863128662e-02
-8.093141019344329834e-03
-1.687964797019958496e-01
-8.167541027069091797e-02
-1.633705198764801025e-01
2.229147590696811676e-02
-1.327167171984910965e-02
4.633150622248649597e-02
2.041884884238243103e-02
-2.946690889075398445e-03
-5.680406838655471802e-02
-2.419534866930916905e-04
4.960739240050315857e-02
-4.858502000570297241e-02
8.202272653579711914e-02
-7.859048992395401001e-02
2.857736544683575630e-03
-1.381380409002304077e-01
-1.867981627583503723e-02
1.074723079800605774e-01
6.890849024057388306e-02
1.235121190547943115e-01
3.322942182421684265e-02
-8.171725273132324219e-02
-6.515049934387207031e-02
-1.305582821369171143e-01
-8.387092500925064087e-02
6.141357007436454296e-04
1.136983335018157959e-01
8.137762546539306641e-02
4.237623885273933411e-02
-1.357668340206146240e-01
1.288369596004486084e-01
-4.053837060928344727e-02
4.301666095852851868e-02
-5.275524035096168518e-02
9.267286211252212524e-02
