-8.575917035341262817e-02
-3.864633664488792419e-02
-9.128029644489288330e-02
5.848197638988494873e-02
-3.687550127506256104e-02
1.142855174839496613e-02
3.954765386879444122e-03
-6.691254675388336182e-02
-1.087369546294212341e-01
6.114570796489715576e-02
4.715550458058714867e-04
-5.585610494017601013e-02
-1.054603606462478638e-01
-1.224380452185869217e-02
4.566725715994834900e-02
2.248399704694747925e-02
-1.817394047975540161e-02
-3.352827578783035278e-02
2.190668880939483643e-01
-1.044293679296970367e-02
-1.405835300683975220e-01
1.397918909788131714e-01
1.776590757071971893e-02
-6.829307228326797485e-02
4.656396806240081787e-02
1.474529951810836792e-01
7.551170140504837036e-02
-9.934181720018386841e-02
4.972777143120765686e-02
-2.828632667660713196e-02
1.139979586005210876e-01
1.103375032544136047e-01
4.603552818298339844e-02
-1.782786101102828979e-01
-1.504201292991638184e-01
-6.200747564435005188e-02
5.524159595370292664e-02
-2.842652797698974609e-02
-3.556094318628311157e-02
5.578295886516571045e-02
-1.625535339117050171e-01
-3.199497237801551819e-02
3.562940657138824463e-02
1.594240814447402954e-01
-5.367366224527359009e-02
2.232013829052448273e-02
-1.746725104749202728e-02
-1.957679539918899536e-02
9.602764621376991272e-03
-1.557243149727582932e-02
2.250279784202575684e-01
1.468281149864196777e-01
5.666215717792510986e-02
-3.983300924301147461e-02
4.040339589118957520e-02
-4.572587460279464722e-02
1.055606678128242493e-01
9.416175633668899536e-02
1.567534059286117554e-01
2.074965834617614746e-01
-5.955662205815315247e-02
1.100468933582305908e-01
-8.433271944522857666e-02
4.325753822922706604e-02
1.144405901432037354e-01
1.282181311398744583e-02
-8.384288288652896881e-03
-7.362841814756393433e-02
1.646155267953872681e-01
5.562325567007064819e-02
1.185657083988189697e-01
-2.273590117692947388e-02
-7.623758167028427124e-02
1.366998851299285889e-01
1.134405285120010376e-01
-1.117226853966712952e-01
-1.102041229605674744e-01
-1.249128356575965881e-01
-5.365552753210067749e-02
-6.445497274398803711e-02
6.319226324558258057e-02
-1.049156859517097473e-01
-5.853429064154624939e-02
-1.385203748941421509e-01
-7.625029236078262329e-02
7.079912722110748291e-02
-1.599469184875488281e-01
-6.358198821544647217e-02
3.933789208531379700e-02
1.032280083745718002e-02
-6.002959981560707092e-02
1.194548159837722778e-01
-1.247892081737518311e-01
-8.282321691513061523e-02
-1.372211240231990814e-02
-1.730344817042350769e-02
3.892415389418601990e-02
5.572896823287010193e-02
-4.865606501698493958e-02
7.688882946968078613e-02
5.703812092542648315e-02
9.959761798381805420e-02
-7.894860208034515381e-02
-2.325086109340190887e-02
9.511651098728179932e-02
5.604254454374313354e-02
-8.432842791080474854e-02
-6.163020804524421692e-02
-9.467788040637969971e-02
-9.197966009378433228e-02
8.681476116180419922e-02
5.585322901606559753e-02
7.207009196281433105e-02
7.496685255318880081e-03
-1.132524535059928894e-01
9.281102567911148071e-02
4.332988057285547256e-03
-1.649468094110488892e-01
-9.994897246360778809e-02
9.208299964666366577e-02
-7.301793247461318970e-02
9.031029045581817627e-02
-1.278722658753395081e-02
-7.506709080189466476e-03
-1.050025671720504761e-01
-6.936101615428924561e-02
-3.245636075735092163e-02
5.742534622550010681e-02
