-4.436381906270980835e-02
5.101212114095687866e-02
-2.478650212287902832e-02
8.448942750692367554e-02
-8.212523162364959717e-02
6.886274553835391998e-03
-3.529290854930877686e-02
-1.773977279663085938e-01
-1.264036148786544800e-01
-3.674203529953956604e-02
-6.061273813247680664e-02
-5.137282982468605042e-02
-1.192032173275947571e-01
-1.366392970085144043e-01
-8.961535990238189697e-02
-4.201097786426544189e-02
2.997661940753459930e-02
1.039311066269874573e-01
-4.376327991485595703e-02
-5.528529360890388489e-02
-2.061980962753295898e-02
1.506856679916381836e-01
-6.621957290917634964e-03
-2.366980351507663727e-02
-8.160233497619628906e-02
1.049563437700271606e-01
-9.544441848993301392e-02
4.534259438514709473e-02
-5.888609681278467178e-03
-9.394568204879760742e-02
4.113574698567390442e-02
-6.462639570236206055e-02
1.549174338579177856e-01
6.014577578753232956e-03
-5.407096073031425476e-02
6.859779357910156250e-02
-1.566926985979080200e-01
-1.070655733346939087e-01
-1.122294217348098755e-01
1.633448600769042969e-01
-1.451462656259536743e-01
-5.794679373502731323e-02
-9.656982868909835815e-02
2.340887859463691711e-02
6.963139027357101440e-02
6.421564519405364990e-02
1.482228785753250122e-01
-2.281512599438428879e-03
1.167772561311721802e-01
1.315361410379409790e-01
2.233916074037551880e-01
7.867894321680068970e-02
-9.473647177219390869e-02
1.984557695686817169e-02
1.838041120208799839e-03
3.648932650685310364e-02
-3.657697513699531555e-02
-3.345156461000442505e-02
-5.647956952452659607e-02
-1.197099313139915466e-02
3.592384606599807739e-02
1.531079132109880447e-02
-3.978371992707252502e-02
-4.832744598388671875e-02
2.527533844113349915e-02
9.331899881362915039e-02
-1.130894273519515991e-01
4.374575987458229065e-02
2.983696572482585907e-02
6.598923355340957642e-02
8.272700011730194092e-02
1.465056985616683960e-01
-1.798298060894012451e-01
1.470497101545333862e-01
6.282120943069458008e-02
-4.445376992225646973e-02
3.378228843212127686e-02
3.416487574577331543e-02
-4.440484568476676941e-02
-1.692353785037994385e-01
2.189264446496963501e-01
-1.258196681737899780e-01
-1.324068605899810791e-01
-1.366683095693588257e-01
1.044633537530899048e-01
3.496835753321647644e-02
7.567101716995239258e-02
6.334611773490905762e-02
1.301765441894531250e-01
5.546615272760391235e-02
-1.483013927936553955e-01
7.613546401262283325e-02
-1.627686992287635803e-02
-8.595110476016998291e-02
-8.665827661752700806e-02
-6.756458431482315063e-02
-1.828662701882421970e-03
-5.035891011357307434e-02
3.619109094142913818e-02
-1.005468294024467468e-01
1.515348721295595169e-02
-7.916012406349182129e-02
1.454897969961166382e-02
1.697331666946411133e-01
-9.928610175848007202e-02
-6.453839689493179321e-02
-2.654706127941608429e-02
-7.191227376461029053e-02
-9.496486932039260864e-02
-4.848968237638473511e-02
-6.290273368358612061e-02
-3.882111608982086182e-02
8.964146673679351807e-02
8.084414154291152954e-02
-5.551249533891677856e-02
-3.347456827759742737e-02
-9.006664156913757324e-02
9.228644520044326782e-02
1.178427860140800476e-01
-9.733456373214721680e-02
-3.702419996261596680e-02
-3.806868568062782288e-02
-6.302920728921890259e-02
5.890817847102880478e-03
-1.372414380311965942e-01
-1.010227389633655548e-02
7.082977145910263062e-02
3.401818126440048218e-02
