-4.880253598093986511e-02
-2.209510654211044312e-02
-1.620684266090393066e-01
5.374341085553169250e-02
7.312105968594551086e-03
6.694414466619491577e-02
-1.471653282642364502e-01
1.172968558967113495e-02
-3.940134868025779724e-02
1.088552027940750122e-01
1.777573116123676300e-02
-7.175151258707046509e-02
-1.356742978096008301e-01
-1.140770167112350464e-01
-6.982094794511795044e-02
9.215977787971496582e-02
-2.046451717615127563e-02
-1.164591237902641296e-01
9.961606562137603760e-02
2.015591040253639221e-02
-1.222575530409812927e-01
2.127586603164672852e-01
-7.798669487237930298e-02
-1.271988749504089355e-01
-4.493467882275581360e-02
1.023526266217231750e-01
1.058296486735343933e-01
-1.525783389806747437e-01
3.501538187265396118e-02
4.627546668052673340e-02
7.182261347770690918e-02
3.250319138169288635e-02
-1.470454968512058258e-02
-2.645126171410083771e-02
8.011997491121292114e-02
-2.771575562655925751e-02
-8.305840194225311279e-03
9.313812106847763062e-02
-8.954281359910964966e-02
4.702339693903923035e-02
-6.334572285413742065e-02
-4.608890414237976074e-02
9.964151307940483093e-03
1.402589529752731323e-01
-1.457174718379974365e-01
-8.423712104558944702e-02
3.229150921106338501e-02
-7.412077486515045166e-02
-5.899730324745178223e-02
-4.789575003087520599e-03
1.140463277697563171e-01
3.498962149024009705e-02
5.750925745815038681e-03
-7.762457430362701416e-02
2.626535110175609589e-02
1.195806488394737244e-01
1.523635685443878174e-01
1.061724051833152771e-01
1.319890320301055908e-01
3.665946424007415771e-02
1.589797809720039368e-02
1.184104979038238525e-01
-6.726329773664474487e-02
-4.443692043423652649e-02
6.465004757046699524e-03
-4.711527377367019653e-02
-2.110621146857738495e-02
7.014709711074829102e-02
1.969203054904937744e-01
-3.924220800399780273e-02
1.387790441513061523e-01
-8.954822272062301636e-02
-1.294690817594528198e-01
1.122708525508642197e-02
1.517132371664047241e-01
-7.155673205852508545e-02
-8.422955870628356934e-04
-4.086694121360778809e-02
3.716597566381096840e-03
-7.895787805318832397e-02
7.602269202470779419e-02
-1.562235057353973389e-01
-3.186638280749320984e-02
-7.602135092020034790e-02
-7.857955247163772583e-02
1.151211857795715332e-01
-8.112224191427230835e-02
-6.812196969985961914e-02
1.497348863631486893e-02
8.482909947633743286e-02
-1.331445761024951935e-02
6.239303201436996460e-02
-1.206820458173751831e-01
-4.984980821609497070e-02
8.421346545219421387e-03
-1.515275388956069946e-01
7.370187900960445404e-03
6.412494182586669922e-02
5.383839085698127747e-02
1.262196004390716553e-01
1.073944121599197388e-01
-3.553280234336853027e-02
-9.917678683996200562e-02
1.145140528678894043e-01
8.902210742235183716e-02
9.938810020685195923e-02
-7.119403034448623657e-02
6.913083046674728394e-02
-2.129598408937454224e-01
1.069157570600509644e-01
1.871202886104583740e-02
6.836731731891632080e-02
1.579266190528869629e-01
-5.930594727396965027e-02
-1.587267518043518066e-01
7.181226462125778198e-02
-1.611812859773635864e-01
-4.491209611296653748e-02
-3.588476404547691345e-02
8.544410229660570621e-04
-6.226584315299987793e-02
5.061701405793428421e-03
-2.721847966313362122e-02
9.497676789760589600e-02
-1.246945038437843323e-01
8.456430514343082905e-04
1.450138818472623825e-02
-3.002698346972465515e-02
