-1.058068498969078064e-02
-4.720103368163108826e-02
-1.316299885511398315e-01
1.374702751636505127e-01
1.165542006492614746e-01
7.182888686656951904e-02
-1.306066811084747314e-01
-1.219082847237586975e-01
-7.732547819614410400e-02
6.615017354488372803e-02
1.972007006406784058e-02
-1.182971969246864319e-01
-1.887425035238265991e-02
1.845952309668064117e-02
-7.105174660682678223e-02
-1.005218699574470520e-01
-6.443997472524642944e-02
-6.378194317221641541e-03
5.007127672433853149e-02
-7.602549344301223755e-02
-9.987846016883850098e-02
1.830361336469650269e-01
7.903896272182464600e-03
-1.186666712164878845e-01
-9.212719649076461792e-02
5.294798314571380615e-02
-8.610205724835395813e-03
-3.619107976555824280e-02
-6.243966985493898392e-03
9.594995528459548950e-02
2.547441795468330383e-02
4.272820055484771729e-02
-5.733035504817962646e-02
1.003809855319559574e-03
-6.750807911157608032e-02
5.990867316722869873e-02
-1.140270531177520752e-01
2.542380429804325104e-02
-1.620681285858154297e-01
1.514492481946945190e-01
1.055714301764965057e-02
-8.604985475540161133e-02
9.939887374639511108e-02
7.617329061031341553e-02
-2.681816183030605316e-02
-4.002242535352706909e-02
-8.273627609014511108e-02
-1.082386076450347900e-01
4.911646619439125061e-02
8.849377743899822235e-03
8.084109053015708923e-03
-1.075304858386516571e-02
-4.390516504645347595e-02
6.327314767986536026e-03
6.084201112389564514e-02
1.594997793436050415e-01
6.863407045602798462e-02
1.342588961124420166e-01
7.917306572198867798e-02
-9.184859693050384521e-02
-8.608982712030410767e-02
1.781714260578155518e-01
7.096704095602035522e-02
-9.195235371589660645e-02
2.677734754979610443e-02
1.229007467627525330e-01
1.971122436225414276e-02
8.413556963205337524e-02
1.802192926406860352e-01
1.431624889373779297e-01
8.494727313518524170e-02
-2.739007025957107544e-02
-4.440899565815925598e-02
3.210803121328353882e-02
7.123578339815139771e-02
-8.041893132030963898e-03
7.589327543973922729e-02
-6.027990952134132385e-02
9.416849166154861450e-02
-4.469313099980354309e-02
1.376228481531143188e-01
-2.209182530641555786e-01
6.475186347961425781e-02
-7.214473187923431396e-02
4.365570098161697388e-02
3.166254609823226929e-02
-8.328149467706680298e-02
5.644059553742408752e-02
1.399747133255004883e-01
-4.144917055964469910e-02
-9.641563147306442261e-02
9.189224243164062500e-02
1.091133896261453629e-02
-1.933604031801223755e-01
5.470458790659904480e-02
-1.022946611046791077e-01
3.255841881036758423e-02
6.445430964231491089e-02
1.283659040927886963e-01
4.211936518549919128e-02
-9.832540899515151978e-02
-3.145371796563267708e-03
-1.412186920642852783e-01
2.219082862138748169e-01
2.632434945553541183e-03
8.314623683691024780e-02
-3.776109591126441956e-02
-2.309957891702651978e-02
-1.386435627937316895e-01
-6.052584201097488403e-02
-3.117274492979049683e-02
-1.053327135741710663e-02
-2.755129011347889900e-03
-6.574934720993041992e-02
-1.440850049257278442e-01
4.286288097500801086e-02
-1.793326064944267273e-02
2.565282769501209259e-02
-3.451947495341300964e-02
1.886945962905883789e-02
-9.983777068555355072e-03
5.374971777200698853e-03
8.990989625453948975e-02
9.409244358539581299e-02
-1.871801316738128662e-01
2.818737924098968506e-02
-1.518252640962600708e-01
7.138115819543600082e-03
