-5.754822120070457458e-02
9.049575030803680420e-02
-3.180395066738128662e-02
4.120699688792228699e-02
-2.461358718574047089e-02
3.569689020514488220e-02
-4.538694769144058228e-02
-7.367796450853347778e-02
-1.127136647701263428e-01
4.721586778759956360e-02
-1.327159442007541656e-02
-1.430653184652328491e-01
-1.317170858383178711e-01
-2.246953174471855164e-02
-4.271499346941709518e-03
-3.424068167805671692e-02
-5.216104537248611450e-02
1.005558762699365616e-02
7.831947505474090576e-02
-6.954325735569000244e-02
-2.245639860630035400e-01
1.460083127021789551e-01
-3.954597935080528259e-02
-3.253665938973426819e-02
-1.323352158069610596e-01
1.096097379922866821e-01
-5.939657986164093018e-02
3.665965795516967773e-02
6.826312094926834106e-02
-1.830793172121047974e-02
3.745783865451812744e-02
1.995501480996608734e-02
3.761512786149978638e-02
-4.396027326583862305e-02
1.278053317219018936e-02
1.236746553331613541e-02
-5.500210821628570557e-02
-5.778620764613151550e-02
-9.182444959878921509e-02
1.358117312192916870e-01
-8.843822032213211060e-02
-4.309949651360511780e-02
3.943834453821182251e-02
6.990206986665725708e-02
-2.577671036124229431e-02
6.178781390190124512e-02
9.218624234199523926e-02
-9.136874973773956299e-02
4.146926105022430420e-02
5.047037079930305481e-02
1.317940801382064819e-01
7.354291528463363647e-02
-5.781064927577972412e-02
-8.837039023637771606e-02
1.582684963941574097e-01
1.152030453085899353e-01
8.488830924034118652e-02
1.997140422463417053e-02
4.832985997200012207e-02
-2.041536755859851837e-02
8.136618882417678833e-02
3.335664048790931702e-02
-2.517565898597240448e-02
-3.566342592239379883e-02
-5.824347585439682007e-02
8.863163739442825317e-02
-1.273556798696517944e-02
6.687336415052413940e-02
-5.517354607582092285e-02
5.127918347716331482e-02
1.632359027862548828e-01
-8.100389689207077026e-02
-5.620946735143661499e-02
1.348883286118507385e-02
1.303256303071975708e-01
-7.363065332174301147e-02
-7.017635554075241089e-02
-3.005512617528438568e-02
1.062241476029157639e-02
2.854684367775917053e-02
1.955416798591613770e-01
-2.145550101995468140e-01
-1.111309528350830078e-01
-2.686609029769897461e-01
1.273368000984191895e-01
7.046663016080856323e-02
-2.745920792222023010e-02
2.375380322337150574e-02
1.440468430519104004e-01
1.993275731801986694e-01
-1.091186851263046265e-01
1.722069680690765381e-01
2.641117386519908905e-02
-1.226418390870094299e-01
-3.020485676825046539e-02
-8.735904842615127563e-02
-1.724509522318840027e-02
-1.292565744370222092e-02
1.544397473335266113e-01
8.701841346919536591e-03
4.588420037180185318e-03
-1.764845103025436401e-01
-9.192291647195816040e-02
8.023974299430847168e-02
7.070771884173154831e-03
2.956807799637317657e-02
2.710579708218574524e-02
-1.976066268980503082e-04
-1.514063030481338501e-01
3.110555745661258698e-02
3.811801597476005554e-02
-6.242785137146711349e-03
1.226959824562072754e-01
-5.517057701945304871e-02
-6.272182613611221313e-02
-6.424021441489458084e-03
4.088551737368106842e-03
-1.239408701658248901e-01
-4.909176006913185120e-02
-1.206039488315582275e-01
-6.707721203565597534e-02
-5.100844427943229675e-02
-4.923563823103904724e-02
1.059117820113897324e-02
-1.955832391977310181e-01
6.402160972356796265e-02
7.497419137507677078e-04
1.131224781274795532e-01
