-3.791670501232147217e-02
-3.924640268087387085e-02
-1.207509338855743408e-01
1.426669657230377197e-01
6.341487914323806763e-02
1.736169755458831787e-01
-4.539085552096366882e-02
-1.680647879838943481e-01
-1.396162658929824829e-01
-4.200680181384086609e-02
4.442053660750389099e-02
-1.133952215313911438e-01
-6.745019555091857910e-02
3.218932449817657471e-02
-6.383686512708663940e-02
-3.279854729771614075e-02
-5.120940133929252625e-02
4.333093389868736267e-02
1.083430871367454529e-01
-8.662550151348114014e-02
-3.818936645984649658e-02
1.931734830141067505e-01
1.482752412557601929e-01
-1.652766466140747070e-01
-5.448008701205253601e-02
5.750975385308265686e-02
3.456608206033706665e-02
-5.544998683035373688e-03
5.197580903768539429e-02
1.026163324713706970e-01
1.627738960087299347e-02
7.186879962682723999e-02
-6.901755928993225098e-02
1.420448534190654755e-02
-1.583380103111267090e-01
-1.761048287153244019e-02
-5.720483139157295227e-02
-3.212324157357215881e-02
-1.323615163564682007e-01
5.005862936377525330e-02
-5.532073322683572769e-03
-1.301466673612594604e-01
5.704423412680625916e-02
6.407694518566131592e-02
8.139288425445556641e-02
-1.482590883970260620e-01
-2.631715498864650726e-02
-1.222049221396446228e-01
-1.850641891360282898e-02
5.713765695691108704e-02
1.415002346038818359e-01
3.452112898230552673e-02
4.993312805891036987e-02
2.751749008893966675e-02
3.083834983408451080e-02
1.461260765790939331e-01
9.494618326425552368e-02
1.226437389850616455e-01
6.075342372059822083e-02
1.250237319618463516e-02
1.020874455571174622e-02
1.540588885545730591e-01
3.623267635703086853e-02
-1.136543378233909607e-01
-8.949215523898601532e-03
7.791684567928314209e-02
7.073272019624710083e-02
8.689714968204498291e-02
8.012023568153381348e-02
1.076074242591857910e-01
1.767819970846176147e-01
-5.644647404551506042e-03
-1.669176369905471802e-01
7.736725360155105591e-02
4.387734085321426392e-02
5.403227359056472778e-02
1.526847202330827713e-02
-1.249173581600189209e-01
1.198981478810310364e-01
-1.513453871011734009e-01
1.058729812502861023e-01
-1.869147121906280518e-01
-3.547613043338060379e-03
-6.061195209622383118e-02
2.549709519371390343e-03
-9.335047006607055664e-02
-5.078241229057312012e-02
5.609157681465148926e-02
7.037656009197235107e-02
5.482116341590881348e-02
-1.339111477136611938e-01
4.302626475691795349e-02
-1.458118110895156860e-01
-1.086860001087188721e-01
-1.010019518435001373e-02
-1.701492220163345337e-01
5.102418363094329834e-02
1.089388579130172729e-01
-6.644643843173980713e-02
5.114280059933662415e-02
-3.739780513569712639e-03
-3.309279307723045349e-02
-5.268675833940505981e-02
1.006339862942695618e-01
2.999685704708099365e-02
1.081159189343452454e-01
-9.623457491397857666e-02
1.592459273524582386e-03
-4.832297191023826599e-02
7.397742569446563721e-02
-6.302498281002044678e-02
-5.006523430347442627e-02
-3.735515102744102478e-02
-7.149396091699600220e-02
-8.941993862390518188e-02
4.015382751822471619e-02
-4.913866054266691208e-03
-4.188904166221618652e-02
-8.583795279264450073e-02
5.557666718959808350e-02
4.327888041734695435e-02
-1.057656761258840561e-02
7.855040952563285828e-03
9.728821925818920135e-03
-1.750057488679885864e-01
-1.096032708883285522e-01
-1.065017208456993103e-01
-5.615591630339622498e-02
