-1.562992781400680542e-01
-5.815861374139785767e-02
-8.968255668878555298e-02
1.092928647994995117e-01
-7.661719620227813721e-02
-1.102442108094692230e-02
-9.302285499870777130e-03
-1.800941675901412964e-02
-1.419229954481124878e-01
-4.672140348702669144e-03
2.556977421045303345e-02
1.009956095367670059e-02
-2.783073857426643372e-02
-6.118861585855484009e-02
1.391015388071537018e-02
6.975337862968444824e-02
-9.270758926868438721e-02
-3.279398381710052490e-02
8.845871686935424805e-02
-3.841719403862953186e-02
-3.723786398768424988e-02
1.500101387500762939e-01
2.978342585265636444e-02
5.727632902562618256e-03
-1.065261662006378174e-01
2.226747274398803711e-01
6.125495210289955139e-02
-1.029500663280487061e-01
-5.020302906632423401e-02
2.369160205125808716e-02
1.016992032527923584e-01
7.621228694915771484e-02
1.159392148256301880e-01
-2.241181433200836182e-01
-7.624025456607341766e-03
-2.980075543746352196e-03
2.716599404811859131e-02
-5.176538228988647461e-02
-3.285327926278114319e-02
1.896039210259914398e-02
-1.375579535961151123e-01
-3.737122565507888794e-02
-9.061951190233230591e-02
1.678310632705688477e-01
1.965017430484294891e-02
2.858077920973300934e-02
-1.345346029847860336e-02
1.430395524948835373e-02
3.486074879765510559e-02
-3.126922762021422386e-03
2.655408084392547607e-01
1.002857610583305359e-01
-3.306778892874717712e-02
-1.093839704990386963e-01
-1.500689517706632614e-02
1.067923940718173981e-02
-1.448961999267339706e-02
9.678797423839569092e-02
1.496503036469221115e-02
1.109653562307357788e-01
-9.446459822356700897e-03
3.377354145050048828e-02
-1.416197866201400757e-01
-2.848404645919799805e-02
-8.348941057920455933e-02
6.203636527061462402e-02
1.910342834889888763e-02
3.749171644449234009e-02
5.925085395574569702e-02
-4.739987477660179138e-02
1.225329339504241943e-01
-1.387163938488811255e-04
-1.101122200489044189e-01
1.545203775167465210e-01
2.160824835300445557e-01
-1.582262665033340454e-01
-1.633946150541305542e-01
-1.023515388369560242e-01
-8.317616581916809082e-02
-8.020705729722976685e-02
6.793433427810668945e-02
-1.132327169179916382e-01
-1.851660162210464478e-01
-1.852405518293380737e-01
-3.272116929292678833e-02
6.582616269588470459e-02
-1.534372381865978241e-02
2.161111310124397278e-02
3.714445605874061584e-02
4.366741701960563660e-02
-2.387492172420024872e-02
1.908857524394989014e-01
-1.087787672877311707e-01
-3.764465451240539551e-02
-6.397851556539535522e-02
-4.712494835257530212e-02
1.685441285371780396e-01
-8.082188665866851807e-03
3.626574063673615456e-03
8.390836417675018311e-03
8.153945952653884888e-02
-3.034100681543350220e-02
-5.076035484671592712e-02
6.042961776256561279e-02
6.803613901138305664e-02
5.978196486830711365e-02
-9.771987050771713257e-02
-1.103074382990598679e-02
-1.060146316885948181e-01
1.268179900944232941e-02
9.682712703943252563e-02
4.838606715202331543e-02
1.135725528001785278e-01
3.696236759424209595e-02
-1.374739687889814377e-02
5.080068483948707581e-02
-6.165715306997299194e-02
-1.109469681978225708e-01
2.787445485591888428e-02
-2.026477642357349396e-02
3.553794696927070618e-02
7.420884817838668823e-02
1.253300718963146210e-02
-4.211064800620079041e-02
-1.148141026496887207e-01
-1.802468299865722656e-02
8.170848339796066284e-02
1.433246582746505737e-01
