-6.198378652334213257e-02
-1.063188239932060242e-01
-1.377492696046829224e-01
5.796603858470916748e-02
3.092950209975242615e-02
-7.282707840204238892e-03
-1.162420287728309631e-01
-4.793672263622283936e-02
4.417583718895912170e-02
2.112407982349395752e-02
1.798795349895954132e-02
-3.298698365688323975e-02
-1.287775337696075439e-01
1.115897949784994125e-02
7.989180833101272583e-02
9.681074321269989014e-02
-1.103609353303909302e-01
-8.617996424436569214e-02
1.294165253639221191e-01
-5.933013930916786194e-02
-8.496218174695968628e-02
1.440724283456802368e-01
-3.682835772633552551e-02
-8.394317328929901123e-02
-2.631118334829807281e-02
1.017680689692497253e-01
1.029647216200828552e-01
-1.363589614629745483e-01
1.081235241144895554e-02
-8.790842257440090179e-03
1.005467623472213745e-01
8.612804859876632690e-02
7.283838000148534775e-03
-1.372957676649093628e-01
-5.161663144826889038e-02
-1.143433079123497009e-01
3.619991987943649292e-02
8.101164549589157104e-02
-3.663123026490211487e-02
3.946622461080551147e-02
-1.740503311157226562e-01
-9.127243608236312866e-02
1.407731138169765472e-02
2.012977898120880127e-01
-9.000197052955627441e-02
9.631682187318801880e-03
-1.815765351057052612e-02
-9.363946504890918732e-03
-9.376212209463119507e-02
-3.395387530326843262e-02
9.764853119850158691e-02
9.401495009660720825e-02
2.685191854834556580e-02
-4.606490209698677063e-02
9.653055667877197266e-02
-2.742334501817822456e-03
7.951211184263229370e-02
8.351189643144607544e-02
2.032696753740310669e-01
1.166777610778808594e-01
-7.348734885454177856e-02
6.759998202323913574e-02
-1.263118535280227661e-01
2.279237844049930573e-02
9.112820029258728027e-02
3.553815418854355812e-03
-5.445213615894317627e-02
-3.779976069927215576e-02
1.432083547115325928e-01
-4.381307400763034821e-03
7.318105548620223999e-02
-5.205155164003372192e-02
-1.602082699537277222e-01
1.423975569196045399e-03
1.319640725851058960e-01
-1.205440461635589600e-01
-6.642667949199676514e-02
-9.957599639892578125e-02
6.335609406232833862e-02
-3.231954202055931091e-02
5.406147986650466919e-02
-7.644178718328475952e-02
-1.647450476884841919e-01
-9.469190239906311035e-02
-8.851316571235656738e-02
8.453414589166641235e-02
-1.611789166927337646e-01
-1.258131116628646851e-01
2.189874835312366486e-02
2.003673091530799866e-02
3.716932982206344604e-02
5.300406366586685181e-02
-1.403470635414123535e-01
-8.297957479953765869e-02
2.471098490059375763e-02
-1.345337033271789551e-01
5.747157335281372070e-02
2.810009755194187164e-02
3.318157419562339783e-02
1.266777664422988892e-01
8.192051202058792114e-02
5.364760756492614746e-02
-1.331999897956848145e-01
1.316732633858919144e-02
9.647613018751144409e-02
3.864786028861999512e-02
-8.118177950382232666e-02
-1.888692565262317657e-02
-1.259986758232116699e-01
-3.445043042302131653e-02
1.231908276677131653e-01
1.183143630623817444e-01
1.308928132057189941e-01
1.238531153649091721e-02
-1.483132243156433105e-01
1.466419547796249390e-01
-5.647348612546920776e-02
-1.612656116485595703e-01
-8.503302931785583496e-02
3.843085141852498055e-03
-5.136777833104133606e-02
2.985712885856628418e-02
-4.305388778448104858e-02
4.822496324777603149e-02
-9.669399261474609375e-02
-4.764137417078018188e-02
-1.583416759967803955e-02
8.252039551734924316e-02
