3.789360076189041138e-02
-8.349943161010742188e-02
2.018747478723526001e-02
1.093602478504180908e-01
-1.104188710451126099e-01
7.963422685861587524e-02
4.515869170427322388e-02
-8.797842264175415039e-02
-7.925783097743988037e-02
-1.410688366740942001e-02
3.085347451269626617e-02
-5.957161635160446167e-02
-1.027367170900106430e-02
6.541444361209869385e-02
1.240512058138847351e-01
-5.844818800687789917e-02
4.231973737478256226e-02
-4.166482016444206238e-02
-2.269701100885868073e-02
-1.139038503170013428e-01
-1.915845125913619995e-01
1.374702155590057373e-01
8.053584396839141846e-02
-6.060964614152908325e-02
-6.518450379371643066e-02
6.208976730704307556e-02
1.071253791451454163e-02
1.514102332293987274e-02
7.409127056598663330e-02
2.515580691397190094e-02
7.494290918111801147e-02
4.215363785624504089e-02
2.030192688107490540e-02
-1.406351942569017410e-02
-1.324588209390640259e-01
9.497488290071487427e-02
-7.634181529283523560e-02
2.222024835646152496e-02
1.051068585366010666e-02
1.584346890449523926e-01
-8.900624513626098633e-02
-8.081176877021789551e-02
-1.351333782076835632e-02
1.206825301051139832e-01
-6.848949939012527466e-02
-1.175726577639579773e-02
-9.261883050203323364e-02
-9.662030637264251709e-02
2.471014708280563354e-01
-8.271367102861404419e-02
6.346349418163299561e-02
-1.172010451555252075e-01
-2.472325600683689117e-02
3.822662681341171265e-02
1.787964105606079102e-01
1.026373282074928284e-01
8.271054923534393311e-02
9.533761441707611084e-02
-3.184130182489752769e-04
-6.629143841564655304e-03
-4.865402355790138245e-02
1.481455862522125244e-01
-7.704983581788837910e-04
8.411477506160736084e-02
1.037399191409349442e-02
9.541723132133483887e-02
-3.368827700614929199e-02
-1.114910170435905457e-01
1.112605556845664978e-01
8.676776289939880371e-02
7.203789055347442627e-02
7.059749681502580643e-03
1.764622703194618225e-02
-1.107184216380119324e-02
9.222037345170974731e-02
-1.396042555570602417e-01
4.142625257372856140e-02
-3.047193400561809540e-03
-6.966824084520339966e-02
-8.632422983646392822e-02
1.854523718357086182e-01
-1.835610568523406982e-01
-1.238305773586034775e-02
-3.631026484072208405e-03
1.319407671689987183e-01
1.225262973457574844e-02
-1.415883153676986694e-01
8.030983805656433105e-02
1.261232793331146240e-01
5.673509836196899414e-02
-1.835654228925704956e-01
6.292280554771423340e-02
-5.058092251420021057e-02
-1.989840865135192871e-01
-1.173410937190055847e-01
-2.884998731315135956e-02
4.319178313016891479e-02
3.747683018445968628e-02
4.223211854696273804e-02
-3.167027235031127930e-02
-9.256771951913833618e-02
4.870667308568954468e-02
-6.231517344713211060e-02
1.561745256185531616e-01
3.294165059924125671e-02
4.657017439603805542e-02
-1.539858244359493256e-02
-1.171421110630035400e-01
-1.567200273275375366e-01
-1.289750039577484131e-01
2.555850893259048462e-02
-9.785509854555130005e-02
6.221844628453254700e-02
7.743103057146072388e-02
-4.221003875136375427e-02
-5.205434560775756836e-02
-8.068444579839706421e-02
-5.130330473184585571e-02
3.446240723133087158e-02
3.440324589610099792e-02
1.277826726436614990e-01
-3.960293158888816833e-02
9.053403139114379883e-02
5.188835784792900085e-02
1.841901987791061401e-02
1.419790536165237427e-01
-1.167585998773574829e-01
-6.941391527652740479e-02
