-7.831793278455734253e-02
-4.877300187945365906e-02
-6.469245254993438721e-02
9.153153002262115479e-02
1.616649329662322998e-02
3.848753124475479126e-02
-1.075907200574874878e-01
-1.511445939540863037e-01
-3.914901986718177795e-02
-8.263452351093292236e-02
-4.714568704366683960e-02
-5.351415276527404785e-02
-1.856002956628799438e-02
-8.429897576570510864e-02
-5.926435068249702454e-02
-6.151636689901351929e-02
1.304449047893285751e-02
5.751881282776594162e-03
-2.209797129034996033e-02
-8.289407193660736084e-02
-6.236404646188020706e-03
1.396457552909851074e-01
-3.250152245163917542e-02
-4.994596540927886963e-02
-1.605085730552673340e-01
1.161713972687721252e-01
-3.667829092592000961e-03
-1.084177866578102112e-01
-7.457673083990812302e-03
6.489221006631851196e-02
1.295871436595916748e-01
5.569333583116531372e-02
8.468802273273468018e-02
-4.398582503199577332e-03
-1.419898569583892822e-01
7.154859602451324463e-02
-1.492464244365692139e-01
6.988143175840377808e-02
-8.916867524385452271e-02
1.616109162569046021e-01
-1.587828248739242554e-01
-8.448247611522674561e-02
-1.470179390162229538e-02
8.456747978925704956e-02
-1.193404896184802055e-03
1.053062640130519867e-02
-3.211386129260063171e-02
2.167055616155266762e-03
5.417130142450332642e-02
1.117736287415027618e-02
1.597568541765213013e-01
-3.921496868133544922e-02
-8.719772845506668091e-02
1.078176200389862061e-01
6.651666015386581421e-02
4.511275887489318848e-02
2.150082439184188843e-01
5.236990004777908325e-02
1.357819437980651855e-01
-7.357533276081085205e-02
-5.954831838607788086e-02
1.715770810842514038e-01
-4.979213327169418335e-02
-1.280225627124309540e-02
4.570161178708076477e-02
1.189737319946289062e-01
-3.093952499330043793e-02
1.169619709253311157e-02
1.883824467658996582e-01
1.011948585510253906e-01
1.163674667477607727e-01
2.267474308609962463e-02
-1.205393150448799133e-01
4.819522798061370850e-02
1.312814056873321533e-01
-8.670497685670852661e-02
6.603507697582244873e-02
-1.490175127983093262e-01
-1.079773157835006714e-02
-2.172792255878448486e-01
1.180092915892601013e-01
-1.471105217933654785e-01
-3.374060988426208496e-02
-1.077426671981811523e-01
3.971866145730018616e-02
7.211718708276748657e-02
-7.682660222053527832e-02
1.153708808124065399e-02
1.856654584407806396e-01
6.856813281774520874e-02
-6.999161094427108765e-02
1.085504218935966492e-01
-2.005799300968647003e-02
-1.736093461513519287e-01
-4.087709262967109680e-02
-5.612682551145553589e-02
2.892052941024303436e-02
4.021339491009712219e-02
-1.484882179647684097e-02
4.244275018572807312e-02
-3.920277953147888184e-02
-5.983080342411994934e-02
-7.346345484256744385e-02
1.752319335937500000e-01
-5.942435562610626221e-02
3.367469459772109985e-02
-7.288466393947601318e-02
-1.170795485377311707e-01
-9.616805613040924072e-02
-5.623821541666984558e-02
-7.624892145395278931e-02
1.747167669236660004e-02
8.007191121578216553e-02
1.716003566980361938e-02
-2.741832658648490906e-02
-5.054023489356040955e-02
-5.180383846163749695e-02
1.394668370485305786e-01
-3.176127374172210693e-02
2.001736313104629517e-02
6.747233122587203979e-02
1.033204570412635803e-01
-4.334910307079553604e-03
5.644339323043823242e-02
-1.355468183755874634e-01
2.615064196288585663e-02
-7.733313739299774170e-02
6.965844659134745598e-04
