-1.245107874274253845e-01
-5.964585393667221069e-02
-5.010337010025978088e-02
1.162282153964042664e-01
7.809958606958389282e-02
1.657970994710922241e-01
1.751108281314373016e-02
-1.490247398614883423e-01
-1.966138482093811035e-01
-2.844412112608551979e-03
3.658285364508628845e-02
-1.824054569005966187e-01
-1.382082998752593994e-01
5.409899726510047913e-02
4.129749257117509842e-03
-1.476917602121829987e-02
-6.608718633651733398e-02
3.281920216977596283e-03
1.451528817415237427e-01
-1.558777838945388794e-01
-9.416069835424423218e-02
1.883489936590194702e-01
3.495511412620544434e-02
-1.133674755692481995e-01
1.897750236093997955e-02
6.060510128736495972e-02
1.074041891843080521e-02
1.232859306037425995e-02
4.996621608734130859e-02
1.506642848253250122e-01
8.851417899131774902e-02
5.396495759487152100e-02
2.754369191825389862e-02
1.450714562088251114e-02
-5.276702344417572021e-02
2.563907019793987274e-02
-1.032248884439468384e-01
5.495839565992355347e-02
-9.921217709779739380e-02
1.142868027091026306e-01
8.699774625711143017e-04
-8.359246701002120972e-02
6.928462535142898560e-02
9.409588575363159180e-02
2.227957919239997864e-02
-1.139805372804403305e-02
1.153742335736751556e-02
-1.161161214113235474e-01
3.919456619769334793e-03
9.376009553670883179e-02
2.949085086584091187e-02
-8.839544840157032013e-03
-7.557068765163421631e-02
-2.027403749525547028e-02
1.516210734844207764e-01
7.855454832315444946e-02
1.501504629850387573e-01
1.124068498611450195e-01
-5.337095353752374649e-04
5.196214839816093445e-02
-1.628302969038486481e-02
1.757619380950927734e-01
2.391052246093750000e-02
-2.414427883923053741e-02
1.845438219606876373e-02
7.059107720851898193e-02
-8.682486601173877716e-03
6.158039718866348267e-02
1.326722465455532074e-02
1.197186708450317383e-01
2.277849614620208740e-01
4.653594642877578735e-02
-1.438633203506469727e-01
-1.555841788649559021e-02
8.428521454334259033e-02
-1.131010334938764572e-02
-1.720818318426609039e-02
-3.125908225774765015e-02
3.174974024295806885e-02
-1.177193224430084229e-01
7.261773198843002319e-02
-1.991229951381683350e-01
-8.243915438652038574e-02
-1.767153739929199219e-01
4.425956681370735168e-02
-2.650654129683971405e-02
6.234385073184967041e-02
-1.959978044033050537e-02
3.674392402172088623e-02
6.508905440568923950e-02
-1.716963797807693481e-01
2.840499207377433777e-02
-4.519306868314743042e-02
-6.965041905641555786e-02
-3.057720139622688293e-02
-1.745522171258926392e-01
2.383440732955932617e-02
1.458792239427566528e-01
4.595212638378143311e-02
-2.033414505422115326e-02
8.243782073259353638e-02
-7.445009052753448486e-02
-8.474958688020706177e-02
1.048362404108047485e-01
1.331397145986557007e-01
5.456709489226341248e-02
1.945846341550350189e-02
1.705187000334262848e-02
-8.792909979820251465e-02
-4.213143605738878250e-03
-1.854923553764820099e-02
-9.415937215089797974e-02
1.072202716022729874e-02
-1.363008376210927963e-02
-2.346860803663730621e-02
-1.968256570398807526e-02
-1.280713677406311035e-01
-6.191661953926086426e-02
-9.089886397123336792e-02
-4.959116689860820770e-03
-6.433844100683927536e-03
5.036769807338714600e-02
3.604968264698982239e-02
-9.068775922060012817e-02
-1.593251377344131470e-01
-1.011811420321464539e-01
-6.695731729269027710e-02
-1.116628944873809814e-01
