-6.920234858989715576e-02
-6.185075640678405762e-02
-4.829393699765205383e-02
1.042804047465324402e-01
-1.757210306823253632e-02
9.530396014451980591e-02
-9.812065213918685913e-02
-4.019847512245178223e-02
-1.541632413864135742e-01
8.631812408566474915e-03
4.199929535388946533e-02
1.071463484549894929e-04
-1.180263608694076538e-01
-1.251073628664016724e-01
6.813830882310867310e-02
1.413653343915939331e-01
-2.500575035810470581e-02
-8.381429314613342285e-02
5.181844159960746765e-02
-1.015622690320014954e-01
-6.722702085971832275e-02
1.249796226620674133e-01
3.182313591241836548e-02
-9.372938075102865696e-04
-1.653302311897277832e-01
1.761460453271865845e-01
6.519818305969238281e-02
-8.228829503059387207e-02
7.428679615259170532e-02
-5.073728412389755249e-02
7.613389939069747925e-02
-5.741124227643013000e-02
6.953703612089157104e-02
-8.669094741344451904e-02
2.886075712740421295e-02
-9.397880733013153076e-02
-1.880488172173500061e-02
3.376869950443506241e-03
-5.910538602620363235e-03
8.831328153610229492e-02
-1.778620630502700806e-01
-9.879362583160400391e-02
-1.050134375691413879e-01
1.524068564176559448e-01
6.871185451745986938e-02
-6.182610243558883667e-02
5.736648663878440857e-02
-8.242781460285186768e-02
7.416996359825134277e-02
-8.180683106184005737e-02
2.188073694705963135e-01
-5.867870151996612549e-02
6.179188843816518784e-03
-5.788112804293632507e-02
-2.956708893179893494e-03
4.928243905305862427e-02
9.475453943014144897e-02
7.745405286550521851e-02
3.057845123112201691e-02
4.322478175163269043e-02
1.091248542070388794e-01
7.326345890760421753e-02
-1.261528115719556808e-02
8.091148734092712402e-02
-5.562924221158027649e-02
3.080240823328495026e-02
2.667040191590785980e-02
1.768204756081104279e-02
8.556742966175079346e-02
-6.653226166963577271e-02
2.356964163482189178e-02
1.006629224866628647e-02
-1.218775510787963867e-01
1.124027520418167114e-01
1.803222745656967163e-01
-1.092646121978759766e-01
-1.223995117470622063e-03
3.331860899925231934e-02
-7.659579068422317505e-02
-1.895828098058700562e-01
1.009986102581024170e-01
-1.411188244819641113e-01
-8.049041032791137695e-02
-2.490395563654601574e-04
-1.130548864603042603e-02
2.465015463531017303e-02
-5.985931679606437683e-02
8.287692815065383911e-02
2.093078792095184326e-01
-2.598953805863857269e-02
-1.029074117541313171e-01
5.405247211456298828e-02
-5.534428730607032776e-02
-2.865521609783172607e-02
-9.728043526411056519e-02
-2.195205092430114746e-01
7.307266443967819214e-02
-3.840358927845954895e-02
-4.242725297808647156e-02
3.009005216881632805e-03
3.045058622956275940e-02
-1.109048128128051758e-01
-3.425675258040428162e-02
1.005215495824813843e-01
7.478411495685577393e-02
2.264188416302204132e-02
-1.485755201429128647e-02
8.221757598221302032e-03
-1.216230019927024841e-01
1.082315444946289062e-01
3.060065396130084991e-02
7.509493827819824219e-02
1.066657975316047668e-01
1.245975643396377563e-01
-1.020968779921531677e-01
-1.167389899492263794e-01
-1.263066679239273071e-01
-8.178147673606872559e-02
7.009640336036682129e-02
1.036913543939590454e-01
1.401215195655822754e-01
-1.064012870192527771e-01
-3.468484804034233093e-02
5.135092884302139282e-03
-1.121533662080764771e-01
1.902221329510211945e-02
-7.538390159606933594e-02
-3.791012987494468689e-02
