-1.122059971094131470e-01
4.510881751775741577e-02
2.125291153788566589e-02
8.499079197645187378e-02
8.322604000568389893e-03
5.319864302873611450e-02
-3.161531931255012751e-04
-1.899725347757339478e-01
-1.500218659639358521e-01
-1.053706780076026917e-01
2.527458779513835907e-02
-7.270691543817520142e-02
-9.107921272516250610e-02
-3.275877609848976135e-02
7.649723906069993973e-03
-6.638355553150177002e-02
-8.919543027877807617e-02
6.761715561151504517e-02
-6.460840255022048950e-02
-6.442862004041671753e-02
-1.211160197854042053e-01
2.109310030937194824e-01
-6.528124958276748657e-02
-1.250552535057067871e-01
-1.917449943721294403e-02
8.465199172496795654e-02
-9.854187816381454468e-02
7.861156016588211060e-02
1.252538058906793594e-02
-2.204842865467071533e-02
8.555345237255096436e-02
4.314040020108222961e-02
1.374739110469818115e-01
1.228170562535524368e-02
1.492927782237529755e-02
8.003354817628860474e-02
-2.031752020120620728e-01
-6.337340921163558960e-02
-9.037069976329803467e-02
1.637854129076004028e-01
-1.073946282267570496e-01
-6.064967811107635498e-02
-4.114637523889541626e-02
4.831168800592422485e-02
7.918972522020339966e-02
6.240068376064300537e-02
9.437047690153121948e-02
-1.803568936884403229e-02
1.194039285182952881e-01
1.929077953100204468e-01
1.445394307374954224e-01
-1.883561164140701294e-02
-9.166228026151657104e-02
-4.874898865818977356e-02
-4.807924479246139526e-02
9.575565159320831299e-02
1.540009863674640656e-02
4.987289384007453918e-02
-9.184032678604125977e-03
2.554925717413425446e-02
3.565785661339759827e-02
2.490642666816711426e-02
-4.323277622461318970e-02
-1.664595119655132294e-02
2.881575375795364380e-03
6.919336318969726562e-02
-1.162679493427276611e-01
5.160765722393989563e-02
-1.533056958578526974e-03
1.492602825164794922e-01
4.184225946664810181e-02
1.576541066169738770e-01
-1.424158513545989990e-01
1.561482846736907959e-01
7.848743349313735962e-02
-7.930189371109008789e-02
2.375308796763420105e-02
1.113922242075204849e-02
-3.112915158271789551e-02
-1.687337458133697510e-01
1.899537742137908936e-01
-8.401919901371002197e-02
-6.352339684963226318e-02
-1.215883865952491760e-01
1.435510814189910889e-01
-2.023902721703052521e-02
2.201914042234420776e-02
6.376744806766510010e-02
1.282473653554916382e-01
3.502092137932777405e-02
-1.768481284379959106e-01
1.547515690326690674e-01
-5.550677701830863953e-02
-6.170409265905618668e-03
-1.087513342499732971e-01
-2.045963704586029053e-01
-4.015438724309206009e-03
1.097769942134618759e-02
1.585656255483627319e-01
-7.489068061113357544e-02
-2.539658173918724060e-02
-5.324293300509452820e-02
-8.355148881673812866e-02
1.094200015068054199e-01
-8.089464902877807617e-02
-9.011469781398773193e-02
-2.786449156701564789e-02
-4.927103593945503235e-02
2.250314690172672272e-02
-6.126694381237030029e-02
-1.565256901085376740e-02
-4.341723397374153137e-02
-1.221874915063381195e-02
4.545683786273002625e-02
3.818307071924209595e-02
-1.063229665160179138e-01
-6.877572089433670044e-02
-2.729581482708454132e-02
3.744764626026153564e-02
-7.105570286512374878e-02
-5.649766698479652405e-02
-9.936435148119926453e-03
3.062933310866355896e-02
-2.326041273772716522e-02
-1.405442953109741211e-01
-1.812101341784000397e-02
2.783079445362091064e-02
2.558516710996627808e-02
