-1.273730210959911346e-02
-7.060308754444122314e-02
-6.874887645244598389e-02
4.356737434864044189e-02
-2.799672819674015045e-02
4.154696688055992126e-02
-1.114301979541778564e-01
-6.133187934756278992e-02
-6.417056918144226074e-02
7.945033907890319824e-02
1.032724604010581970e-01
-1.314594447612762451e-01
-8.678645640611648560e-02
5.017741769552230835e-02
3.541782125830650330e-02
8.034851402044296265e-02
-3.171217441558837891e-02
-4.532010480761528015e-02
1.336152255535125732e-01
-6.776444613933563232e-02
-1.354533433914184570e-01
2.355612963438034058e-01
1.008786354213953018e-02
-1.238503307104110718e-01
6.595077575184404850e-04
7.406399399042129517e-02
6.921395659446716309e-02
-9.180855005979537964e-02
7.453206181526184082e-02
9.252803027629852295e-02
-1.194685231894254684e-02
5.271261930465698242e-02
1.510240789502859116e-02
-7.455246150493621826e-02
1.171958595514297485e-01
-1.309190839529037476e-01
-1.040179468691349030e-02
6.941453553736209869e-03
-5.890884250402450562e-02
9.803476929664611816e-02
-9.374313056468963623e-02
-1.348348706960678101e-01
-3.033977700397372246e-03
1.814366430044174194e-01
-1.766093261539936066e-02
-6.821397691965103149e-02
8.788301795721054077e-02
-4.260097444057464600e-02
-1.192230451852083206e-02
7.104771677404642105e-03
1.270515322685241699e-01
6.392148137092590332e-02
-1.130157848820090294e-03
-7.821198552846908569e-02
1.282649040222167969e-01
8.119805157184600830e-02
1.600370407104492188e-01
1.712728291749954224e-01
1.612974107265472412e-01
9.125906974077224731e-02
-5.847179889678955078e-02
8.722700178623199463e-02
-7.762839645147323608e-02
-1.098368689417839050e-02
1.052820533514022827e-01
2.951198071241378784e-02
-7.544895261526107788e-02
4.590227035805583000e-04
1.085286140441894531e-01
-1.067921798676252365e-02
1.947638094425201416e-01
-6.620005518198013306e-02
-1.976777613162994385e-01
-2.216068282723426819e-02
1.744593828916549683e-01
-5.053665861487388611e-02
-6.584049016237258911e-02
-4.657019302248954773e-02
-8.824328891932964325e-03
-1.324888616800308228e-01
8.774419315159320831e-03
-2.098088264465332031e-01
-4.067490994930267334e-02
-1.046269237995147705e-01
-4.618222266435623169e-02
9.082540869712829590e-03
7.978218607604503632e-03
2.621931582689285278e-02
7.202305644750595093e-02
-2.682115323841571808e-02
-9.002538770437240601e-02
1.059562489390373230e-01
-2.108986228704452515e-01
3.885517641901969910e-02
-4.367512464523315430e-02
-1.846387386322021484e-01
2.263633348047733307e-02
7.418868690729141235e-02
9.735285304486751556e-03
9.905447810888290405e-02
1.235127374529838562e-01
-6.543011963367462158e-02
-1.514075547456741333e-01
6.602872908115386963e-02
1.302338689565658569e-01
2.152209170162677765e-02
-4.904641583561897278e-02
-7.980904541909694672e-03
-5.914830788969993591e-02
3.982222825288772583e-02
-4.342184588313102722e-02
5.075022205710411072e-02
7.362705469131469727e-02
1.396470330655574799e-02
-5.342345684766769409e-02
5.463136732578277588e-02
-3.481952846050262451e-02
-9.019464999437332153e-02
-2.979654818773269653e-02
2.612216584384441376e-02
-5.746832489967346191e-02
2.361276559531688690e-02
-2.303543500602245331e-02
-1.336079556494951248e-02
-1.333173662424087524e-01
-1.297421846538782120e-02
-9.995568543672561646e-02
5.957760848104953766e-03
