-5.499863624572753906e-02
-4.411441087722778320e-02
-3.615011647343635559e-02
8.720411360263824463e-02
2.181878127157688141e-02
1.349604427814483643e-01
3.535610856488347054e-03
-1.665403991937637329e-01
-2.246852815151214600e-01
4.329694807529449463e-02
-1.977856829762458801e-02
-1.036204993724822998e-01
-1.057240664958953857e-01
3.334141522645950317e-02
5.378449708223342896e-02
2.916921162977814674e-03
3.424010053277015686e-02
4.685893654823303223e-02
-1.352953724563121796e-02
-1.004223898053169250e-01
-1.425408720970153809e-01
1.635880172252655029e-01
1.301925629377365112e-01
-1.153667345643043518e-01
-4.207605496048927307e-02
6.609337776899337769e-02
-4.324917495250701904e-02
5.277879536151885986e-02
1.145460158586502075e-01
8.714166283607482910e-02
7.011065632104873657e-02
-4.934792965650558472e-02
1.941625773906707764e-02
3.670343384146690369e-02
-5.386727675795555115e-02
-3.302606567740440369e-02
-1.393345594406127930e-01
-1.221907604485750198e-02
-8.334103971719741821e-02
1.363182067871093750e-01
-1.343416422605514526e-01
-7.876778393983840942e-02
1.342326775193214417e-02
7.052780129015445709e-03
-5.228922236710786819e-03
-4.148859903216362000e-02
3.510759398341178894e-02
-8.121381700038909912e-02
9.388895332813262939e-02
4.126175120472908020e-02
4.739915207028388977e-02
-1.044257655739784241e-01
-1.865032128989696503e-02
3.499593585729598999e-02
1.241852790117263794e-01
1.155815720558166504e-01
1.314497143030166626e-01
5.937169492244720459e-02
-5.023283511400222778e-02
-4.272418096661567688e-02
1.816311664879322052e-02
1.963838785886764526e-01
9.697570465505123138e-03
1.804099045693874359e-02
3.057755902409553528e-02
9.346377104520797729e-02
-3.931117802858352661e-02
-2.567059732973575592e-02
-3.392311185598373413e-02
1.655523329973220825e-01
7.567179948091506958e-02
2.637060359120368958e-02
-1.382389515638351440e-01
5.274607241153717041e-02
8.984629064798355103e-02
-1.126567088067531586e-02
3.940831869840621948e-02
-6.772843003273010254e-02
1.068447977304458618e-01
-1.208302080631256104e-01
1.555539071559906006e-01
-2.258436381816864014e-01
-1.393726915121078491e-01
7.504136767238378525e-03
9.232349693775177002e-02
-2.851170673966407776e-02
-2.545648254454135895e-02
1.954803802073001862e-02
1.959078460931777954e-01
7.208108156919479370e-02
-2.289782911539077759e-01
3.622008487582206726e-02
-1.045830845832824707e-01
-1.672357320785522461e-01
-1.152603700757026672e-01
-1.687839031219482422e-01
-4.960247129201889038e-02
1.813842542469501495e-02
7.071889191865921021e-02
5.936710163950920105e-03
-5.381361395120620728e-02
-2.471176907420158386e-02
-1.876755431294441223e-02
8.958375453948974609e-02
-5.713187530636787415e-02
8.599726483225822449e-03
-4.316916689276695251e-02
-8.781035989522933960e-02
-1.160664334893226624e-01
2.567881159484386444e-02
-4.828160628676414490e-02
-1.237630993127822876e-01
6.388960778713226318e-02
1.711757294833660126e-02
-9.483312256634235382e-03
-2.713759057223796844e-02
-1.402454450726509094e-02
-1.187090128660202026e-01
-6.107499450445175171e-02
5.036192014813423157e-02
4.398383945226669312e-02
6.256093084812164307e-02
-1.996608264744281769e-02
-2.089791744947433472e-02
-1.360792517662048340e-01
-7.909599691629409790e-03
-1.321426779031753540e-01
-5.269126594066619873e-02
