-3.812029585242271423e-02
-3.197059780359268188e-02
-1.003836169838905334e-01
7.780694216489791870e-02
1.617663726210594177e-02
2.491328865289688110e-02
-7.673816382884979248e-02
-6.502915918827056885e-02
-1.699401885271072388e-01
5.586981773376464844e-02
-1.144938403740525246e-03
-6.369446963071823120e-02
-1.634316444396972656e-01
4.831542074680328369e-02
2.161051705479621887e-02
3.926975280046463013e-02
1.082248799502849579e-02
-7.466836273670196533e-02
1.611637771129608154e-01
-1.420611888170242310e-01
-1.609697192907333374e-02
1.886572688817977905e-01
3.607934713363647461e-02
-7.312784343957901001e-02
1.099900156259536743e-02
1.120853722095489502e-01
7.234594970941543579e-02
-1.033025383949279785e-01
3.966513648629188538e-02
7.159104570746421814e-03
1.571724414825439453e-01
1.620485335588455200e-01
9.491975419223308563e-03
-9.007992595434188843e-02
-2.673256397247314453e-02
-2.945859171450138092e-02
-2.199850045144557953e-02
8.581551909446716309e-02
-3.513009473681449890e-02
9.676548838615417480e-02
-3.133630380034446716e-02
-7.259909808635711670e-02
8.967089466750621796e-03
1.091136261820793152e-01
-2.608713135123252869e-02
7.980252057313919067e-02
7.899115234613418579e-02
3.129567578434944153e-02
-1.770218834280967712e-02
5.671005696058273315e-02
1.118137985467910767e-01
9.309408068656921387e-02
-9.050694853067398071e-02
-1.027885153889656067e-01
7.066462188959121704e-02
5.363047122955322266e-02
1.670332103967666626e-01
-4.808948934078216553e-02
9.733445197343826294e-02
9.104488790035247803e-02
-1.067580282688140869e-01
6.906203925609588623e-02
-1.067222058773040771e-01
-3.534435853362083435e-02
3.828885033726692200e-02
-5.173559486865997314e-02
1.924447715282440186e-02
-3.341213613748550415e-02
1.060000285506248474e-01
2.444447763264179230e-02
2.051498591899871826e-01
1.117781177163124084e-02
-1.585327088832855225e-01
3.505216911435127258e-02
1.691274195909500122e-01
-8.951564878225326538e-02
-1.798349022865295410e-01
-1.093373894691467285e-01
1.498473994433879852e-02
-9.951949864625930786e-02
-6.000104360282421112e-03
-1.849695444107055664e-01
-1.327947676181793213e-01
-1.808034926652908325e-01
-3.833441436290740967e-02
1.211915388703346252e-01
-1.926375553011894226e-02
-5.005537718534469604e-02
4.204884916543960571e-02
7.826317101716995239e-03
-8.652455359697341919e-02
5.626934394240379333e-02
-1.839756965637207031e-01
-8.903980255126953125e-02
-1.585064828395843506e-02
-1.160297989845275879e-01
3.849743679165840149e-02
-9.262350387871265411e-03
7.485207915306091309e-02
3.190794587135314941e-02
1.461720187216997147e-02
-4.522192850708961487e-02
-7.300672680139541626e-02
1.179324835538864136e-01
1.485063284635543823e-01
1.934912241995334625e-02
-3.519318625330924988e-02
-6.111270561814308167e-02
-1.615189015865325928e-01
-2.681290730834007263e-02
5.376249924302101135e-02
-7.421871181577444077e-03
9.020439535379409790e-02
7.173942774534225464e-02
-2.945982851088047028e-02
1.146146506071090698e-01
-4.766497388482093811e-02
-1.631269603967666626e-01
-6.236538663506507874e-02
-5.381740257143974304e-02
8.647465705871582031e-02
3.266346454620361328e-02
-9.968573227524757385e-03
-1.057546660304069519e-01
-1.132851839065551758e-01
-7.738202065229415894e-02
4.131556302309036255e-02
-1.008694991469383240e-02
