2.744088321924209595e-02
-1.012003496289253235e-01
-8.150504529476165771e-02
4.544877260923385620e-02
-9.012704715132713318e-03
3.985740616917610168e-02
-1.176405251026153564e-01
-5.867379158735275269e-02
-7.748021930456161499e-02
5.495243892073631287e-02
1.550955232232809067e-02
-3.199979290366172791e-02
-1.486254632472991943e-01
5.884094163775444031e-03
3.121294826269149780e-02
4.414445534348487854e-02
2.205250086262822151e-03
-5.248266831040382385e-02
6.272155791521072388e-02
-9.580083191394805908e-02
-2.870738878846168518e-02
1.525869667530059814e-01
1.190713867545127869e-01
-4.917840287089347839e-02
-1.036135628819465637e-01
1.095780730247497559e-01
6.855376064777374268e-02
-1.093937754631042480e-01
9.331993013620376587e-02
3.178978711366653442e-02
1.085270270705223083e-01
9.273840487003326416e-02
1.028046477586030960e-02
-3.861610591411590576e-02
-1.964263152331113815e-03
8.404216729104518890e-03
-1.244355109520256519e-03
5.577860027551651001e-02
-2.697692625224590302e-02
1.354246884584426880e-01
-1.224742829799652100e-01
-1.412675082683563232e-01
-2.266246452927589417e-02
1.068061664700508118e-01
-6.618963181972503662e-02
1.308404654264450073e-02
1.120696216821670532e-02
-2.491281484253704548e-04
3.929671645164489746e-02
-3.607292845845222473e-02
1.231054738163948059e-01
7.608804106712341309e-02
-2.226232551038265228e-02
-5.935104563832283020e-02
1.664066165685653687e-01
4.601227864623069763e-02
2.049132436513900757e-01
-4.359764512628316879e-03
1.749764680862426758e-01
4.521900415420532227e-02
-1.929931789636611938e-01
5.924310162663459778e-02
-9.789505600929260254e-02
2.105929516255855560e-02
8.592158555984497070e-02
-2.654914185404777527e-02
-2.505443245172500610e-02
-4.038149118423461914e-02
1.428968459367752075e-01
-8.485845290124416351e-03
1.455768346786499023e-01
-4.928649216890335083e-02
-9.737025201320648193e-02
-5.825654137879610062e-03
1.142131462693214417e-01
-1.223602071404457092e-01
-1.506684422492980957e-01
-7.947221398353576660e-02
6.796194612979888916e-02
-1.055187433958053589e-01
-4.978662356734275818e-02
-1.951768994331359863e-01
-1.422098577022552490e-01
-1.029189825057983398e-01
-3.258132562041282654e-02
1.324754059314727783e-01
-1.089447736740112305e-01
3.960944339632987976e-02
-8.132376242429018021e-04
5.161516368389129639e-02
-1.130215451121330261e-01
1.268004179000854492e-01
-2.109907865524291992e-01
-1.243940517306327820e-01
-1.091224141418933868e-02
-1.148526892066001892e-01
-3.186893090605735779e-02
-3.863500803709030151e-02
4.580234363675117493e-02
9.512916952371597290e-02
3.612913936376571655e-02
1.539293583482503891e-02
-9.606669843196868896e-02
1.078191474080085754e-01
8.270581811666488647e-02
1.126629486680030823e-02
-2.607965096831321716e-02
-1.212257072329521179e-01
-2.175913006067276001e-01
-1.108519583940505981e-01
5.841101333498954773e-02
2.469285391271114349e-02
1.477411687374114990e-01
1.118705719709396362e-01
-2.570546977221965790e-02
6.416840851306915283e-02
5.674457177519798279e-03
-7.058388739824295044e-02
-6.670030951499938965e-02
-2.462670020759105682e-02
1.002404987812042236e-01
7.847920805215835571e-02
2.322152443230152130e-02
-2.819956094026565552e-02
-7.100220769643783569e-02
3.435997664928436279e-02
-3.416618856135755777e-04
3.782379627227783203e-02
