1.832952909171581268e-02
-1.165184751152992249e-01
-5.857220292091369629e-02
1.560353934764862061e-01
2.738701552152633667e-02
9.900954365730285645e-02
7.655411958694458008e-02
-1.453575640916824341e-01
-1.538911908864974976e-01
5.682786554098129272e-02
-1.514759808778762817e-01
-1.336372643709182739e-01
-1.722480058670043945e-01
-2.005722187459468842e-02
3.309531882405281067e-02
1.021397486329078674e-02
1.012389287352561951e-01
1.204857155680656433e-01
1.798177510499954224e-01
-1.285886168479919434e-01
3.297217935323715210e-02
5.892177671194076538e-02
1.215646043419837952e-02
-1.125995721668004990e-02
-8.116047084331512451e-02
-1.441017375327646732e-03
-3.311927989125251770e-02
-7.743433117866516113e-03
8.032074570655822754e-02
9.895556420087814331e-02
1.005467623472213745e-01
-1.300232298672199249e-02
4.085176438093185425e-02
6.294057518243789673e-02
-1.053700670599937439e-01
-2.207800047472119331e-03
-1.023548841476440430e-01
5.652896314859390259e-02
-1.268410384654998779e-01
1.574419587850570679e-01
-7.623737305402755737e-02
-1.361426264047622681e-01
3.713186457753181458e-02
-4.114677198231220245e-03
7.114261388778686523e-02
-6.718626711517572403e-03
-1.743571832776069641e-03
-1.267500221729278564e-01
1.974645443260669708e-02
1.216581612825393677e-01
1.647019237279891968e-01
-2.257146500051021576e-02
-5.172113329172134399e-02
-2.868282981216907501e-02
9.156801551580429077e-02
7.818878442049026489e-02
1.025909632444381714e-01
1.162494570016860962e-01
1.621878147125244141e-02
-1.223257184028625488e-02
-1.080020051449537277e-02
1.602955311536788940e-01
5.047288537025451660e-02
-2.093153446912765503e-02
1.192321404814720154e-01
1.601939648389816284e-01
-2.558057010173797607e-02
-5.726956576108932495e-02
7.075862586498260498e-02
6.922197341918945312e-02
1.185433045029640198e-01
1.846927404403686523e-02
-1.296973824501037598e-01
-2.656687051057815552e-02
3.801696375012397766e-02
5.534389521926641464e-03
1.552952919155359268e-02
1.367620658129453659e-02
2.366944216191768646e-02
-5.852026492357254028e-02
1.905986070632934570e-01
-1.848949342966079712e-01
-4.871683940291404724e-02
-7.081808149814605713e-02
6.715350598096847534e-02
4.308650270104408264e-02
-2.984619885683059692e-02
-6.560241454280912876e-04
1.555592119693756104e-01
5.392997339367866516e-02
-1.278238147497177124e-01
1.604745388031005859e-01
-3.595809638500213623e-02
-5.175732076168060303e-02
-1.064164638519287109e-01
-2.083585970103740692e-02
-1.201302558183670044e-01
7.403413206338882446e-02
8.089432865381240845e-02
-4.036978818476200104e-03
4.905296117067337036e-02
2.385373599827289581e-02
2.555068209767341614e-02
1.319768726825714111e-01
8.212331682443618774e-02
5.650050938129425049e-02
-2.908612601459026337e-02
-1.178760156035423279e-01
-1.283044815063476562e-01
-5.379123985767364502e-02
-1.144405677914619446e-01
-5.310969799757003784e-02
-1.213505747728049755e-03
1.494166813790798187e-02
-1.288978457450866699e-01
-2.961579011753201485e-03
-4.449281096458435059e-02
-4.058849066495895386e-02
-1.571717560291290283e-01
-6.015877425670623779e-02
-1.448106952011585236e-03
1.422325074672698975e-01
-6.632836908102035522e-02
7.308620493859052658e-03
-1.407861262559890747e-01
-4.863100126385688782e-03
-1.126331537961959839e-01
4.215283691883087158e-02
