-1.369007527828216553e-01
7.384697347879409790e-02
4.071928560733795166e-02
8.030797541141510010e-02
-4.946893453598022461e-02
-1.429265644401311874e-02
-2.418585680425167084e-02
-1.206316575407981873e-01
-1.216451674699783325e-01
-5.879103019833564758e-02
6.036720587871968746e-04
-5.069865286350250244e-02
-7.540274411439895630e-02
-6.991524249315261841e-02
-5.104187503457069397e-02
-5.393951013684272766e-02
-7.606138288974761963e-02
1.304583251476287842e-01
2.541540889069437981e-03
-1.349382288753986359e-02
-8.338665217161178589e-02
1.192624717950820923e-01
-2.055257558822631836e-02
-1.262118071317672729e-01
3.337213769555091858e-03
1.718901842832565308e-01
-9.938210248947143555e-02
4.921823367476463318e-02
2.187312766909599304e-02
-7.289972156286239624e-03
1.379908807575702667e-02
1.318029966205358505e-02
1.911562532186508179e-01
1.063638739287853241e-02
-5.878734961152076721e-02
5.272839218378067017e-02
-1.875219792127609253e-01
-4.053845256567001343e-02
-1.503059864044189453e-01
1.389486789703369141e-01
-1.458332538604736328e-01
-1.330111324787139893e-01
-5.604696273803710938e-02
4.370747879147529602e-02
9.141542762517929077e-02
7.738515734672546387e-02
1.274252980947494507e-01
5.487922951579093933e-02
1.342349797487258911e-01
1.258656829595565796e-01
1.994704306125640869e-01
6.246419996023178101e-02
-1.386698484420776367e-01
-4.452828317880630493e-02
1.104461960494518280e-02
-2.456148900091648102e-02
-2.904931316152215004e-03
2.726943790912628174e-02
2.548606693744659424e-02
1.687548868358135223e-02
2.922265604138374329e-02
2.385508082807064056e-02
-3.579413145780563354e-02
-1.149186771363019943e-02
-2.289133518934249878e-02
7.622800767421722412e-02
-1.370776742696762085e-01
3.403609991073608398e-02
-1.994592510163784027e-02
1.270094513893127441e-01
7.858310639858245850e-02
6.980068236589431763e-02
-1.383168399333953857e-01
1.512152701616287231e-01
6.118174269795417786e-02
-5.100144445896148682e-02
3.401292115449905396e-02
-2.566616050899028778e-02
-3.445444256067276001e-02
-1.655253022909164429e-01
1.971524059772491455e-01
-6.096929684281349182e-02
-4.958804696798324585e-02
-1.869656145572662354e-01
9.563968330621719360e-02
5.149137973785400391e-02
7.502074539661407471e-02
4.314574226737022400e-02
1.170477569103240967e-01
9.218674153089523315e-02
-1.610954850912094116e-01
1.699946969747543335e-01
-1.145652309060096741e-01
-2.504909224808216095e-02
-1.362637281417846680e-01
-1.247998848557472229e-01
-1.311286818236112595e-02
7.429289817810058594e-02
6.126374751329421997e-02
-4.666759073734283447e-02
1.765943504869937897e-02
-1.402946710586547852e-01
-5.800541117787361145e-02
3.599240258336067200e-02
-7.416996359825134277e-02
-3.921989351511001587e-02
-2.877411432564258575e-03
-5.249132215976715088e-02
3.987941145896911621e-02
-6.278269737958908081e-02
-7.468578964471817017e-02
-4.827484488487243652e-02
8.242616802453994751e-02
8.489242941141128540e-02
-6.003872677683830261e-02
-7.933527231216430664e-02
-1.589878648519515991e-01
-3.113051131367683411e-02
5.018692463636398315e-04
-7.508775591850280762e-02
-8.042063564062118530e-02
-1.082263770513236523e-04
1.291356794536113739e-02
-3.324740007519721985e-02
-1.313861012458801270e-01
-4.555799812078475952e-02
8.536318689584732056e-02
-1.552870031446218491e-03
