-5.582558736205101013e-02
-6.588288396596908569e-02
-7.985675334930419922e-02
1.633553504943847656e-01
2.991000562906265259e-02
1.547745764255523682e-01
2.967723086476325989e-02
-2.168413996696472168e-01
-8.294872939586639404e-02
-1.195420138537883759e-02
-4.331798292696475983e-03
-1.342494040727615356e-01
-3.141445294022560120e-02
4.705520346760749817e-02
2.553775906562805176e-02
-6.218039244413375854e-02
-3.514853864908218384e-02
1.547875069081783295e-02
6.981163471937179565e-02
-1.309068948030471802e-01
-2.925259806215763092e-02
1.965898424386978149e-01
3.932180348783731461e-03
-8.315227180719375610e-02
-7.569602876901626587e-02
8.541021496057510376e-02
1.003851741552352905e-02
9.493400575593113899e-04
-7.586964964866638184e-02
8.104053139686584473e-02
3.438869863748550415e-02
6.381385773420333862e-02
1.368969958275556564e-02
-4.564408957958221436e-02
-1.370401233434677124e-01
1.022950410842895508e-01
-1.827281862497329712e-01
2.955232933163642883e-02
-7.407481968402862549e-02
1.148012429475784302e-01
-9.241336956620216370e-04
-5.904980003833770752e-02
5.413441359996795654e-02
6.943192332983016968e-02
-1.291419193148612976e-02
-3.651540726423263550e-02
-2.929453551769256592e-02
-3.155959770083427429e-02
2.925229817628860474e-02
5.770589038729667664e-02
7.124899327754974365e-02
-9.318464994430541992e-02
-9.849260002374649048e-02
1.269234716892242432e-01
7.680673897266387939e-02
1.211261227726936340e-01
9.739233553409576416e-02
2.292056754231452942e-02
2.272670343518257141e-02
-5.220724642276763916e-02
-9.789560735225677490e-02
1.459538042545318604e-01
2.274635620415210724e-02
-7.617803663015365601e-02
7.635976374149322510e-02
8.164449781179428101e-02
-1.020858809351921082e-02
3.789371997117996216e-02
1.401376128196716309e-01
1.072390750050544739e-01
1.167356297373771667e-01
1.524133682250976562e-01
-1.588726192712783813e-01
7.782644033432006836e-02
1.080447658896446228e-01
-2.305116504430770874e-02
4.758058115839958191e-02
-4.638238623738288879e-02
1.042455993592739105e-02
-1.619464755058288574e-01
1.839018613100051880e-01
-1.879583448171615601e-01
-1.941058598458766937e-02
-8.513513207435607910e-02
1.106485947966575623e-01
-4.998161271214485168e-02
-3.800845518708229065e-02
-1.736691035330295563e-02
1.365530937910079956e-01
-4.661963880062103271e-02
-1.660524755716323853e-01
-4.076524637639522552e-04
-7.767017930746078491e-02
-2.259479314088821411e-01
-1.012962460517883301e-01
-1.255190968513488770e-01
8.331552147865295410e-02
5.177860334515571594e-02
1.095038279891014099e-02
-4.815403372049331665e-02
-7.835512608289718628e-02
5.672678351402282715e-02
-1.008111517876386642e-02
1.525489240884780884e-01
7.863426581025123596e-03
5.495731160044670105e-02
-7.922817021608352661e-02
-5.813378840684890747e-02
-6.498290598392486572e-02
-6.175875291228294373e-02
-5.620271433144807816e-03
-7.547982782125473022e-02
3.440887853503227234e-02
4.963009431958198547e-02
-9.055938571691513062e-02
8.886787109076976776e-03
-1.190358400344848633e-01
9.354626387357711792e-02
-1.512618269771337509e-02
2.349293045699596405e-02
8.585999906063079834e-02
4.036992788314819336e-03
2.179984375834465027e-02
1.778676733374595642e-02
-1.676234751939773560e-01
4.819241166114807129e-02
-7.262741029262542725e-02
-8.751130104064941406e-02
