-1.463971138000488281e-01
7.078748196363449097e-02
-2.396862208843231201e-02
5.965611711144447327e-02
-7.168140262365341187e-02
-4.300888627767562866e-02
-8.659556624479591846e-04
-1.572408676147460938e-01
-4.037272930145263672e-02
7.879444397985935211e-03
-2.463291399180889130e-02
-8.811914920806884766e-02
-6.209548190236091614e-02
-1.458294093608856201e-01
1.496154721826314926e-02
-7.365632802248001099e-02
-4.995056986808776855e-02
1.011658832430839539e-01
5.382391437888145447e-02
-4.268919676542282104e-02
-4.633650556206703186e-02
1.185038238763809204e-01
-6.583262979984283447e-02
-1.081602126359939575e-01
2.175849117338657379e-02
1.136287450790405273e-01
-9.324494004249572754e-02
5.190781131386756897e-02
-4.651543870568275452e-02
-2.905612625181674957e-02
1.518604606389999390e-01
1.448412984609603882e-02
2.067078053951263428e-01
-7.840329408645629883e-02
-8.764598518610000610e-02
-7.954251952469348907e-03
-1.451203078031539917e-01
-1.596182212233543396e-02
-9.459828585386276245e-02
1.325583904981613159e-01
-1.743089109659194946e-01
-1.561535596847534180e-01
1.318889856338500977e-02
6.254170835018157959e-02
2.925704978406429291e-02
6.600413471460342407e-02
7.868672907352447510e-02
1.180633082985877991e-01
1.689216345548629761e-01
9.547880291938781738e-02
1.911726891994476318e-01
2.260012179613113403e-02
-5.221316963434219360e-02
-9.293843805789947510e-02
4.132303968071937561e-02
1.544895931147038937e-03
9.819497354328632355e-04
3.621381893754005432e-02
1.131417229771614075e-01
5.427148938179016113e-02
3.604433685541152954e-02
5.562659353017807007e-02
-1.858219690620899200e-02
-1.174705196171998978e-02
-4.245748743414878845e-02
-1.272219116799533367e-03
-1.260571479797363281e-01
-2.921042218804359436e-02
5.701802670955657959e-02
1.119635626673698425e-01
1.016474664211273193e-01
-1.416933536529541016e-02
-9.140025824308395386e-02
1.642561554908752441e-01
8.221134543418884277e-02
-1.203278303146362305e-01
8.315983414649963379e-02
-2.338172681629657745e-02
-1.724243536591529846e-02
-1.223053932189941406e-01
2.142375260591506958e-01
-4.311909899115562439e-02
2.729716477915644646e-03
-1.549589335918426514e-01
7.406900078058242798e-02
-2.614645101130008698e-02
-2.621414139866828918e-02
-1.227192208170890808e-02
1.427829861640930176e-01
7.746452093124389648e-02
-9.399777650833129883e-02
2.315367609262466431e-01
-1.158450320363044739e-01
-3.657022863626480103e-02
-1.625942438840866089e-01
-1.053683087229728699e-01
-1.414803322404623032e-02
4.669333994388580322e-02
6.642086803913116455e-02
-2.824064344167709351e-02
1.064824834465980530e-01
-8.116558939218521118e-02
-4.317664355039596558e-02
4.522199556231498718e-02
-3.639827668666839600e-02
-3.713316842913627625e-02
-3.283056616783142090e-02
-1.951108500361442566e-02
1.262929290533065796e-02
-1.474827378988265991e-01
-2.730745635926723480e-02
-3.749200701713562012e-02
1.149325817823410034e-01
6.928019970655441284e-02
-6.289131939411163330e-02
-8.865629881620407104e-02
-1.584271639585494995e-01
2.020154707133769989e-02
-1.597714051604270935e-02
-8.511485904455184937e-02
-1.347286552190780640e-01
-5.681563634425401688e-03
1.464031171053647995e-02
-1.549192238599061966e-02
-7.096678018569946289e-02
-2.205686829984188080e-02
5.723774433135986328e-02
7.609730958938598633e-02
