3.926082700490951538e-02
2.352780476212501526e-02
-1.416955888271331787e-01
1.786838769912719727e-01
6.356580555438995361e-02
1.048070415854454041e-01
-1.310499757528305054e-01
-1.780617535114288330e-01
-1.887173578143119812e-02
6.058108061552047729e-02
-5.939388182014226913e-03
-1.249065697193145752e-01
-6.320896744728088379e-02
2.042714506387710571e-02
-1.266074329614639282e-01
-9.011482819914817810e-03
-9.758578613400459290e-03
-4.616639576852321625e-03
1.867431104183197021e-01
-9.549560397863388062e-02
2.349762804806232452e-02
1.500538289546966553e-01
3.989980369806289673e-02
-1.472216397523880005e-01
-8.887972682714462280e-02
6.637702137231826782e-02
1.413032785058021545e-02
-3.203159943222999573e-02
-9.415329433977603912e-03
4.795226082205772400e-02
1.221532747149467468e-02
1.128439083695411682e-01
-4.177429154515266418e-02
-7.968471944332122803e-02
-1.019910126924514771e-01
1.060338038951158524e-02
-5.388206988573074341e-02
-1.272735744714736938e-02
-1.158737465739250183e-01
1.121274158358573914e-01
5.054812878370285034e-02
1.382260024547576904e-02
1.323945522308349609e-01
3.630427271127700806e-02
5.582813546061515808e-02
-6.680862605571746826e-02
2.865374460816383362e-02
-1.112442463636398315e-01
-4.754433780908584595e-02
2.916825003921985626e-02
1.255833953619003296e-01
4.579127207398414612e-02
-3.958598896861076355e-02
-1.590079441666603088e-02
9.369546175003051758e-02
1.496336609125137329e-01
9.260879456996917725e-02
1.949842670001089573e-03
6.282235682010650635e-02
-1.383718382567167282e-02
-1.483723893761634827e-02
5.367886275053024292e-02
5.998464673757553101e-02
-1.933231055736541748e-01
1.071038376539945602e-02
-1.624022610485553741e-03
6.657690554857254028e-02
1.011731326580047607e-01
1.427271664142608643e-01
7.306416332721710205e-02
1.783003360033035278e-01
-3.074444644153118134e-02
-1.758375167846679688e-01
5.779599770903587341e-02
5.079529806971549988e-02
3.267307206988334656e-02
-1.301579992286860943e-03
-1.288173049688339233e-01
5.909218639135360718e-02
-1.041271258145570755e-02
9.751349687576293945e-02
-2.180425971746444702e-01
3.580173850059509277e-02
-1.220166161656379700e-01
-2.532669715583324432e-02
9.975763969123363495e-03
-1.004901379346847534e-01
-6.902038305997848511e-02
1.182581111788749695e-01
-6.464471574872732162e-03
-6.598781794309616089e-02
2.090525999665260315e-02
3.034286201000213623e-02
-1.862652152776718140e-01
6.751343607902526855e-02
-1.149244681000709534e-01
8.909372240304946899e-02
2.473306655883789062e-02
8.028652518987655640e-03
1.663871668279170990e-02
-4.709235578775405884e-02
5.375852342694997787e-03
-4.083352908492088318e-02
2.124761790037155151e-01
9.064054489135742188e-02
1.319847851991653442e-01
-5.538818240165710449e-02
2.802713215351104736e-02
-1.382855474948883057e-01
-8.793194778263568878e-03
-5.948214977979660034e-02
-7.298721466213464737e-03
8.282697945833206177e-02
-2.011411078274250031e-02
-1.598918586969375610e-01
1.171441897749900818e-01
-7.176744751632213593e-03
4.506117664277553558e-03
-9.831486968323588371e-04
-4.994025081396102905e-02
-3.456170111894607544e-02
-6.067087128758430481e-02
3.356631472706794739e-02
8.027119934558868408e-02
-2.210968285799026489e-01
-7.516193389892578125e-02
-1.751378178596496582e-02
5.257743597030639648e-02
