-7.729174196720123291e-02
-1.328147202730178833e-02
-1.186814904212951660e-01
8.643610775470733643e-02
-4.486170038580894470e-02
-1.661875844001770020e-02
9.674045443534851074e-02
-2.431127242743968964e-02
-1.409949660301208496e-01
5.893721710890531540e-03
-4.450485855340957642e-02
8.902424946427345276e-03
-1.628256142139434814e-01
-1.505568921566009521e-01
1.034909784793853760e-01
8.086947351694107056e-02
4.983662813901901245e-02
-6.463698297739028931e-02
1.463315635919570923e-01
-1.260471343994140625e-01
-1.200714483857154846e-01
1.718646734952926636e-01
-4.527390748262405396e-02
1.637079752981662750e-02
-5.047915875911712646e-02
2.180203646421432495e-01
7.313547283411026001e-02
-7.592151314020156860e-02
-6.315588951110839844e-03
3.841727972030639648e-02
1.334410309791564941e-01
7.082357257604598999e-02
1.435294151306152344e-01
-1.097982078790664673e-01
-2.869586693122982979e-03
-5.591031536459922791e-02
1.810125261545181274e-02
-1.721771061420440674e-02
3.240553662180900574e-02
5.394493415951728821e-02
-1.782494783401489258e-01
-6.923522055149078369e-02
-4.627185687422752380e-02
1.260388046503067017e-01
-5.568675324320793152e-02
8.739314228296279907e-02
6.600172817707061768e-02
-1.583488658070564270e-02
7.572550326585769653e-02
1.318920869380235672e-02
1.358905285596847534e-01
4.678760841488838196e-02
-1.594970002770423889e-02
-7.360656559467315674e-02
5.995661392807960510e-02
1.471555442549288273e-03
6.038967519998550415e-02
7.882286608219146729e-02
7.038288563489913940e-02
4.329472314566373825e-03
1.017335653305053711e-01
1.180614531040191650e-01
-8.496218174695968628e-02
-1.118103601038455963e-02
2.337682433426380157e-02
7.540562748908996582e-02
4.790791869163513184e-02
-1.269169058650732040e-02
8.615221083164215088e-02
3.365724114701151848e-03
1.318557858467102051e-01
3.727415809407830238e-03
-1.099906638264656067e-01
4.910131916403770447e-02
2.441591322422027588e-01
-1.434016376733779907e-01
-8.447773009538650513e-02
-7.077668793499469757e-03
-1.379261761903762817e-01
-1.121359318494796753e-01
1.786058694124221802e-01
-4.954147338867187500e-02
-1.556349396705627441e-01
-1.481468826532363892e-01
-5.217016860842704773e-02
1.665974557399749756e-01
2.349444665014743805e-02
-3.698477521538734436e-02
1.339758783578872681e-01
1.228928938508033752e-02
-1.789717189967632294e-02
1.317420750856399536e-01
-1.484950911253690720e-02
9.627175517380237579e-03
-8.933030068874359131e-02
-1.576155610382556915e-02
1.610409654676914215e-02
6.914889067411422729e-02
1.215119659900665283e-02
-5.326101183891296387e-02
1.040244400501251221e-01
-9.482569247484207153e-02
5.493075004778802395e-04
5.762483552098274231e-02
7.765637338161468506e-02
6.439325958490371704e-02
-6.382153928279876709e-02
-9.053383953869342804e-03
-2.111412882804870605e-01
4.725352302193641663e-02
1.024571880698204041e-01
2.939860802143812180e-03
9.819246083498001099e-02
-5.558991432189941406e-02
-8.875040709972381592e-02
-3.400345146656036377e-02
-6.600959599018096924e-02
-6.032782420516014099e-02
-5.301929265260696411e-02
5.811828002333641052e-02
6.636342406272888184e-02
1.512782834470272064e-02
-7.846159487962722778e-02
2.539603412151336670e-02
-1.449510753154754639e-01
-8.484757691621780396e-02
-2.276554703712463379e-02
-1.081462856382131577e-02
