-6.021076813340187073e-02
-8.250039815902709961e-02
-7.504238188266754150e-02
6.012596935033798218e-02
5.584957078099250793e-02
3.815201297402381897e-02
-4.697835445404052734e-02
6.288264691829681396e-02
-8.968084305524826050e-02
3.399525210261344910e-02
1.327350735664367676e-02
-4.612044617533683777e-02
-1.335445791482925415e-01
-1.064975634217262268e-01
7.489789277315139771e-02
6.183020025491714478e-02
-2.872822992503643036e-02
-1.268411148339509964e-02
4.967879131436347961e-02
-8.897490799427032471e-02
-3.952688351273536682e-02
-1.227026991546154022e-02
5.770071968436241150e-02
6.163046136498451233e-02
-1.126004680991172791e-01
1.456041783094406128e-01
5.517120286822319031e-02
-8.091808855533599854e-02
-1.011854335665702820e-01
6.813850998878479004e-02
2.524610757827758789e-01
2.552281506359577179e-02
1.125729233026504517e-01
-1.001151874661445618e-01
-1.214913725852966309e-01
7.024056278169155121e-03
-1.101257279515266418e-01
8.606266975402832031e-02
-4.672354552894830704e-03
6.019673123955726624e-02
-1.268370598554611206e-01
-6.478475034236907959e-02
-2.536487765610218048e-02
9.479646384716033936e-02
2.056378312408924103e-02
-2.099115215241909027e-02
-1.719067431986331940e-02
-2.382373251020908356e-02
1.097477525472640991e-01
-6.646078079938888550e-02
2.384002208709716797e-01
8.479662239551544189e-02
3.329479694366455078e-02
-6.382260471582412720e-02
7.871355861425399780e-02
-1.953125745058059692e-02
8.316408097743988037e-02
1.587476730346679688e-01
9.656056016683578491e-02
1.675251871347427368e-01
-6.065193936228752136e-02
1.480148285627365112e-01
-3.907342627644538879e-02
8.406090736389160156e-02
-5.623513087630271912e-02
-2.311458066105842590e-02
1.220912635326385498e-01
6.924222409725189209e-02
1.265504062175750732e-01
5.335414782166481018e-02
8.111325651407241821e-02
3.526746854186058044e-02
-5.853347852826118469e-02
1.459725499153137207e-01
5.594468861818313599e-02
-1.334372758865356445e-01
-4.611068964004516602e-02
-6.062404438853263855e-02
-9.699840843677520752e-02
-1.339446604251861572e-01
4.356139898300170898e-02
-1.107669398188591003e-01
-1.609994471073150635e-01
-2.759156934916973114e-02
-4.998040571808815002e-02
-2.978560887277126312e-02
-1.938826739788055420e-01
-1.119752004742622375e-01
1.130816154181957245e-02
8.136788755655288696e-02
-5.668601393699645996e-02
1.474802643060684204e-01
-5.652430653572082520e-02
-5.359860882163047791e-02
-5.743785575032234192e-02
-7.984041422605514526e-02
4.644788429141044617e-02
7.480990141630172729e-02
-1.259186267852783203e-01
2.939320355653762817e-02
9.473960101604461670e-02
7.858484238386154175e-02
-1.880125515162944794e-02
7.750916481018066406e-02
1.402904838323593140e-01
6.500017642974853516e-02
-1.841733814217150211e-03
-6.836850196123123169e-02
-1.522864401340484619e-01
-5.278726294636726379e-02
5.828140303492546082e-02
-2.019267412833869457e-04
2.161237597465515137e-01
3.626250103116035461e-02
-7.186099141836166382e-02
-5.290514603257179260e-02
-4.639110714197158813e-02
-3.978928551077842712e-02
3.761621192097663879e-02
3.056986071169376373e-02
7.484525442123413086e-02
8.822365105152130127e-02
-9.271657466888427734e-02
2.068746462464332581e-02
-6.805284321308135986e-02
6.735594570636749268e-02
-9.145019203424453735e-02
1.076541468501091003e-01
