-1.357780396938323975e-01
5.079112201929092407e-02
-1.554665341973304749e-02
2.774664387106895447e-02
-1.680027134716510773e-02
7.841014117002487183e-02
9.191006422042846680e-02
-1.036335602402687073e-01
-1.311377435922622681e-01
6.116371229290962219e-02
-8.825317025184631348e-02
-1.417689919471740723e-01
1.498930528759956360e-02
2.918894216418266296e-02
4.804398864507675171e-03
-1.240708455443382263e-01
-1.714839041233062744e-02
4.179742932319641113e-02
4.037576541304588318e-02
-4.124734923243522644e-02
-8.264046907424926758e-02
1.532452702522277832e-01
2.669056504964828491e-02
-2.046950459480285645e-01
4.164944589138031006e-02
4.384874925017356873e-02
-6.622272729873657227e-02
6.184694916009902954e-02
5.444725509732961655e-03
1.221318319439888000e-01
1.275669783353805542e-01
1.179265752434730530e-01
8.057504147291183472e-02
-1.755330525338649750e-02
-8.681359887123107910e-02
7.540123164653778076e-02
-5.882139876484870911e-02
1.075536198914051056e-02
-9.178560227155685425e-02
1.510326471179723740e-02
-6.953298300504684448e-02
-1.646811962127685547e-01
1.018720641732215881e-01
5.388425663113594055e-02
-4.079104214906692505e-02
2.019793540239334106e-02
4.631304182112216949e-03
-4.942626506090164185e-02
9.766937047243118286e-02
2.784737385809421539e-02
5.693604052066802979e-02
1.319352071732282639e-02
2.614435926079750061e-02
-1.128313168883323669e-01
3.489831835031509399e-02
7.158934324979782104e-02
8.862784504890441895e-02
2.667599916458129883e-02
9.101933240890502930e-02
8.276194334030151367e-02
2.156599238514900208e-02
1.526940912008285522e-01
-6.432931870222091675e-02
5.823557078838348389e-02
-7.421227544546127319e-02
5.084091424942016602e-02
-3.798159211874008179e-02
2.256986685097217560e-02
4.284089058637619019e-02
9.303107112646102905e-02
1.500173360109329224e-01
-3.266853094100952148e-02
6.663811206817626953e-02
2.634979970753192902e-02
8.589000254869461060e-02
-3.786700218915939331e-02
4.561447724699974060e-02
-1.668444275856018066e-01
-1.707805134356021881e-02
-2.090626209974288940e-01
6.511535495519638062e-02
-1.026180908083915710e-01
-1.521338075399398804e-01
-1.338501125574111938e-01
9.645290672779083252e-02
-1.152987256646156311e-01
-6.622433662414550781e-02
9.887106716632843018e-02
2.167172357439994812e-02
2.180779129266738892e-01
-1.488079875707626343e-01
1.529864668846130371e-01
-7.849711924791336060e-02
-9.406722337007522583e-02
-1.228765547275543213e-01
-7.837150990962982178e-02
-8.957313746213912964e-02
9.861885756254196167e-02
1.587257087230682373e-01
8.895937353372573853e-02
3.426084294915199280e-02
8.129256218671798706e-02
-1.116120070219039917e-01
7.728745043277740479e-02
6.537951063364744186e-03
-6.253118067979812622e-02
-5.335236713290214539e-02
-1.768735051155090332e-02
-4.564416036009788513e-02
-1.326446533203125000e-01
2.700778096914291382e-02
-1.183709502220153809e-01
3.767580166459083557e-02
3.464345121756196022e-03
3.620915487408638000e-02
-1.031114980578422546e-01
-7.306502014398574829e-02
-1.536836773157119751e-01
-1.387505233287811279e-01
-2.853708900511264801e-02
-4.213384538888931274e-02
1.091165170073509216e-01
7.570254802703857422e-02
-1.460504084825515747e-01
-3.201246261596679688e-02
-3.265412151813507080e-02
-4.930554702877998352e-02
2.392102964222431183e-02
