-2.404199447482824326e-03
-7.607106864452362061e-02
-7.148395292460918427e-03
8.309627324342727661e-02
-9.354788810014724731e-02
-1.501596067100763321e-02
1.282867603003978729e-02
-1.108349338173866272e-01
-8.149216324090957642e-02
1.842935010790824890e-02
-3.789511695504188538e-02
-1.159833297133445740e-01
-3.506268188357353210e-02
-5.897563695907592773e-02
1.056933775544166565e-01
8.087995462119579315e-03
6.003950163722038269e-02
-2.707662060856819153e-02
6.032637506723403931e-02
-1.900206655263900757e-01
-8.164561539888381958e-02
9.975633770227432251e-02
2.572647295892238617e-02
-5.878397077322006226e-02
1.221556402742862701e-02
1.849392987787723541e-02
-6.280722469091415405e-02
6.697192788124084473e-02
2.237417362630367279e-02
3.569300472736358643e-02
1.819923520088195801e-01
-1.566019095480442047e-02
7.760899513959884644e-02
-2.459052391350269318e-02
-5.576526746153831482e-02
5.113524198532104492e-02
-1.535862088203430176e-01
2.258066646754741669e-02
-5.750329047441482544e-02
2.158756852149963379e-01
-5.286473780870437622e-02
8.783660829067230225e-03
6.625714153051376343e-02
1.175533533096313477e-01
3.099650330841541290e-02
5.085758864879608154e-02
6.441340595483779907e-02
4.515607282519340515e-02
1.142691224813461304e-01
7.515222579240798950e-02
1.116056591272354126e-01
-1.006897091865539551e-01
-1.555612832307815552e-01
6.642044335603713989e-02
9.766162931919097900e-02
5.392607301473617554e-02
2.094939537346363068e-02
-3.852315619587898254e-02
5.104149878025054932e-02
-5.504874885082244873e-02
-3.048492595553398132e-03
1.162025108933448792e-01
4.788167309015989304e-03
-6.181813776493072510e-03
1.016567647457122803e-01
2.481665089726448059e-02
-7.708285003900527954e-02
-1.117023751139640808e-01
1.835501194000244141e-01
6.893671303987503052e-02
9.105921536684036255e-02
1.172995492815971375e-01
-1.254119127988815308e-01
1.269329339265823364e-03
1.461309492588043213e-01
-9.515468031167984009e-02
4.614761844277381897e-02
4.037776216864585876e-02
-8.626846224069595337e-02
-1.166986376047134399e-01
2.658724784851074219e-01
-1.880436092615127563e-01
-5.536774173378944397e-02
-1.970853470265865326e-02
1.148275583982467651e-01
7.487600296735763550e-02
-6.090500205755233765e-02
-6.308289710432291031e-03
1.148251742124557495e-01
7.616278249770402908e-03
-1.896220296621322632e-01
1.359394043684005737e-01
-3.701735287904739380e-02
-1.126711666584014893e-01
-1.685956269502639771e-01
-5.435910448431968689e-02
-2.284686639904975891e-02
1.930139772593975067e-02
1.128491833806037903e-01
-1.260838210582733154e-01
1.259768009185791016e-01
-4.354296252131462097e-02
-4.228364210575819016e-03
1.149302572011947632e-01
9.640328586101531982e-02
-1.396632660180330276e-02
8.467789739370346069e-02
-8.645149320363998413e-02
-1.541123986244201660e-01
-6.391942501068115234e-02
-1.844468712806701660e-02
-7.311446964740753174e-02
1.227834969758987427e-01
1.309145838022232056e-01
-1.045704707503318787e-01
-4.454603418707847595e-02
-9.787058085203170776e-02
1.648051105439662933e-02
6.820794939994812012e-02
-3.358136117458343506e-02
2.266639657318592072e-02
1.652282313443720341e-03
2.254269830882549286e-02
1.336087845265865326e-02
-8.183533698320388794e-02
5.605757236480712891e-02
-4.536135494709014893e-02
-2.093510888516902924e-02
