-8.694645762443542480e-02
-7.028888165950775146e-02
-1.216803863644599915e-01
6.900975853204727173e-02
-8.738767355680465698e-03
4.414688050746917725e-02
-8.572109788656234741e-02
4.461201373487710953e-03
-1.932948529720306396e-01
-4.067416116595268250e-02
-1.255955100059509277e-01
-7.826603949069976807e-03
-4.572117328643798828e-02
-1.142554804682731628e-01
1.887377351522445679e-02
3.887428343296051025e-02
2.287323586642742157e-02
-6.757450848817825317e-02
6.778541952371597290e-02
-7.994413375854492188e-02
-1.830788515508174896e-02
9.965388476848602295e-02
-3.908143844455480576e-03
-3.631677478551864624e-02
-1.371227502822875977e-01
1.627627909183502197e-01
8.511222898960113525e-02
-1.235226243734359741e-01
-3.033150732517242432e-02
-1.887297257781028748e-02
1.617491394281387329e-01
-4.279305413365364075e-02
1.400132104754447937e-02
-1.720469743013381958e-01
-1.565613299608230591e-01
-4.575085639953613281e-02
-2.779928268864750862e-03
1.127443909645080566e-01
7.421190291643142700e-02
-1.146301510743796825e-03
-1.803106516599655151e-01
1.917643100023269653e-02
-4.296147078275680542e-02
1.573588848114013672e-01
-1.457923091948032379e-03
-7.386859972029924393e-03
6.895118951797485352e-02
-1.156087033450603485e-02
4.848260059952735901e-02
-4.522848129272460938e-02
2.020456939935684204e-01
7.446926832199096680e-02
2.905967831611633301e-02
-1.245479937642812729e-02
-3.839297220110893250e-03
-5.113972816616296768e-03
-1.849839277565479279e-02
1.063551474362611771e-02
1.055593788623809814e-01
7.385329157114028931e-02
6.307907402515411377e-02
1.202381551265716553e-01
-8.372727781534194946e-03
2.918929606676101685e-02
-1.104610487818717957e-01
-3.291944786906242371e-02
9.483886510133743286e-02
4.916094616055488586e-02
1.872422099113464355e-01
-4.214445874094963074e-02
-3.096610074862837791e-03
-1.029305905103683472e-02
-1.305196583271026611e-01
1.159771382808685303e-01
1.467962861061096191e-01
-1.510805040597915649e-01
-5.193493887782096863e-02
-8.189445734024047852e-02
-7.750944793224334717e-02
-8.397398889064788818e-02
1.266053915023803711e-01
-6.989788264036178589e-02
-1.290073543787002563e-01
-9.067678824067115784e-03
-8.938379585742950439e-02
1.530380994081497192e-01
-1.714709550142288208e-01
5.637095868587493896e-02
9.037735313177108765e-02
5.863273050636053085e-03
-2.956106513738632202e-02
3.355687111616134644e-02
-7.100579887628555298e-02
-1.120630204677581787e-01
-8.507686108350753784e-02
-1.132087334990501404e-01
1.240288913249969482e-01
2.113398909568786621e-02
-8.572452515363693237e-02
3.860325738787651062e-02
3.405273333191871643e-02
7.645130157470703125e-02
-4.112388566136360168e-02
1.183522492647171021e-01
6.522492319345474243e-02
7.475534826517105103e-02
-3.771471232175827026e-02
3.363318741321563721e-02
-9.937271475791931152e-02
3.018926642835140228e-02
7.990575581789016724e-02
7.899248600006103516e-02
2.290535569190979004e-01
-4.793004132807254791e-03
-1.692231148481369019e-01
4.796239361166954041e-02
-1.856892704963684082e-01
-2.021592110395431519e-02
6.269425153732299805e-02
1.004177480936050415e-01
5.902693420648574829e-02
-1.419512927532196045e-02
-4.249957948923110962e-02
4.157694801688194275e-02
-2.095954492688179016e-02
-1.674296683631837368e-03
1.759537123143672943e-02
5.212363973259925842e-02
