-7.748409640043973923e-03
-8.908899128437042236e-02
-7.496459037065505981e-02
1.647151261568069458e-02
-3.534470871090888977e-02
2.096942253410816193e-02
-1.122334003448486328e-01
-9.462182223796844482e-02
-8.929926902055740356e-03
1.667657196521759033e-01
-3.533560782670974731e-03
-5.269476771354675293e-02
-1.462507843971252441e-01
4.882392473518848419e-03
2.706680074334144592e-02
1.328472048044204712e-01
-2.341281808912754059e-02
-4.007863998413085938e-02
1.256508082151412964e-01
-1.147814765572547913e-01
-1.569894514977931976e-02
1.115062460303306580e-01
1.272857771255075932e-03
-8.063261210918426514e-02
-1.079813111573457718e-02
1.462607681751251221e-01
4.708709195256233215e-02
-1.103611290454864502e-01
1.078829467296600342e-01
-4.463532567024230957e-02
7.487837225198745728e-02
-3.477095067501068115e-02
2.326959930360317230e-02
-1.426634490489959717e-01
3.528951853513717651e-02
-1.000576615333557129e-01
2.536040917038917542e-02
6.013850495219230652e-02
-5.929738655686378479e-02
6.627954542636871338e-02
-9.885171800851821899e-02
-3.781735524535179138e-02
4.414130002260208130e-02
1.283165663480758667e-01
9.020700305700302124e-02
2.129817195236682892e-02
1.206628307700157166e-01
5.529928952455520630e-02
-3.660143911838531494e-02
1.561432518064975739e-02
2.049128860235214233e-01
3.295001015067100525e-02
-6.188117712736129761e-02
-7.199924904853105545e-03
1.017239764332771301e-01
3.988604992628097534e-02
1.415106952190399170e-01
-1.011110562831163406e-02
8.911343663930892944e-02
6.999634206295013428e-02
-2.890423312783241272e-02
-5.760724470019340515e-02
-1.156776919960975647e-01
-4.037543758749961853e-02
-1.466075051575899124e-02
-5.500784143805503845e-02
-8.025903254747390747e-03
-5.849170312285423279e-02
9.034632891416549683e-02
-5.805892869830131531e-02
1.500779688358306885e-01
-3.561967611312866211e-02
-2.221002280712127686e-01
2.536982670426368713e-02
1.996979266405105591e-01
-1.117107346653938293e-01
-1.227068230509757996e-01
-5.818949267268180847e-02
-7.475022226572036743e-02
-4.102951660752296448e-02
-2.144554257392883301e-02
-1.604797393083572388e-01
-7.698774337768554688e-02
-6.137283146381378174e-02
-1.011147275567054749e-01
4.424538835883140564e-02
-1.092150211334228516e-01
-6.227393820881843567e-02
5.198315903544425964e-02
-5.313218384981155396e-02
-8.735649287700653076e-03
8.564244210720062256e-02
-1.783553808927536011e-01
-5.471812933683395386e-02
-9.628651291131973267e-02
-1.576941162347793579e-01
9.940317273139953613e-02
-1.003587543964385986e-01
2.819753997027873993e-02
2.814009040594100952e-02
2.119481563568115234e-01
7.894665002822875977e-03
-6.941898167133331299e-02
5.984463915228843689e-02
1.974890679121017456e-01
-2.455950155854225159e-02
-5.856813862919807434e-02
-3.902271017432212830e-02
-1.205993443727493286e-01
3.442988544702529907e-02
3.750806301832199097e-02
1.409038454294204712e-01
1.593470722436904907e-01
1.329138875007629395e-01
-8.837077021598815918e-02
-1.266847364604473114e-03
-3.241641446948051453e-02
-1.419425904750823975e-01
1.541237998753786087e-02
-1.210919301956892014e-02
-6.724960636347532272e-03
-3.699280321598052979e-02
-3.051569312810897827e-02
2.696499042212963104e-02
-1.099261492490768433e-01
-4.418004304170608521e-02
6.111017987132072449e-02
8.574681729078292847e-02
