-5.075400322675704956e-02
-3.900281339883804321e-02
-9.684154391288757324e-02
2.303521037101745605e-01
1.040805876255035400e-01
1.270594000816345215e-01
-9.004910290241241455e-02
-1.321418583393096924e-01
-1.613640487194061279e-01
-3.373013064265251160e-02
-3.019329905509948730e-02
-1.282281279563903809e-01
-1.118814125657081604e-01
4.013986035715788603e-04
-8.690474182367324829e-02
-5.152854323387145996e-02
-9.712845087051391602e-02
-6.556479260325431824e-03
1.189242228865623474e-01
-1.186556592583656311e-01
-3.227268531918525696e-02
1.428340375423431396e-01
3.697421401739120483e-02
-1.122417449951171875e-01
-1.277170777320861816e-01
-1.814141310751438141e-02
-3.051312267780303955e-02
-2.869297750294208527e-02
-8.432355709373950958e-03
1.059896945953369141e-01
6.585552543401718140e-02
3.659169375896453857e-02
9.802995249629020691e-03
-2.006499283015727997e-02
-1.117657646536827087e-01
5.686069279909133911e-02
-1.146576777100563049e-01
-2.191397920250892639e-02
-1.578017622232437134e-01
1.467031389474868774e-01
4.251498356461524963e-02
-1.160905435681343079e-01
7.159025222063064575e-02
3.179878741502761841e-02
3.315563127398490906e-02
-9.489843249320983887e-02
-4.396759718656539917e-02
-1.535857021808624268e-01
-2.526064962148666382e-02
7.242179661989212036e-02
1.070809513330459595e-01
3.413860127329826355e-02
-1.759268715977668762e-02
5.244912579655647278e-02
1.385519206523895264e-01
1.316637843847274780e-01
4.592014104127883911e-02
1.218369379639625549e-01
7.700395584106445312e-02
-3.874885663390159607e-02
-1.615003310143947601e-02
1.335792243480682373e-01
7.732897251844406128e-02
-9.139267355203628540e-02
-2.866591885685920715e-02
1.046224832534790039e-01
2.322424948215484619e-02
2.293451316654682159e-02
9.469622373580932617e-02
1.311561167240142822e-01
1.203899383544921875e-01
-2.488197525963187218e-03
-8.571387827396392822e-02
7.082486152648925781e-02
9.566375985741615295e-03
4.995232820510864258e-02
2.671753987669944763e-02
-8.803348243236541748e-02
8.009969443082809448e-02
1.884542871266603470e-03
1.206492260098457336e-01
-2.351428419351577759e-01
5.834515020251274109e-02
-1.288442313671112061e-01
4.672815650701522827e-02
-6.071445997804403305e-03
-7.322176545858383179e-02
-4.555016756057739258e-02
1.542572230100631714e-01
6.549449265003204346e-02
-1.014738753437995911e-01
9.097278118133544922e-02
1.621308736503124237e-02
-1.893053352832794189e-01
5.438024178147315979e-02
-9.942032396793365479e-02
3.805981576442718506e-02
6.681898981332778931e-02
6.245944276452064514e-02
3.517943993210792542e-02
-5.616610124707221985e-02
1.614757999777793884e-02
-1.066294312477111816e-01
1.670819520950317383e-01
7.347843796014785767e-02
3.825917467474937439e-02
-4.251709207892417908e-02
-9.056981652975082397e-03
-7.248538732528686523e-02
-7.499008625745773315e-02
-8.943912386894226074e-02
3.165054693818092346e-02
3.184694796800613403e-02
-2.144407667219638824e-02
-1.243104934692382812e-01
7.025873661041259766e-02
-2.250610291957855225e-02
-6.691519916057586670e-02
-8.900210261344909668e-02
-1.098349988460540771e-01
1.775880530476570129e-02
2.373159117996692657e-02
4.803280532360076904e-02
7.215506583452224731e-02
-1.819525808095932007e-01
-5.365447700023651123e-02
-6.851429492235183716e-02
1.393962744623422623e-02
