-7.709035277366638184e-02
5.046644806861877441e-02
-3.062655590474605560e-02
1.200194582343101501e-01
6.049595400691032410e-02
6.271282583475112915e-02
-4.179193079471588135e-02
-3.494595736265182495e-02
-1.404192149639129639e-01
-5.304901674389839172e-02
2.532161539420485497e-03
-1.626925915479660034e-01
-5.715264007449150085e-02
2.130698412656784058e-02
-3.496247157454490662e-02
-6.239065527915954590e-02
-8.237452805042266846e-02
-7.090701907873153687e-02
1.063218265771865845e-01
-8.952151983976364136e-02
-9.379892796277999878e-02
1.988445520401000977e-01
-3.248725458979606628e-02
-8.662904798984527588e-02
1.218188833445310593e-02
1.888301596045494080e-02
-1.147583965212106705e-02
-4.253374785184860229e-02
5.545270070433616638e-02
3.533486276865005493e-02
2.491460740566253662e-02
1.747078597545623779e-01
-3.113681264221668243e-02
-1.445363163948059082e-01
-1.110688224434852600e-01
-6.862159818410873413e-02
-8.901629596948623657e-02
-1.425716001540422440e-02
-4.121680557727813721e-02
3.706672415137290955e-02
-7.434024475514888763e-03
-1.260012239217758179e-01
1.129956096410751343e-01
1.639187783002853394e-01
4.588147252798080444e-02
-3.978548571467399597e-02
-5.243917554616928101e-02
-6.771183758974075317e-02
-7.095266133546829224e-02
1.221869960427284241e-01
9.638226032257080078e-02
1.303001195192337036e-01
4.443405568599700928e-02
-9.852265566587448120e-02
5.822424590587615967e-02
3.867336781695485115e-03
-2.013387391343712807e-03
1.245737001299858093e-01
1.670055389404296875e-01
1.726528108119964600e-01
7.562188059091567993e-02
1.090588718652725220e-01
-8.450736291706562042e-03
-4.983068630099296570e-02
-9.095350280404090881e-03
-7.051306217908859253e-02
-3.566187247633934021e-02
6.602268666028976440e-02
1.406160742044448853e-01
1.485736221075057983e-01
1.575563699007034302e-01
-2.681018225848674774e-02
-2.018819302320480347e-01
1.601795852184295654e-01
1.045923959463834763e-02
6.698559504002332687e-03
-4.297360405325889587e-02
-6.578268855810165405e-02
-6.108490750193595886e-03
-6.772942095994949341e-02
1.187749803066253662e-01
-1.251024454832077026e-01
-5.288561433553695679e-02
-2.143241018056869507e-01
-6.300562527030706406e-03
3.302125260233879089e-02
-6.678304821252822876e-02
-1.478528529405593872e-01
-3.289067000150680542e-02
4.832823202013969421e-02
-8.957501500844955444e-02
3.238593414425849915e-02
-3.381376340985298157e-02
-8.707010746002197266e-02
2.762827277183532715e-02
-9.760174155235290527e-02
9.035781770944595337e-02
1.654747724533081055e-01
-5.597015470266342163e-02
6.173028051853179932e-02
4.174664150923490524e-03
-4.503970965743064880e-02
-1.475306004285812378e-01
1.384800374507904053e-01
1.235968396067619324e-01
3.824520483613014221e-02
-2.030537091195583344e-02
2.652373537421226501e-02
-1.032918691635131836e-01
8.975976705551147461e-02
2.040224149823188782e-02
-1.352827809751033783e-02
-1.476788986474275589e-02
-8.746974170207977295e-02
-1.100889146327972412e-01
9.470515698194503784e-02
5.511578917503356934e-02
-9.240675717592239380e-02
-1.002871692180633545e-01
1.120765879750251770e-02
-6.774068623781204224e-02
1.646925136446952820e-02
6.888186186552047729e-02
-7.206391543149948120e-02
-9.777779877185821533e-02
-1.391390860080718994e-01
8.963739499449729919e-03
-1.891672983765602112e-02
