1.462357956916093826e-02
-8.982655405998229980e-02
-1.164978742599487305e-01
4.099495336413383484e-02
-1.214963011443614960e-02
5.261089280247688293e-02
-1.416490972042083740e-01
-5.072682397440075874e-04
-6.076351553201675415e-02
1.160350441932678223e-01
-9.068312123417854309e-03
-1.167671158909797668e-01
-1.358331143856048584e-01
-1.715439707040786743e-01
9.465822018682956696e-03
1.198951303958892822e-01
-8.481238782405853271e-02
-8.980091661214828491e-02
6.020957604050636292e-02
-8.131766691803932190e-03
-1.006252616643905640e-01
9.300754964351654053e-02
2.140365727245807648e-02
-2.175053395330905914e-02
-1.794117093086242676e-01
1.124184653162956238e-01
4.358723014593124390e-02
-1.034448444843292236e-01
3.079078160226345062e-02
-8.304885588586330414e-03
1.470406651496887207e-01
-3.925216197967529297e-02
-2.809853106737136841e-02
-5.142813175916671753e-02
7.786593586206436157e-02
4.682366922497749329e-02
-6.225845217704772949e-02
8.266656845808029175e-02
-4.932450130581855774e-02
7.401962578296661377e-02
-1.095522791147232056e-01
-1.720404997467994690e-02
-7.417133450508117676e-02
1.338423341512680054e-01
-4.940563067793846130e-02
-5.387517064809799194e-02
4.089800268411636353e-02
-8.273860067129135132e-02
-9.971104009309783578e-05
-3.190099820494651794e-02
1.498393118381500244e-01
7.126060780137777328e-03
-5.030272901058197021e-02
4.342845082283020020e-02
1.067807301878929138e-01
1.200846955180168152e-01
9.616763889789581299e-02
1.073198914527893066e-01
1.136507615447044373e-01
3.762389346957206726e-02
2.945045195519924164e-02
1.042392477393150330e-01
-3.814894333481788635e-02
5.613959580659866333e-02
-2.843114174902439117e-02
7.783356704749166965e-04
2.630355581641197205e-02
2.662711590528488159e-02
1.563265025615692139e-01
-6.047305464744567871e-02
7.210891693830490112e-02
-6.058742478489875793e-02
-1.316876858472824097e-01
3.708676621317863464e-02
3.996447101235389709e-02
-1.366824209690093994e-01
-9.133174084126949310e-03
-5.904631689190864563e-02
3.559533134102821350e-02
-1.834448799490928650e-02
6.258704513311386108e-02
-1.866323947906494141e-01
-4.352724179625511169e-02
-5.103413946926593781e-03
-3.553739562630653381e-02
1.683572232723236084e-01
-7.485908269882202148e-02
4.942801594734191895e-02
1.005387678742408752e-01
5.662884190678596497e-02
-1.654154062271118164e-02
1.513769924640655518e-01
1.762656960636377335e-03
-1.322772949934005737e-01
-4.987675696611404419e-02
-2.106364816427230835e-01
6.389182060956954956e-02
-4.416174255311489105e-03
5.336786061525344849e-02
8.799802511930465698e-02
7.306428253650665283e-02
1.076487228274345398e-01
-9.567792713642120361e-02
8.343320339918136597e-02
4.003752768039703369e-02
4.990934953093528748e-02
-1.638541184365749359e-02
8.696655184030532837e-02
-1.543055325746536255e-01
2.792859077453613281e-02
3.094577603042125702e-02
9.938991069793701172e-02
2.781564593315124512e-01
1.081415638327598572e-02
-9.761158376932144165e-02
6.011674553155899048e-02
-1.437980979681015015e-01
-6.456225179135799408e-03
6.245030090212821960e-02
-3.759190812706947327e-02
-3.045951016247272491e-03
2.774115279316902161e-02
-1.186839863657951355e-01
1.950161606073379517e-01
-7.123889774084091187e-02
1.081912815570831299e-01
-4.601150006055831909e-02
9.408969432115554810e-02
