4.602769762277603149e-02
-3.242193162441253662e-02
-2.173422276973724365e-02
1.900817453861236572e-01
-5.927864089608192444e-02
6.156536564230918884e-02
1.395564619451761246e-02
-1.062008962035179138e-01
-6.627140194177627563e-02
1.290042102336883545e-01
-1.040933281183242798e-01
-1.444965302944183350e-01
-2.004596441984176636e-01
-5.246775597333908081e-02
5.412821099162101746e-02
1.047863662242889404e-01
1.146537959575653076e-01
2.471998706459999084e-02
1.444949358701705933e-01
-1.022107452154159546e-01
-4.099591448903083801e-02
2.393779717385768890e-02
7.938363589346408844e-03
-3.343488648533821106e-02
-6.542237102985382080e-02
7.666146010160446167e-02
-4.191380366683006287e-02
9.147529490292072296e-03
1.577852070331573486e-01
3.187814727425575256e-02
1.358894407749176025e-01
1.030821539461612701e-02
-1.753346621990203857e-02
-8.415748365223407745e-03
-2.628635987639427185e-02
2.562527172267436981e-02
-8.323945105075836182e-02
4.578066617250442505e-02
-8.005282282829284668e-02
2.515389621257781982e-01
1.687505166046321392e-03
-2.570870891213417053e-02
-9.998548775911331177e-04
-2.788516320288181305e-02
1.048458889126777649e-01
3.738050535321235657e-02
1.099352613091468811e-01
-6.693064421415328979e-02
5.895639210939407349e-02
1.561432704329490662e-02
1.079282835125923157e-01
-3.510005399584770203e-02
-1.847806423902511597e-01
7.513590902090072632e-02
1.601661294698715210e-01
6.205941364169120789e-02
1.037989556789398193e-01
-2.845739014446735382e-02
-7.461896166205406189e-03
-1.226586326956748962e-01
1.311873551458120346e-03
2.051299437880516052e-02
1.849941909313201904e-02
8.953754790127277374e-03
4.046103358268737793e-02
1.027977243065834045e-01
-1.378596108406782150e-02
-3.286894783377647400e-02
4.392295703291893005e-02
-1.884353160858154297e-02
1.644098162651062012e-01
1.983543392270803452e-03
-1.245349273085594177e-01
1.770976185798645020e-02
6.333919614553451538e-02
-5.580890551209449768e-02
-7.238721475005149841e-03
-2.034601382911205292e-02
-3.809457644820213318e-02
-5.760398134589195251e-02
1.595219075679779053e-01
-2.367488890886306763e-01
3.440140187740325928e-02
-3.053965605795383453e-02
9.092058241367340088e-02
1.236740574240684509e-01
-1.113932058215141296e-01
-2.521058358252048492e-02
8.258848637342453003e-02
5.277684330940246582e-02
-1.181359887123107910e-01
8.331916481256484985e-02
4.321881104260683060e-03
-1.357546448707580566e-01
-9.511721134185791016e-02
-2.079286240041255951e-02
-7.911836355924606323e-02
-4.261224716901779175e-02
1.811647713184356689e-01
-9.780263155698776245e-02
8.763208054006099701e-03
-6.019290164113044739e-02
6.352297961711883545e-03
2.028610110282897949e-01
7.667067646980285645e-02
3.584472835063934326e-02
8.924935758113861084e-02
-1.553398668766021729e-01
-1.840299069881439209e-01
-1.682212017476558685e-02
-5.491924285888671875e-02
5.138191394507884979e-03
9.452947229146957397e-02
6.516639143228530884e-02
-3.687528893351554871e-02
-6.145393848419189453e-02
3.293571621179580688e-02
3.302207589149475098e-02
3.490600734949111938e-02
2.028293209150433540e-03
2.747851237654685974e-02
-2.809108048677444458e-02
-1.433589309453964233e-01
8.090829104185104370e-02
-1.650941967964172363e-01
2.109071426093578339e-02
-5.572081729769706726e-02
1.231375150382518768e-03
