-1.092506647109985352e-01
-4.831408709287643433e-02
-1.373683959245681763e-01
5.652936175465583801e-02
4.722541943192481995e-02
1.200134530663490295e-01
-4.578087851405143738e-02
-9.150496870279312134e-02
-9.184227883815765381e-02
9.223077446222305298e-02
-1.427122056484222412e-01
-7.290203869342803955e-02
-1.367166340351104736e-01
-3.075795993208885193e-02
1.443071383982896805e-02
-5.755610764026641846e-02
-4.906290397047996521e-02
2.143703028559684753e-02
3.345420211553573608e-02
2.092304266989231110e-02
-2.318320572376251221e-01
1.758032590150833130e-01
2.591503318399190903e-03
-4.583350569009780884e-02
-1.379178613424301147e-01
5.402511358261108398e-02
3.099993243813514709e-02
-7.684071362018585205e-02
5.356545373797416687e-02
5.216669663786888123e-02
1.149962469935417175e-01
5.768860876560211182e-02
-7.083556149154901505e-03
2.095625037327408791e-03
-1.237465739250183105e-01
-1.592889241874217987e-02
-6.451059877872467041e-02
1.674168184399604797e-02
-8.496930450201034546e-02
6.249736621975898743e-02
-1.721817553043365479e-01
-1.175851225852966309e-01
-1.455890573561191559e-02
7.448120415210723877e-02
-9.190998226404190063e-02
-2.694641426205635071e-02
-3.685536235570907593e-02
-4.307995736598968506e-02
5.960893351584672928e-03
-6.508772075176239014e-02
1.331852376461029053e-01
-2.556972950696945190e-02
9.423231333494186401e-02
4.847979638725519180e-03
7.667545229196548462e-02
9.881015121936798096e-02
1.341312229633331299e-01
1.043337583541870117e-01
-2.913840673863887787e-02
-8.803212642669677734e-02
-9.013551287353038788e-03
2.230148017406463623e-01
-4.011009261012077332e-02
6.853966414928436279e-02
-1.676222309470176697e-02
1.335651576519012451e-01
9.053545445203781128e-02
-1.258007343858480453e-02
1.089211478829383850e-01
3.830954432487487793e-02
2.975144609808921814e-02
2.575965411961078644e-02
-3.281195461750030518e-02
1.409427076578140259e-01
8.690067380666732788e-02
-7.712468504905700684e-02
4.988543689250946045e-02
-8.768281340599060059e-02
1.019710525870323181e-01
-1.329749226570129395e-01
1.804307997226715088e-01
-1.223463118076324463e-01
-1.206638067960739136e-01
-1.494869217276573181e-02
4.761320352554321289e-02
-6.196976825594902039e-02
-7.460787892341613770e-02
3.557502990588545799e-03
2.390868514776229858e-01
9.168369323015213013e-02
-1.151694133877754211e-01
1.822051219642162323e-02
-3.902638703584671021e-02
-1.256601512432098389e-01
-3.318793314974755049e-04
-3.638788312673568726e-02
-2.499294932931661606e-03
5.460481718182563782e-02
5.519284401088953018e-03
5.070875585079193115e-02
-3.653367236256599426e-02
1.068391427397727966e-01
-5.641778185963630676e-02
8.109474182128906250e-02
-5.942822620272636414e-02
5.070955306291580200e-02
-1.919249594211578369e-01
-5.239368602633476257e-02
-9.304796159267425537e-02
1.425750087946653366e-02
4.670677334070205688e-02
-3.011189401149749756e-02
3.159366920590400696e-02
-3.577807545661926270e-02
-4.219309240579605103e-02
-1.716936379671096802e-02
7.396801956929266453e-04
-1.256631314754486084e-01
-1.304850578308105469e-01
9.669433534145355225e-02
8.769798278808593750e-02
1.908294260501861572e-01
5.002371221780776978e-02
6.007926538586616516e-02
-1.010680869221687317e-01
1.986452005803585052e-02
-1.116164848208427429e-01
-6.034624576568603516e-02
