-1.455365866422653198e-01
-1.035267636179924011e-01
-1.539203524589538574e-01
1.354343891143798828e-01
3.413557633757591248e-02
9.645933657884597778e-02
-8.345192670822143555e-02
-6.608714163303375244e-02
-1.225368380546569824e-01
1.746692694723606110e-02
-7.596147060394287109e-02
-8.616859465837478638e-02
4.801137838512659073e-04
-5.993277579545974731e-02
-3.240729868412017822e-02
-4.337479174137115479e-02
-8.242338150739669800e-02
-1.002188548445701599e-01
-3.583017736673355103e-02
4.222973063588142395e-02
-6.903158873319625854e-02
1.535637974739074707e-01
3.848250489681959152e-04
-4.144675657153129578e-02
-2.167260795831680298e-01
9.176777303218841553e-02
7.290549576282501221e-02
-9.370227158069610596e-02
-5.409844964742660522e-02
4.615438729524612427e-02
1.041749492287635803e-01
5.906154215335845947e-02
-3.648057952523231506e-02
-2.377923578023910522e-03
-6.832623481750488281e-02
6.562712788581848145e-02
-6.697833538055419922e-02
1.352594047784805298e-01
-1.430414766073226929e-01
6.057012826204299927e-03
-9.512971341609954834e-02
-1.350799351930618286e-01
-5.049457401037216187e-02
9.896147251129150391e-02
-9.167231619358062744e-02
-7.310464233160018921e-02
-1.110972613096237183e-01
-5.907485261559486389e-02
-4.426854103803634644e-02
8.399780839681625366e-03
1.128032952547073364e-01
1.544977724552154541e-02
7.181051373481750488e-02
6.400506943464279175e-02
4.947016015648841858e-03
1.486602723598480225e-01
1.395355612039566040e-01
1.299321353435516357e-01
2.922936342656612396e-03
-2.596440538763999939e-02
6.390629708766937256e-02
1.772872954607009888e-01
-7.038869708776473999e-02
6.346141546964645386e-02
-1.013908386230468750e-01
4.055245593190193176e-02
6.497020274400711060e-02
1.221095472574234009e-01
1.162812486290931702e-01
3.389363735914230347e-02
1.104162260890007019e-01
-1.032346859574317932e-02
-6.596522778272628784e-02
1.001573652029037476e-01
4.617829248309135437e-02
-1.365112066268920898e-01
5.321301519870758057e-02
-1.006705686450004578e-01
4.578257352113723755e-02
-1.967859417200088501e-01
9.232837706804275513e-02
-1.577557176351547241e-01
-9.890250116586685181e-02
-1.065496876835823059e-01
3.154445067048072815e-02
-4.369239136576652527e-02
-4.304986074566841125e-02
-2.148236520588397980e-02
1.188289895653724670e-01
1.241873353719711304e-01
-3.015820495784282684e-02
2.959618717432022095e-02
-6.535552442073822021e-02
-1.536695957183837891e-01
-5.443565919995307922e-02
-1.267375797033309937e-01
1.918456889688968658e-02
1.131649874150753021e-02
2.550207450985908508e-02
1.192200258374214172e-01
-2.037998288869857788e-02
5.024905130267143250e-02
-8.873120695352554321e-02
1.455027759075164795e-01
-2.798148058354854584e-02
1.102741211652755737e-01
-8.524419367313385010e-02
-5.142583977431058884e-03
-1.686555743217468262e-01
7.612121291458606720e-03
3.960093110799789429e-02
4.542847350239753723e-02
9.839403629302978516e-02
-1.043554395437240601e-01
-5.923791974782943726e-02
6.048815324902534485e-02
-1.267804950475692749e-01
7.192181888967752457e-03
-5.863745883107185364e-02
6.886772811412811279e-02
9.179294854402542114e-02
7.624334096908569336e-02
-3.117010369896888733e-02
9.216406941413879395e-02
-1.096133366227149963e-01
1.885689981281757355e-02
-7.592092454433441162e-02
3.303208202123641968e-02
