-1.471271514892578125e-01
-3.233444318175315857e-02
-1.328328847885131836e-01
7.610702514648437500e-02
-4.730800166726112366e-03
-1.626670174300670624e-02
-6.922867894172668457e-02
-3.064906783401966095e-02
-2.263593226671218872e-01
-1.704905740916728973e-02
-1.142487004399299622e-01
8.000993169844150543e-03
-5.312434956431388855e-02
-1.191948205232620239e-01
5.958358943462371826e-02
6.074790284037590027e-02
7.153245061635971069e-02
-1.157416105270385742e-01
1.220542266964912415e-01
-1.301741600036621094e-01
-9.299703687429428101e-02
1.757197231054306030e-01
5.260873958468437195e-02
1.250634528696537018e-02
-1.069221943616867065e-01
2.087231874465942383e-01
4.429959505796432495e-02
-6.888245046138763428e-02
-6.926992535591125488e-02
-4.312208294868469238e-02
1.403845101594924927e-01
3.385621681809425354e-02
3.724545612931251526e-02
-1.723215430974960327e-01
-6.927167624235153198e-02
-4.643193632364273071e-02
6.816233042627573013e-03
6.298967450857162476e-02
7.809613645076751709e-02
4.928655549883842468e-02
-1.321802139282226562e-01
-2.145212702453136444e-02
-6.241752579808235168e-02
1.664127409458160400e-01
-1.932889036834239960e-02
7.457108795642852783e-02
4.867868032306432724e-03
-2.900053560733795166e-02
4.110084846615791321e-02
-2.322314865887165070e-02
1.820585876703262329e-01
8.210989832878112793e-02
2.005869336426258087e-02
-8.242199569940567017e-02
-1.332653407007455826e-02
1.512863393872976303e-02
-1.843538880348205566e-02
1.811203546822071075e-02
1.205019801855087280e-01
8.582924306392669678e-02
6.020522862672805786e-02
1.116374805569648743e-01
-6.215737387537956238e-02
3.655910119414329529e-02
-1.013490632176399231e-01
-5.877083167433738708e-02
9.709089994430541992e-02
-3.119959868490695953e-02
8.401300013065338135e-02
-6.863440852612257004e-03
7.539211958646774292e-02
2.299458347260951996e-02
-1.091918200254440308e-01
6.952292472124099731e-02
1.602732688188552856e-01
-1.465291827917098999e-01
-6.484442949295043945e-02
-1.032497659325599670e-01
-9.365365654230117798e-02
-9.347109496593475342e-02
1.424463689327239990e-01
-1.137574687600135803e-01
-1.827373057603836060e-01
-1.097396686673164368e-01
-1.915692165493965149e-02
1.013223975896835327e-01
-8.798923343420028687e-02
7.430009543895721436e-02
6.302813440561294556e-02
3.389346878975629807e-03
-2.134815044701099396e-02
1.519243605434894562e-02
-5.009982269257307053e-03
-1.008209213614463806e-01
8.273774757981300354e-03
-1.386763714253902435e-02
1.072066649794578552e-01
5.377820134162902832e-02
1.489690691232681274e-02
1.348034478724002838e-02
1.171519085764884949e-01
5.384742096066474915e-02
-7.667385786771774292e-02
1.713821589946746826e-01
1.017583608627319336e-01
8.675956726074218750e-02
-6.333652883768081665e-02
5.138574540615081787e-02
-1.943630725145339966e-01
5.565245449542999268e-02
7.882591336965560913e-02
3.998076170682907104e-02
1.850284337997436523e-01
-2.453737892210483551e-02
-7.631082832813262939e-02
3.086337819695472717e-02
-7.287168875336647034e-03
-9.624559432268142700e-02
-1.431982778012752533e-02
4.919144511222839355e-02
6.235745176672935486e-02
-2.562199346721172333e-02
3.605083003640174866e-02
-5.832732468843460083e-02
-7.382419705390930176e-02
-3.360034897923469543e-02
-5.542738735675811768e-02
1.126988679170608521e-01
