-1.244304254651069641e-01
-8.283267915248870850e-02
-1.440820395946502686e-01
1.370770931243896484e-01
8.142974972724914551e-02
5.078113824129104614e-02
-7.629844546318054199e-02
-9.613631665706634521e-02
-1.003130748867988586e-01
3.503764420747756958e-02
-2.494030632078647614e-02
-8.749563246965408325e-02
-9.787178598344326019e-03
1.127697061747312546e-02
4.724014084786176682e-03
6.069870200008153915e-03
-8.678541332483291626e-02
-5.083513632416725159e-02
1.124898493289947510e-01
1.284152828156948090e-02
-1.565281003713607788e-01
2.410908341407775879e-01
-8.547717332839965820e-02
-1.130403056740760803e-01
-1.181898787617683411e-01
1.509458571672439575e-01
9.874165058135986328e-02
-1.440159231424331665e-01
3.943963348865509033e-02
-1.318494882434606552e-02
5.356504023075103760e-02
3.766629472374916077e-02
-7.358416914939880371e-02
-6.337742786854505539e-03
-4.171414300799369812e-03
-2.437036670744419098e-02
1.600936613976955414e-02
7.289308309555053711e-02
-5.426362156867980957e-02
1.136859692633152008e-02
-5.796345695853233337e-02
4.449223051778972149e-04
-3.859290387481451035e-03
1.936785429716110229e-01
-1.012677252292633057e-01
8.004093542695045471e-03
-6.304817646741867065e-02
-1.052827537059783936e-01
-1.887454278767108917e-02
1.539808791130781174e-02
7.410498708486557007e-02
3.343360498547554016e-02
3.482361882925033569e-02
-2.597147971391677856e-02
-9.368267655372619629e-02
1.162271276116371155e-01
3.539950028061866760e-02
1.280905604362487793e-01
5.536657199263572693e-02
-7.385092228651046753e-02
-3.207008913159370422e-02
8.866037428379058838e-02
-7.768854498863220215e-02
-2.482128143310546875e-02
2.948998846113681793e-02
1.572062224149703979e-01
9.730809368193149567e-03
-1.967323757708072662e-02
3.571041300892829895e-02
2.953400276601314545e-02
8.761879056692123413e-02
-8.008497208356857300e-02
-1.678257286548614502e-01
4.521652311086654663e-02
1.866563260555267334e-01
-8.130385726690292358e-02
-8.682180941104888916e-02
-7.797954231500625610e-02
6.462049484252929688e-02
3.120380826294422150e-02
1.806758195161819458e-01
-1.442617326974868774e-01
-1.420841813087463379e-01
-5.784661695361137390e-02
-2.267288044095039368e-02
4.546299576759338379e-02
-7.397986948490142822e-02
7.424242794513702393e-02
2.086401730775833130e-01
1.988046057522296906e-02
3.996128216385841370e-02
2.157425694167613983e-02
-1.088858172297477722e-01
-7.627305388450622559e-02
2.559646265581250191e-03
-1.179321706295013428e-01
8.925488591194152832e-02
-3.160611540079116821e-02
1.193822547793388367e-01
5.043508857488632202e-02
4.711388424038887024e-02
6.239376589655876160e-02
-1.587359905242919922e-01
6.076210737228393555e-02
3.856468573212623596e-02
1.064231023192405701e-01
-1.494965553283691406e-01
2.411272749304771423e-02
-1.149302721023559570e-01
6.965571641921997070e-02
3.841255791485309601e-03
6.877505779266357422e-02
3.278298303484916687e-02
-7.320172339677810669e-02
-1.360287815332412720e-01
7.624227553606033325e-02
-5.285788699984550476e-02
-1.792654544115066528e-01
-9.379047155380249023e-02
2.313506044447422028e-02
-3.557376936078071594e-02
2.823143824934959412e-02
-1.064898911863565445e-02
-9.081236086785793304e-03
-1.819100081920623779e-01
-6.967202574014663696e-02
3.721886873245239258e-02
6.502927094697952271e-02
