8.356026560068130493e-02
-1.196571737527847290e-01
4.326773434877395630e-02
1.790418028831481934e-01
-7.080091163516044617e-03
8.079906553030014038e-02
2.646062755957245827e-03
-8.985109627246856689e-02
-1.306374818086624146e-01
2.832403965294361115e-02
-1.016077101230621338e-01
-1.124399825930595398e-01
-1.250062733888626099e-01
-3.822303935885429382e-02
8.243176341056823730e-02
7.095930725336074829e-02
9.313146770000457764e-02
1.241210550069808960e-01
1.303766369819641113e-01
-1.602069288492202759e-01
4.361779429018497467e-03
4.888140037655830383e-02
1.411323784850537777e-03
-2.152710594236850739e-02
-1.712976768612861633e-02
3.480213880538940430e-02
-5.384993553161621094e-02
-1.572265289723873138e-02
8.689313381910324097e-02
5.762733146548271179e-02
1.335495859384536743e-01
-3.096426464617252350e-02
7.489890605211257935e-02
-7.087007164955139160e-02
-5.669344589114189148e-02
4.515762999653816223e-02
-1.991532593965530396e-01
4.249415919184684753e-02
-3.632440418004989624e-02
2.411118894815444946e-01
-4.105183482170104980e-02
-1.174816042184829712e-01
-2.552621252834796906e-02
-2.870890870690345764e-02
6.956072151660919189e-02
6.628718227148056030e-03
4.233996570110321045e-02
-4.728278145194053650e-02
4.097574204206466675e-02
6.260046362876892090e-02
2.079973071813583374e-01
-2.651922777295112610e-02
-1.470495313405990601e-01
3.108393214643001556e-02
1.068863645195960999e-01
-1.952392235398292542e-02
8.613814413547515869e-02
8.530391007661819458e-02
5.704475939273834229e-02
2.383083663880825043e-02
-5.471642687916755676e-02
1.136125326156616211e-01
8.356938511133193970e-02
3.447835147380828857e-02
1.549847982823848724e-02
5.073187872767448425e-02
-5.735351145267486572e-02
-1.008286923170089722e-01
7.492171972990036011e-02
4.146676883101463318e-02
1.417010277509689331e-01
1.498042512685060501e-02
-1.627827584743499756e-01
-5.412585660815238953e-02
3.125241398811340332e-02
-3.521386533975601196e-02
8.744823746383190155e-03
4.362257942557334900e-02
-3.347208723425865173e-02
-7.651340961456298828e-02
1.940782219171524048e-01
-1.535940468311309814e-01
-3.675839677453041077e-02
2.608407475054264069e-02
6.849652528762817383e-02
3.986385464668273926e-02
-4.161426052451133728e-02
-7.360653486102819443e-03
6.134460866451263428e-02
-8.179654926061630249e-02
-1.296858340501785278e-01
1.095666438341140747e-01
-8.805295079946517944e-02
-4.246687144041061401e-02
-1.234967932105064392e-01
-1.046836376190185547e-01
-1.470596157014369965e-02
3.048692457377910614e-02
1.157498508691787720e-01
-5.146741494536399841e-02
4.876742139458656311e-02
2.662493288516998291e-02
-8.734004572033882141e-03
2.391782999038696289e-01
1.288917362689971924e-01
-3.041811473667621613e-02
1.034865453839302063e-01
-1.655123233795166016e-01
-1.706459075212478638e-01
-1.188199669122695923e-01
-1.308055818080902100e-01
9.442465961910784245e-04
5.102070048451423645e-02
9.681515395641326904e-02
-8.077754825353622437e-02
-7.345807552337646484e-02
-6.603529304265975952e-02
-4.741826560348272324e-03
-3.815157711505889893e-02
-6.221264228224754333e-02
1.389465574175119400e-02
4.051987454295158386e-02
-7.129812240600585938e-02
8.322168886661529541e-02
-1.001925766468048096e-01
2.747227624058723450e-02
-6.591274589300155640e-02
1.199512649327516556e-02
