-1.439513415098190308e-01
5.252075567841529846e-02
1.622024737298488617e-02
1.027596294879913330e-01
-6.058548390865325928e-02
-4.174497351050376892e-02
-1.702959649264812469e-02
-8.081547170877456665e-02
-1.504006981849670410e-01
-9.159092605113983154e-02
5.477957800030708313e-02
-2.108028717339038849e-02
-1.449775099754333496e-01
-2.450429089367389679e-02
-4.446564987301826477e-02
-9.767011553049087524e-02
-1.283465772867202759e-01
8.651432394981384277e-02
-1.558967214077711105e-02
-4.516029357910156250e-02
-9.263670444488525391e-02
1.337518543004989624e-01
1.942907809279859066e-03
-9.952519834041595459e-02
-5.830231308937072754e-02
1.601585000753402710e-01
-6.015529856085777283e-02
-2.177276834845542908e-02
3.079295717179775238e-02
-3.130098059773445129e-02
8.456179499626159668e-02
4.547697305679321289e-02
1.721739172935485840e-01
-5.073643848299980164e-02
-3.816547617316246033e-02
1.290004551410675049e-01
-5.027725175023078918e-02
-1.316522359848022461e-01
-1.482601165771484375e-01
1.170195117592811584e-01
-9.332524240016937256e-02
-5.593850091099739075e-02
-9.667656570672988892e-02
7.264968007802963257e-02
5.803578346967697144e-02
6.313760299235582352e-03
8.852507174015045166e-02
2.471696212887763977e-02
5.869412049651145935e-02
1.144936233758926392e-01
2.804141044616699219e-01
9.185668826103210449e-02
-4.590575769543647766e-02
-7.359811663627624512e-02
-1.473526563495397568e-02
-9.839900769293308258e-03
-4.317793622612953186e-02
7.347277551889419556e-02
-2.835967764258384705e-02
5.820842459797859192e-02
-2.667032927274703979e-02
-1.845076493918895721e-02
-8.913620561361312866e-02
-2.853952534496784210e-02
-3.070997446775436401e-02
6.133422255516052246e-02
-9.891219437122344971e-02
8.804055303335189819e-02
5.063629895448684692e-02
1.307539194822311401e-01
1.004904508590698242e-01
1.481314301490783691e-01
-3.847492858767509460e-02
2.000691592693328857e-01
1.664929836988449097e-01
-9.617621451616287231e-02
-6.314477324485778809e-02
-4.531389474868774414e-02
-2.087512426078319550e-02
-8.732274174690246582e-02
1.042188704013824463e-01
-6.269207596778869629e-02
-6.435991078615188599e-02
-1.978474557399749756e-01
6.816127896308898926e-02
-3.695760853588581085e-03
3.405801206827163696e-02
1.992358081042766571e-02
4.952992871403694153e-02
4.854923114180564880e-02
-9.630639851093292236e-02
2.377535402774810791e-01
-2.402819506824016571e-02
-6.245175004005432129e-02
-1.056718453764915466e-01
-2.480715699493885040e-02
6.171676144003868103e-02
1.790797524154186249e-02
1.304668635129928589e-01
-4.503202065825462341e-02
-1.165145449340343475e-02
-1.818989217281341553e-01
-5.827200040221214294e-02
2.242384105920791626e-02
-5.325609445571899414e-02
-1.069624871015548706e-01
-6.745227426290512085e-02
-1.005388200283050537e-01
-5.358379706740379333e-02
-4.250829573720693588e-03
1.095604803413152695e-02
9.391078725457191467e-03
5.525318533182144165e-02
2.640753239393234253e-02
4.021919518709182739e-02
-1.418760977685451508e-02
-1.833984851837158203e-01
-4.521987959742546082e-02
9.001172147691249847e-03
-3.212894499301910400e-02
-1.170976907014846802e-01
3.669283911585807800e-02
-6.715486943721771240e-02
-7.013099093455821276e-05
-1.488480418920516968e-01
-2.067161723971366882e-02
6.380826979875564575e-02
5.882996693253517151e-02
