-4.600832611322402954e-02
-4.437437653541564941e-02
-4.558552429080009460e-02
1.474595963954925537e-01
9.328674525022506714e-03
1.504242569208145142e-01
-5.504636093974113464e-03
-1.034758239984512329e-01
-1.612557172775268555e-01
-4.826254770159721375e-02
-1.575632579624652863e-02
-5.921097099781036377e-02
-2.125849388539791107e-02
2.229859866201877594e-02
-2.305112406611442566e-02
-3.351784870028495789e-02
1.726774126291275024e-02
5.423813685774803162e-02
3.105066530406475067e-02
-7.507397793233394623e-03
-2.216148935258388519e-02
1.929591596126556396e-01
7.453594356775283813e-02
-1.147067472338676453e-01
-2.948605641722679138e-02
3.946261480450630188e-02
2.752235159277915955e-03
2.106062136590480804e-02
6.240781396627426147e-02
2.076632231473922729e-01
2.998656034469604492e-02
3.127215430140495300e-02
-6.728255655616521835e-03
1.371731758117675781e-01
-8.130308985710144043e-02
7.786977291107177734e-02
-5.904933437705039978e-02
6.219984218478202820e-02
-1.404838711023330688e-01
1.346715837717056274e-01
-3.926631063222885132e-02
-7.161827385425567627e-02
2.216489985585212708e-03
-2.536679431796073914e-02
-7.580067962408065796e-02
-6.598849594593048096e-02
-2.577424608170986176e-02
-1.298875063657760620e-01
3.289508447051048279e-02
8.877122402191162109e-02
4.108806699514389038e-02
-3.807767108082771301e-02
-1.813474111258983612e-02
3.447930887341499329e-02
1.754154860973358154e-01
1.153589487075805664e-01
1.430871784687042236e-01
1.149005815386772156e-01
-4.995540902018547058e-02
-8.507703244686126709e-02
-5.136141926050186157e-02
1.483997255563735962e-01
7.951971143484115601e-03
-3.547024726867675781e-02
5.053545534610748291e-02
1.572494208812713623e-01
-6.561468541622161865e-02
-5.233095958828926086e-02
2.888146601617336273e-02
9.595671296119689941e-02
1.731271147727966309e-01
2.563010714948177338e-02
-6.714648753404617310e-02
-5.858139693737030029e-02
6.871567666530609131e-02
1.702177221886813641e-03
3.350753337144851685e-03
-3.203209117054939270e-02
1.175883114337921143e-01
-1.413505673408508301e-01
1.203701943159103394e-01
-2.607567608356475830e-01
-5.887770652770996094e-02
-1.039884164929389954e-01
1.031912714242935181e-01
-1.441523339599370956e-02
5.146974325180053711e-02
2.843451872467994690e-02
1.076413691043853760e-01
1.104241758584976196e-01
-1.952112168073654175e-01
2.623294852674007416e-02
-7.522024959325790405e-02
-1.249531209468841553e-01
9.426468983292579651e-03
-1.168184056878089905e-01
-2.767984382808208466e-02
7.393508404493331909e-02
1.028181463479995728e-01
1.766907982528209686e-02
-3.599701821804046631e-02
7.660890370607376099e-02
-5.590054765343666077e-02
9.893742948770523071e-02
-3.567473962903022766e-02
6.822910904884338379e-02
-5.994874238967895508e-02
-7.823746651411056519e-02
-1.495744735002517700e-01
-9.836118668317794800e-02
-1.982283312827348709e-03
-8.299595862627029419e-02
5.035936832427978516e-02
-8.243366330862045288e-02
-1.502171754837036133e-01
-3.413412719964981079e-02
-9.805033355951309204e-02
-8.027575165033340454e-02
-1.020685955882072449e-01
-3.764740005135536194e-02
5.106677114963531494e-02
1.023966968059539795e-01
7.054118812084197998e-02
-4.135254025459289551e-02
-1.315653473138809204e-01
7.159656379371881485e-03
-1.368547827005386353e-01
-1.135952472686767578e-01
