-9.069987386465072632e-02
9.647111408412456512e-03
1.725365221500396729e-02
4.527822509407997131e-02
-7.977733761072158813e-02
1.689753308892250061e-02
-2.034914493560791016e-02
-1.596508771181106567e-01
-1.196504160761833191e-01
2.341106720268726349e-02
-3.319957479834556580e-02
-2.518776059150695801e-02
1.549923419952392578e-02
-1.028556004166603088e-01
-1.858046464622020721e-02
-5.635386332869529724e-02
9.659430384635925293e-02
5.271402746438980103e-02
-4.860072582960128784e-02
-2.458551898598670959e-02
-8.758093416690826416e-02
1.641695499420166016e-01
-5.607695877552032471e-02
-5.345062538981437683e-02
2.579547464847564697e-02
8.401604741811752319e-02
-8.158399164676666260e-02
5.385276675224304199e-02
8.449251949787139893e-02
-1.300278007984161377e-01
3.983728215098381042e-02
-1.979241892695426941e-02
1.061677932739257812e-01
-2.263236977159976959e-02
-9.997567534446716309e-02
5.528735741972923279e-02
-1.603661477565765381e-01
-3.833761066198348999e-02
-1.439675837755203247e-01
2.594254016876220703e-01
-9.868980199098587036e-02
-6.008478626608848572e-02
-9.845425374805927277e-03
4.985924065113067627e-02
-1.003799680620431900e-02
6.083717942237854004e-02
1.039709672331809998e-01
3.111972846090793610e-02
1.060298830270767212e-01
1.327045559883117676e-01
1.000601351261138916e-01
-3.220172598958015442e-02
-7.390367239713668823e-02
4.015735816210508347e-03
5.769704654812812805e-02
6.414483487606048584e-02
-1.859154179692268372e-02
-1.200748980045318604e-02
1.686125621199607849e-02
-4.843033384531736374e-03
-2.563226222991943359e-02
8.018258959054946899e-02
-1.678808219730854034e-02
-1.790348812937736511e-02
-5.911848973482847214e-03
6.649883836507797241e-02
-1.493646651506423950e-01
5.530776083469390869e-02
8.873793482780456543e-02
9.103289991617202759e-02
4.508426785469055176e-02
7.320713996887207031e-02
-7.424639910459518433e-02
3.259554132819175720e-02
1.300360560417175293e-01
-1.040416657924652100e-01
5.313407629728317261e-02
8.715454488992691040e-02
-3.360063210129737854e-02
-1.927821040153503418e-01
2.700886428356170654e-01
-1.430767625570297241e-01
-9.153493493795394897e-02
-1.118337512016296387e-01
1.889087557792663574e-01
6.379313021898269653e-02
-5.137682333588600159e-02
-2.209356287494301796e-03
1.524362564086914062e-01
4.101831838488578796e-02
-1.546523123979568481e-01
1.396567970514297485e-01
-7.693137973546981812e-02
-9.517946094274520874e-02
-1.516523212194442749e-01
-9.017965197563171387e-02
-6.034355983138084412e-02
-3.821819648146629333e-02
1.445237249135971069e-01
-7.059757411479949951e-02
7.074309885501861572e-02
-8.043843507766723633e-02
6.995330099016427994e-03
1.592050641775131226e-01
-1.567626185715198517e-02
-1.317519508302211761e-02
-3.429309930652379990e-03
-1.321938633918762207e-01
-1.269724518060684204e-01
-1.260453909635543823e-01
-6.111891567707061768e-02
-2.199662290513515472e-02
9.605886042118072510e-02
7.547096908092498779e-02
-6.013175938278436661e-03
-6.495250761508941650e-02
-1.385146379470825195e-02
1.334143243730068207e-02
2.678931504487991333e-02
-7.927302271127700806e-02
9.529192000627517700e-03
-2.614272758364677429e-02
3.262723982334136963e-02
7.971899211406707764e-02
-1.170750856399536133e-01
8.858547359704971313e-02
-8.555123209953308105e-02
2.846928685903549194e-02
