-4.501341655850410461e-02
-3.948524594306945801e-02
-4.114208370447158813e-02
1.630332767963409424e-01
-6.472202390432357788e-02
4.133522883057594299e-02
-8.449321240186691284e-02
-7.701963931322097778e-02
-1.988128423690795898e-01
-5.115805566310882568e-02
-4.691056162118911743e-02
-1.476485580205917358e-01
-1.850172691047191620e-02
-2.556903287768363953e-02
-2.956368215382099152e-02
2.660713903605937958e-02
3.172202408313751221e-02
-1.124633476138114929e-01
-6.797985173761844635e-03
2.076123841106891632e-02
4.763744026422500610e-02
1.863767951726913452e-01
2.997378259897232056e-02
-1.699675060808658600e-02
-1.767519414424896240e-01
1.365695893764495850e-01
4.785296320915222168e-02
-5.758750066161155701e-02
3.572124522179365158e-03
4.018748924136161804e-02
1.977568715810775757e-01
3.146653762087225914e-03
-6.262017041444778442e-02
-4.992170631885528564e-02
-9.965035319328308105e-02
1.317722052335739136e-01
-1.042949259281158447e-01
6.464796513319015503e-02
-1.472063958644866943e-01
1.113824397325515747e-01
-1.019182354211807251e-01
9.282483160495758057e-02
-7.512725144624710083e-02
1.143589019775390625e-01
-5.035978928208351135e-02
-7.793472707271575928e-02
-1.342831086367368698e-02
-2.130948565900325775e-02
2.228564955294132233e-02
1.115218997001647949e-01
1.896966397762298584e-01
1.234735827893018723e-02
-4.912108182907104492e-02
2.606918290257453918e-02
8.868104219436645508e-02
5.404442921280860901e-02
4.838675633072853088e-02
9.218071587383747101e-03
-4.890428483486175537e-02
1.798394951038062572e-03
-8.716188371181488037e-02
1.201479583978652954e-01
-9.035332500934600830e-02
7.331520318984985352e-03
-9.958108514547348022e-02
-1.655532233417034149e-02
-3.360746800899505615e-02
6.795366853475570679e-02
1.443331390619277954e-01
1.780658401548862457e-02
1.240843534469604492e-01
6.073750928044319153e-02
-6.737905740737915039e-02
8.996900916099548340e-02
-2.994479611515998840e-03
-1.185449138283729553e-01
-2.347666956484317780e-02
-1.326154470443725586e-01
4.774816334247589111e-02
-2.599445916712284088e-02
3.704106062650680542e-02
-2.081421315670013428e-01
-1.032901927828788757e-01
-4.783502221107482910e-02
4.241357557475566864e-03
1.321108937263488770e-01
5.592064186930656433e-02
-8.626468479633331299e-03
5.539525300264358521e-03
2.186399139463901520e-02
-9.764023125171661377e-02
5.147620569914579391e-03
-3.397556766867637634e-02
-1.786195039749145508e-01
-2.666745334863662720e-02
-1.127308830618858337e-01
1.184576228260993958e-01
-3.268367424607276917e-02
7.700942456722259521e-02
7.180471718311309814e-02
-3.361478447914123535e-02
8.597928285598754883e-02
-9.370117634534835815e-02
2.256211936473846436e-01
4.138162732124328613e-02
-5.644907429814338684e-02
2.939764875918626785e-03
1.292630098760128021e-02
-2.470960170030593872e-01
-2.700643986463546753e-02
-1.227174606174230576e-02
4.017916694283485413e-02
1.533102691173553467e-01
-5.471809580922126770e-02
5.587364081293344498e-03
4.168892651796340942e-02
-1.714411228895187378e-01
8.050385862588882446e-02
8.055478334426879883e-02
1.069383695721626282e-02
5.878024175763130188e-02
1.121929585933685303e-01
-8.892147801816463470e-03
9.421044588088989258e-02
-5.892915651202201843e-02
5.210175365209579468e-02
-5.428140517324209213e-03
-1.548997405916452408e-02
