-1.158497631549835205e-01
-4.465396050363779068e-03
-5.132840573787689209e-02
9.107674658298492432e-02
-9.687533229589462280e-02
-8.032679557800292969e-02
1.233358494937419891e-02
-1.221176683902740479e-01
-1.923711895942687988e-01
-1.406248360872268677e-01
-6.320659071207046509e-02
1.809933688491582870e-03
-8.097356185317039490e-03
-1.562102884054183960e-01
3.241383656859397888e-02
3.605328127741813660e-02
1.602070219814777374e-02
-2.069731615483760834e-02
7.192765921354293823e-02
-1.575003266334533691e-01
-4.378473386168479919e-02
1.532392799854278564e-01
3.526254370808601379e-02
-5.191247910261154175e-02
-1.161664575338363647e-01
1.710239052772521973e-01
-4.797983448952436447e-03
-1.502053067088127136e-02
-9.713803976774215698e-02
4.786431789398193359e-02
1.252679079771041870e-01
2.784808352589607239e-02
1.346575915813446045e-01
-1.131282001733779907e-01
-6.730253249406814575e-02
4.758307710289955139e-02
-2.294009923934936523e-02
-6.551498919725418091e-02
-3.331578569486737251e-03
8.497654646635055542e-02
-1.438188105821609497e-01
5.214472487568855286e-02
-9.638316184282302856e-02
1.531439870595932007e-01
1.111651677638292313e-02
4.913114011287689209e-02
1.608464680612087250e-02
3.847357630729675293e-02
1.179969236254692078e-01
7.707267254590988159e-02
2.735665142536163330e-01
1.519822143018245697e-02
-5.284614115953445435e-02
-6.734582781791687012e-02
-5.496848374605178833e-02
1.727152965031564236e-03
-2.378924004733562469e-02
-1.788264140486717224e-02
1.351441890001296997e-01
4.959607496857643127e-02
8.248013257980346680e-02
3.455363586544990540e-02
-7.885316759347915649e-02
-1.253613550215959549e-02
-8.605949115008115768e-04
3.329828381538391113e-02
3.696376085281372070e-02
4.094462841749191284e-02
1.832651644945144653e-01
2.853306010365486145e-02
1.206643134355545044e-01
3.824309259653091431e-02
-6.641894578933715820e-02
1.078828796744346619e-01
1.677008867263793945e-01
-1.429862827062606812e-01
-2.660245075821876526e-02
-9.733052551746368408e-02
-7.059574872255325317e-02
-9.235186874866485596e-02
1.696441918611526489e-01
-1.087508723139762878e-01
-1.757940649986267090e-01
-1.651055216789245605e-01
4.979137331247329712e-02
1.218844726681709290e-01
-1.505374610424041748e-01
1.550633553415536880e-02
9.572475403547286987e-02
-2.585809491574764252e-02
-7.681619375944137573e-02
1.482414305210113525e-01
-5.709602031856775284e-03
-6.695809960365295410e-02
-4.236811399459838867e-02
-2.374952286481857300e-02
9.052234143018722534e-02
-3.083430789411067963e-02
1.127682905644178391e-02
-3.646812215447425842e-02
3.493859246373176575e-02
-1.196300461888313293e-01
4.908086359500885010e-02
1.357052922248840332e-01
-9.787516668438911438e-03
-5.450530909001827240e-03
-2.771932072937488556e-02
-4.311752691864967346e-02
-2.241498231887817383e-01
3.697353973984718323e-02
5.594358220696449280e-02
1.610917225480079651e-02
9.906327724456787109e-02
1.662609726190567017e-02
2.116343006491661072e-02
-3.866489231586456299e-02
-2.971783466637134552e-02
3.910414502024650574e-02
1.903331093490123749e-02
4.428257793188095093e-02
3.712354600429534912e-02
-6.874835491180419922e-02
1.007368694990873337e-02
-2.657763473689556122e-02
-1.041798666119575500e-01
-3.014319017529487610e-02
1.988931372761726379e-02
8.630708605051040649e-02
