-1.021884083747863770e-01
-1.423050928860902786e-02
-1.672082543373107910e-01
5.407469347119331360e-02
-8.557862788438796997e-02
-5.053048580884933472e-02
-7.010398898273706436e-03
-2.741733938455581665e-02
-1.373700350522994995e-01
2.306073531508445740e-02
-9.182944893836975098e-02
4.240297153592109680e-02
-8.240953087806701660e-02
-1.192140355706214905e-01
5.667413398623466492e-02
3.126037493348121643e-02
2.530146390199661255e-02
-4.459157213568687439e-02
1.361031234264373779e-01
-9.365504235029220581e-02
-4.494598880410194397e-02
1.390664875507354736e-01
-6.982571631669998169e-02
-4.108874127268791199e-02
-4.721014946699142456e-02
2.310025095939636230e-01
8.658636361360549927e-02
-6.879923492670059204e-02
-9.739697724580764771e-02
4.087073355913162231e-02
1.995781213045120239e-01
8.224962651729583740e-02
8.747984468936920166e-02
-1.473049819469451904e-01
-9.299551695585250854e-02
-6.091104075312614441e-02
3.741769492626190186e-02
4.450302943587303162e-02
4.642568901181221008e-02
-1.385861542075872421e-02
-1.150276958942413330e-01
-1.027142405509948730e-01
1.113674137741327286e-02
1.163158342242240906e-01
-5.695828422904014587e-02
9.015402942895889282e-02
-6.364766508340835571e-03
5.067219212651252747e-02
6.071893498301506042e-02
-3.732234239578247070e-02
1.421825587749481201e-01
9.308516979217529297e-02
7.039688527584075928e-02
-1.632014364004135132e-01
-1.979820057749748230e-02
1.034225220791995525e-03
-1.022720336914062500e-02
4.875190183520317078e-02
1.553168743848800659e-01
7.414815574884414673e-02
7.149516791105270386e-02
8.105398714542388916e-02
-6.798257678747177124e-02
-2.131136693060398102e-02
-8.124906569719314575e-02
-4.844222590327262878e-02
1.162977963685989380e-01
5.342077091336250305e-02
1.107505857944488525e-01
-6.940831895917654037e-03
5.115194991230964661e-02
-1.004571840167045593e-01
-4.067941009998321533e-02
4.555422812700271606e-02
2.107885330915451050e-01
-2.170558124780654907e-01
-1.224215701222419739e-01
-1.102113500237464905e-01
-1.193919107317924500e-01
-5.010024830698966980e-02
1.388146132230758667e-01
-1.851779036223888397e-02
-1.149539873003959656e-01
-1.130530089139938354e-01
-2.334898337721824646e-02
6.786871701478958130e-02
-1.180403456091880798e-01
-4.891623184084892273e-02
4.622400179505348206e-02
-8.103419095277786255e-04
2.397468872368335724e-02
8.545903116464614868e-02
-4.545560851693153381e-02
-8.291318267583847046e-02
-6.294354051351547241e-02
-1.161389499902725220e-01
8.951727300882339478e-02
4.147924110293388367e-02
-2.653775364160537720e-02
-3.907134756445884705e-03
1.314736604690551758e-01
2.386874705553054810e-02
5.100227892398834229e-03
1.145759224891662598e-01
7.625241577625274658e-02
1.229949295520782471e-01
-6.028874218463897705e-02
2.523789927363395691e-02
-1.507103145122528076e-01
-2.806241437792778015e-02
1.151633784174919128e-01
1.506724301725625992e-02
1.388626098632812500e-01
-6.167190521955490112e-02
-1.192193180322647095e-01
2.442457526922225952e-02
-1.059842705726623535e-01
-5.876990780234336853e-02
3.234144998714327812e-03
8.867595344781875610e-02
9.981553070247173309e-03
-2.549312449991703033e-02
-8.646054565906524658e-02
1.167240366339683533e-02
-1.102149710059165955e-01
-6.706116348505020142e-02
-2.015637792646884918e-02
1.155046597123146057e-01
