-7.329618185758590698e-02
-1.298880577087402344e-01
-4.583423957228660583e-02
9.454876929521560669e-02
3.730553016066551208e-02
8.793328702449798584e-02
5.124181509017944336e-02
-8.013120293617248535e-02
-1.462015956640243530e-01
6.203607097268104553e-02
5.569595098495483398e-02
-9.376189112663269043e-02
-6.118425726890563965e-02
9.915383532643318176e-03
1.084459573030471802e-01
-3.094401769340038300e-02
-8.165997266769409180e-02
2.660394459962844849e-02
4.899183660745620728e-02
-9.544964879751205444e-02
-2.002334892749786377e-01
1.070641279220581055e-01
4.037043452262878418e-02
-3.079160116612911224e-03
-4.871385172009468079e-02
-3.292413055896759033e-02
-3.257015254348516464e-03
2.915903553366661072e-02
-1.915741339325904846e-02
3.539521619677543640e-02
1.962978839874267578e-01
-8.326535113155841827e-03
5.811017379164695740e-02
1.278294716030359268e-02
-4.354166239500045776e-02
1.375819444656372070e-01
-1.467737257480621338e-01
1.345203369855880737e-01
-8.373358845710754395e-02
1.317871659994125366e-01
-3.793638572096824646e-02
-8.498783409595489502e-02
-2.715946547687053680e-02
1.440503746271133423e-01
-4.664226993918418884e-02
2.727061044424772263e-03
-6.985648721456527710e-02
-7.276093214750289917e-02
1.823306679725646973e-01
6.610839813947677612e-02
3.829555585980415344e-02
-2.727199532091617584e-02
-6.525080651044845581e-02
-2.561880461871623993e-02
1.484090089797973633e-01
6.115670874714851379e-02
5.192253738641738892e-02
1.361588090658187866e-01
2.083112299442291260e-02
6.454902142286300659e-02
-1.020209044218063354e-01
1.797535568475723267e-01
7.255163043737411499e-02
7.755371928215026855e-02
2.307656221091747284e-02
1.442416161298751831e-01
-5.192917957901954651e-02
-3.360301628708839417e-02
1.390503197908401489e-01
1.123181656002998352e-01
8.512828499078750610e-02
1.041839122772216797e-01
-4.088102281093597412e-02
3.786525130271911621e-02
4.157314077019691467e-02
-2.828940190374851227e-02
5.603670701384544373e-02
5.171273276209831238e-02
3.597412491217255592e-03
-8.585006743669509888e-02
2.033818513154983521e-01
-1.151736527681350708e-01
-8.146543055772781372e-02
-2.350643835961818695e-02
1.087201163172721863e-01
4.735101014375686646e-03
-6.765230745077133179e-02
-1.639902777969837189e-02
1.291252374649047852e-01
3.835642337799072266e-02
-1.702590733766555786e-01
7.499969750642776489e-02
-1.111933887004852295e-01
-1.502302139997482300e-01
-1.106373891234397888e-01
-1.069459021091461182e-01
5.374715104699134827e-02
1.155706346035003662e-01
4.593766853213310242e-02
-5.632754415273666382e-02
-1.716306619346141815e-02
4.636673629283905029e-02
-5.827382579445838928e-02
8.107668161392211914e-02
7.190976291894912720e-02
2.576843369752168655e-03
1.255223620682954788e-02
-8.039578050374984741e-02
-1.317331939935684204e-01
-1.397361904382705688e-01
2.700971905142068863e-03
-9.829253703355789185e-02
1.348142279312014580e-03
3.626550361514091492e-02
-1.158741712570190430e-01
-6.256821751594543457e-02
-1.212586686015129089e-01
-1.190691739320755005e-01
-7.567897439002990723e-02
-6.924629956483840942e-02
3.990156576037406921e-02
1.005336493253707886e-01
1.102403104305267334e-01
5.188516527414321899e-02
2.386436052620410919e-02
1.326032280921936035e-01
-1.276775747537612915e-01
-4.179321601986885071e-02
