-1.521313842386007309e-02
-8.274994045495986938e-02
-8.413579314947128296e-02
1.302203088998794556e-01
3.959175571799278259e-02
1.892750263214111328e-01
-1.027731504291296005e-02
-1.160338297486305237e-01
-6.975847482681274414e-02
3.618922084569931030e-02
9.267730265855789185e-02
-1.199152842164039612e-01
-7.180166244506835938e-02
7.310979813337326050e-02
-8.339338935911655426e-03
-3.287429362535476685e-02
-6.680338829755783081e-02
3.724925592541694641e-02
7.016313076019287109e-02
-6.612857431173324585e-02
5.522088613361120224e-03
1.819009482860565186e-01
1.924794167280197144e-01
-1.448488384485244751e-01
-7.330662757158279419e-02
2.269948087632656097e-02
6.599190086126327515e-02
-3.957151994109153748e-02
2.899962104856967926e-02
1.293381154537200928e-01
3.071305714547634125e-02
5.318932235240936279e-02
-1.170639786869287491e-02
1.839598827064037323e-02
-8.048854023218154907e-02
1.300186570733785629e-02
-7.846966385841369629e-02
-8.188779465854167938e-03
-1.367728710174560547e-01
9.316226094961166382e-02
-3.754874318838119507e-02
-8.565197139978408813e-02
4.906428232789039612e-02
2.680157683789730072e-02
-1.986468024551868439e-02
-1.588616818189620972e-01
-3.422823548316955566e-02
-1.031163409352302551e-01
-2.261839248239994049e-02
-6.189254671335220337e-02
7.574105262756347656e-02
-8.183538913726806641e-02
3.911807388067245483e-02
8.428578078746795654e-02
1.192298308014869690e-01
1.249371990561485291e-01
1.596295684576034546e-01
1.083709821105003357e-01
2.597680315375328064e-02
-1.996781444177031517e-03
-3.579881414771080017e-02
1.679677814245223999e-01
3.113576024770736694e-02
-6.452613323926925659e-02
3.978039696812629700e-02
1.182039007544517517e-01
1.892290823161602020e-02
4.412106424570083618e-02
1.384094506502151489e-01
7.796075195074081421e-02
1.872478723526000977e-01
7.459577172994613647e-02
-9.605287760496139526e-02
5.640650913119316101e-02
1.461134944111108780e-02
3.292152658104896545e-02
4.241349548101425171e-02
-9.267555922269821167e-02
9.363089501857757568e-02
-2.128200531005859375e-01
5.273969843983650208e-02
-2.079983949661254883e-01
-3.866778686642646790e-02
-5.970434099435806274e-02
2.730887569487094879e-02
-1.151646077632904053e-01
-4.211688041687011719e-02
-2.263549901545047760e-02
4.669753462076187134e-02
5.070925503969192505e-02
-1.970617920160293579e-01
4.087898880243301392e-02
-9.667238593101501465e-02
-1.350952088832855225e-01
-2.344674244523048401e-02
-2.084895074367523193e-01
-4.728423897176980972e-03
9.103406220674514771e-02
1.338549796491861343e-02
4.994324594736099243e-02
-6.032183766365051270e-02
5.435328464955091476e-03
-9.389775991439819336e-02
1.190378665924072266e-01
2.759564481675624847e-02
2.280804701149463654e-02
-9.850668162107467651e-02
-5.430715903639793396e-02
-1.338073313236236572e-01
-1.466346345841884613e-02
-4.788104072213172913e-02
-8.387661725282669067e-02
7.114706933498382568e-02
-2.094290405511856079e-02
-1.081254929304122925e-01
4.356849566102027893e-02
-1.065432727336883545e-01
-4.745429009199142456e-02
-2.427115291357040405e-02
4.443705454468727112e-02
5.437844619154930115e-02
6.683208048343658447e-02
-3.551028901711106300e-03
2.581720985472202301e-02
-1.241411939263343811e-01
2.341821789741516113e-02
-1.482583880424499512e-01
-1.158015727996826172e-01
