-3.481497615575790405e-02
2.071750722825527191e-02
-3.448294103145599365e-02
1.393654644489288330e-01
-5.921362712979316711e-02
8.296303451061248779e-02
-6.938698142766952515e-02
-1.142778545618057251e-01
-1.030892133712768555e-01
-3.885687515139579773e-02
7.054972648620605469e-02
-2.237407304346561432e-02
-2.014668732881546021e-01
-9.512814879417419434e-02
-1.418167054653167725e-01
-1.926325075328350067e-02
-3.460450097918510437e-02
6.187115982174873352e-02
-1.085283141583204269e-02
-5.158379673957824707e-02
-2.458585612475872040e-02
1.821216493844985962e-01
6.164283305406570435e-02
-7.644791156053543091e-02
-1.707824319601058960e-01
1.321788430213928223e-01
-7.820907235145568848e-02
9.308784268796443939e-03
-9.898969903588294983e-03
-3.498306870460510254e-02
-4.208793863654136658e-03
-2.049929648637771606e-02
8.399455249309539795e-02
4.317056387662887573e-02
-1.171260848641395569e-01
7.184031605720520020e-02
-1.105285882949829102e-01
-1.656201481819152832e-01
-1.651676148176193237e-01
1.808827966451644897e-01
-7.489862293004989624e-02
-1.231535896658897400e-01
-5.730149894952774048e-02
3.644582629203796387e-02
1.419612318277359009e-01
-2.827693149447441101e-02
7.071086019277572632e-02
-7.171227782964706421e-02
1.173519250005483627e-02
9.909926354885101318e-02
2.457531243562698364e-01
7.695884257555007935e-02
-7.560832798480987549e-02
-6.427542306482791901e-03
3.565790876746177673e-02
3.859132528305053711e-02
-2.679099515080451965e-02
3.579309955239295959e-02
-1.070168539881706238e-01
-4.140935093164443970e-02
3.221633657813072205e-02
5.223993211984634399e-04
-3.192883357405662537e-02
-3.386200964450836182e-02
-7.177644968032836914e-02
8.493808656930923462e-02
-7.977364212274551392e-02
1.284643262624740601e-01
2.815666049718856812e-02
4.133784398436546326e-02
1.619542837142944336e-01
1.306416094303131104e-01
-1.237855181097984314e-01
7.652376592159271240e-02
6.478147953748703003e-02
-3.581068292260169983e-02
-1.565924962051212788e-03
-1.365446671843528748e-02
7.797354366630315781e-03
-2.130131572484970093e-01
1.870238780975341797e-01
-2.058927118778228760e-01
-5.164498090744018555e-02
-1.934524774551391602e-01
1.009187772870063782e-01
1.118255779147148132e-02
9.060183167457580566e-02
1.255484204739332199e-02
2.040344662964344025e-02
5.661057680845260620e-02
-1.171853989362716675e-01
1.069413870573043823e-01
1.325658289715647697e-03
-6.419415026903152466e-02
-1.882745698094367981e-02
-6.364703178405761719e-02
1.224768534302711487e-02
5.793336033821105957e-02
6.105431169271469116e-02
-5.269370973110198975e-02
-4.494659975171089172e-02
-1.037950217723846436e-01
-5.826137587428092957e-02
1.543444395065307617e-01
-6.005564704537391663e-02
-3.876686096191406250e-02
-6.346295773983001709e-02
-2.863123454153537750e-02
-9.113159775733947754e-02
1.992085762321949005e-02
-5.441955104470252991e-02
4.917735606431961060e-02
3.731756284832954407e-02
1.448448654264211655e-02
-1.278658807277679443e-01
-3.518849238753318787e-02
-4.804479330778121948e-02
1.319106295704841614e-02
2.535818703472614288e-02
-6.992433965206146240e-02
1.037068106234073639e-02
-1.610568352043628693e-02
-5.739522725343704224e-02
6.751422770321369171e-03
-1.899748295545578003e-01
1.791875925846397877e-03
-2.681117691099643707e-02
-1.677881740033626556e-02
