-5.786787252873182297e-03
-1.113845780491828918e-01
-2.167893759906291962e-02
4.068959504365921021e-02
-7.608532905578613281e-02
4.652171954512596130e-02
-1.747988164424896240e-01
-1.719542592763900757e-02
-1.317278295755386353e-01
6.443195790052413940e-02
8.411438018083572388e-02
-3.335113450884819031e-02
-6.572729349136352539e-02
-9.098223596811294556e-02
1.119750514626502991e-01
1.185456961393356323e-01
-1.734901964664459229e-02
-8.273222297430038452e-02
1.387772522866725922e-02
-9.689268469810485840e-02
-2.035530209541320801e-01
1.211092323064804077e-01
2.458705753087997437e-02
8.477157913148403168e-03
-1.358889937400817871e-01
1.609166562557220459e-01
4.433987289667129517e-02
-6.703507900238037109e-02
5.306300893425941467e-02
-1.641889810562133789e-01
5.617100372910499573e-02
-9.895326197147369385e-02
2.923092618584632874e-02
-3.668892756104469299e-02
8.380910009145736694e-02
-3.064008895307779312e-03
-1.554778404533863068e-02
2.841666107997298241e-03
-1.971719553694128990e-03
1.526674777269363403e-01
-1.097224727272987366e-01
-9.058366715908050537e-02
-9.903445839881896973e-02
1.714455038309097290e-01
-1.479449495673179626e-02
-1.066367700695991516e-01
6.799828261137008667e-02
-1.197415590286254883e-02
7.466945797204971313e-02
-1.127660274505615234e-02
1.674417853355407715e-01
-6.266847252845764160e-02
-7.556212134659290314e-03
4.709240794181823730e-02
1.410371214151382446e-01
2.569488435983657837e-02
5.508657172322273254e-02
1.000472083687782288e-01
1.902766339480876923e-02
3.660103678703308105e-02
5.895223841071128845e-02
6.346559524536132812e-02
-4.247743263840675354e-02
4.206428676843643188e-02
-5.707462877035140991e-02
1.728956960141658783e-02
1.134985359385609627e-03
-6.814631074666976929e-02
6.519232690334320068e-02
-4.936964064836502075e-02
-1.004135422408580780e-02
-1.368800457566976547e-02
-8.679430186748504639e-02
2.168833045288920403e-03
1.749895513057708740e-01
-1.035711020231246948e-01
6.312917917966842651e-02
4.343038052320480347e-02
-6.680895388126373291e-02
-4.165499657392501831e-02
1.363164186477661133e-01
-1.436391919851303101e-01
5.155299976468086243e-02
6.171479821205139160e-03
9.948392957448959351e-02
5.075401812791824341e-02
-1.062734127044677734e-01
4.721219837665557861e-02
9.802551567554473877e-02
-3.579772636294364929e-02
-5.945147573947906494e-02
1.058333888649940491e-01
-4.164985939860343933e-02
-1.275586485862731934e-01
-1.073286980390548706e-01
-1.483719795942306519e-01
1.127085015177726746e-01
-4.244818538427352905e-02
2.686697617173194885e-02
6.622131913900375366e-03
1.886980980634689331e-02
-4.460348933935165405e-02
5.122435092926025391e-02
8.868841826915740967e-02
1.477727890014648438e-01
1.026574447751045227e-01
-8.509077131748199463e-03
-4.297058098018169403e-03
-1.368607729673385620e-01
2.555157244205474854e-02
5.495477095246315002e-02
5.341234058141708374e-02
1.497970819473266602e-01
8.462893962860107422e-02
-9.217053651809692383e-02
-5.714421719312667847e-02
-1.687139123678207397e-01
-7.647716253995895386e-02
9.600210934877395630e-02
1.395824402570724487e-01
1.405778825283050537e-01
-1.010126546025276184e-01
-1.070771440863609314e-01
9.288794547319412231e-02
-8.301344513893127441e-02
1.628350615501403809e-01
-1.402183920145034790e-01
-3.543765097856521606e-02
