-9.901911020278930664e-02
-1.431033909320831299e-01
-8.255178481340408325e-02
6.846236437559127808e-02
7.003778964281082153e-02
8.322796225547790527e-02
3.823167353402823210e-04
-4.978065937757492065e-02
-1.252202689647674561e-02
3.339283540844917297e-02
-6.536109372973442078e-03
-1.046849265694618225e-01
-1.767106652259826660e-01
-2.147400565445423126e-02
9.821849316358566284e-02
-2.513424493372440338e-02
-1.124016642570495605e-01
2.769208326935768127e-02
6.426721066236495972e-02
8.509178459644317627e-02
-1.086056679487228394e-01
1.237439289689064026e-01
-2.018675580620765686e-02
-7.883241772651672363e-02
-1.256342045962810516e-02
1.157296821475028992e-01
1.323162615299224854e-01
-1.401098072528839111e-01
8.026797324419021606e-02
5.629829689860343933e-02
1.481433957815170288e-01
1.119486242532730103e-01
-1.151636522263288498e-02
-1.150943711400032043e-01
-8.257653564214706421e-02
-5.595940351486206055e-02
-5.172642692923545837e-02
9.910824149847030640e-02
-5.020621046423912048e-02
-1.458420045673847198e-02
-9.488494694232940674e-02
-9.453209489583969116e-02
-1.104268711060285568e-03
1.173963397741317749e-01
-5.281003192067146301e-02
-6.483467668294906616e-02
-6.843292713165283203e-02
1.817215792834758759e-02
2.648572064936161041e-02
-5.437295883893966675e-02
7.645092904567718506e-02
-5.200575571507215500e-03
-2.209972776472568512e-02
1.035163179039955139e-02
2.013170719146728516e-02
-2.065097913146018982e-02
1.425583958625793457e-01
1.627272814512252808e-01
1.250763684511184692e-01
1.054668426513671875e-01
-1.036307290196418762e-01
1.459628641605377197e-01
-1.103755831718444824e-01
2.605715394020080566e-02
5.595701932907104492e-02
2.386958710849285126e-02
5.518213380128145218e-03
-6.250261794775724411e-03
2.053950726985931396e-01
5.982084944844245911e-02
1.663688570261001587e-01
1.607474312186241150e-02
-5.540347844362258911e-02
8.584818243980407715e-02
7.679434865713119507e-02
-9.707609564065933228e-02
-4.662660416215658188e-03
-3.213977813720703125e-02
-2.200166881084442139e-02
-1.337816268205642700e-01
1.421822309494018555e-01
-9.741097688674926758e-02
-8.652977645397186279e-02
-5.736470967531204224e-02
-6.276034563779830933e-02
3.314001113176345825e-02
-1.200531721115112305e-01
-1.698392629623413086e-01
8.872243575751781464e-03
1.068380400538444519e-01
-2.338843792676925659e-02
1.149535030126571655e-01
-1.878074556589126587e-01
-5.110385268926620483e-02
-8.736059069633483887e-02
-1.058041751384735107e-01
-4.843438044190406799e-02
1.825797110795974731e-01
-5.897183343768119812e-02
6.218149140477180481e-02
5.773466825485229492e-02
4.563512653112411499e-02
-1.493725925683975220e-01
-1.823460683226585388e-02
7.495440542697906494e-02
5.016430094838142395e-02
-1.170679926872253418e-01
-4.281450808048248291e-02
-1.376952379941940308e-01
1.032255813479423523e-01
3.482755646109580994e-02
-5.686353147029876709e-02
-1.572553440928459167e-02
-1.866231299936771393e-02
-5.572349205613136292e-02
1.691584126092493534e-03
-1.452244259417057037e-02
-9.649949520826339722e-02
-6.347090750932693481e-02
1.387327462434768677e-01
-5.080975219607353210e-02
1.111838072538375854e-01
-1.683478057384490967e-01
2.945577912032604218e-02
-8.435498923063278198e-02
-3.041606023907661438e-02
1.957746222615242004e-02
-1.155327409505844116e-01
