-1.560265421867370605e-01
-1.118589788675308228e-01
-1.545302420854568481e-01
3.162761405110359192e-02
1.446942687034606934e-01
2.322113513946533203e-02
-8.822296559810638428e-02
-5.853321030735969543e-02
-1.309685222804546356e-02
2.689954824745655060e-02
-2.423252165317535400e-02
-7.391814887523651123e-02
-1.573443859815597534e-01
-1.067055687308311462e-01
-2.074334211647510529e-02
1.669868268072605133e-02
-1.157018169760704041e-01
-8.113040030002593994e-02
1.111900582909584045e-01
1.883890293538570404e-02
-1.163121685385704041e-01
1.012239605188369751e-01
-8.957806974649429321e-02
-1.350446511059999466e-02
-1.215425357222557068e-01
9.379784762859344482e-02
9.287403523921966553e-02
-1.626871675252914429e-01
-1.047251224517822266e-01
7.888365653343498707e-04
1.049047783017158508e-01
7.879316061735153198e-02
2.637826092541217804e-02
-4.372491687536239624e-02
-6.916989572346210480e-03
2.953250193968415260e-03
-3.909064456820487976e-02
7.712764292955398560e-02
-1.450536549091339111e-01
1.695337705314159393e-02
-1.184977367520332336e-01
-1.116165146231651306e-02
-1.892906613647937775e-03
1.138425618410110474e-01
-1.350786387920379639e-01
9.261718392372131348e-02
-1.051161512732505798e-01
-7.041868567466735840e-02
-8.653029799461364746e-02
-3.104595839977264404e-02
8.867371082305908203e-02
3.033661283552646637e-02
-4.449211806058883667e-02
2.964564040303230286e-02
-1.607891544699668884e-02
1.171355471014976501e-01
8.839617669582366943e-02
1.373242586851119995e-01
8.027095347642898560e-02
-1.214991603046655655e-02
-8.828549087047576904e-02
1.558770984411239624e-01
-1.671512275934219360e-01
-3.447247669100761414e-02
7.931521534919738770e-02
1.023578643798828125e-01
2.536013908684253693e-02
5.612506344914436340e-02
1.573764383792877197e-01
5.357623472809791565e-02
1.000988334417343140e-01
5.231457576155662537e-02
-9.945204854011535645e-02
6.661690026521682739e-02
1.658271253108978271e-01
-1.373505741357803345e-01
-4.005507007241249084e-02
-6.647346913814544678e-02
4.104525316506624222e-03
-9.324611164629459381e-03
8.532427996397018433e-02
-1.151128038763999939e-01
-9.517801553010940552e-02
-8.896803855895996094e-02
-6.373567506670951843e-03
7.674011588096618652e-02
-2.072229236364364624e-02
-6.807099282741546631e-02
2.076593637466430664e-01
8.671761304140090942e-02
5.158058181405067444e-02
7.169381529092788696e-02
-1.864196546375751495e-02
-7.793479412794113159e-02
4.078949987888336182e-02
1.939129643142223358e-02
6.088814232498407364e-03
7.457568310201168060e-03
9.409637004137039185e-02
1.121163070201873779e-01
6.121304631233215332e-02
3.277303650975227356e-02
-1.378736644983291626e-01
7.707721740007400513e-02
3.809131309390068054e-02
6.590384989976882935e-02
-1.395388543605804443e-01
1.809660345315933228e-02
-2.185962349176406860e-01
7.485136389732360840e-02
4.900776967406272888e-02
1.111121922731399536e-01
6.273598223924636841e-02
-9.063427150249481201e-02
-1.054109632968902588e-01
5.129897966980934143e-02
-7.214234024286270142e-02
-3.146861121058464050e-02
-1.108098179101943970e-01
-7.107926998287439346e-03
-5.645421147346496582e-02
9.566006809473037720e-02
1.159364357590675354e-02
1.531206257641315460e-02
-1.820588856935501099e-01
4.121855646371841431e-02
1.074152416549623013e-03
1.082855649292469025e-02
