1.104991696774959564e-02
-4.824665188789367676e-02
2.338340878486633301e-02
1.774540841579437256e-01
-6.345587223768234253e-02
-8.061381988227367401e-03
6.000724621117115021e-03
-1.221248880028724670e-01
-1.307577490806579590e-01
-1.439925283193588257e-02
-9.248574823141098022e-02
-5.859209224581718445e-02
-7.563042640686035156e-02
-1.583794876933097839e-02
6.939494982361793518e-03
-5.359075032174587250e-03
1.224622502923011780e-01
5.248513445258140564e-02
7.930789142847061157e-02
-1.041445210576057434e-01
5.642112717032432556e-02
-1.120257936418056488e-02
6.004525721073150635e-02
-2.407264895737171173e-02
-8.301319181919097900e-02
-1.485817879438400269e-02
-9.589353948831558228e-02
1.719916053116321564e-02
1.285220384597778320e-01
7.817529141902923584e-02
4.605783149600028992e-02
-1.749926246702671051e-02
1.350843906402587891e-01
-1.181241776794195175e-02
-9.813188016414642334e-02
8.394453674554824829e-02
-1.486193388700485229e-01
-6.325197406113147736e-03
-6.023370847105979919e-02
2.617755532264709473e-01
-5.963681638240814209e-02
-2.263111621141433716e-02
-3.471786901354789734e-02
1.736880978569388390e-03
1.423431187868118286e-02
-1.143010333180427551e-02
6.665262579917907715e-02
6.454496178776025772e-03
1.001441106200218201e-01
6.141224876046180725e-02
9.732574969530105591e-02
-2.372265048325061798e-02
-1.360917389392852783e-01
4.945647716522216797e-02
8.691892772912979126e-02
-4.330888018012046814e-02
6.698343902826309204e-02
-2.920623496174812317e-02
6.966843456029891968e-02
-5.200627446174621582e-02
-1.031037345528602600e-01
9.530963003635406494e-02
2.100194571539759636e-03
1.163867022842168808e-02
1.018778905272483826e-01
7.423789054155349731e-02
-1.004764288663864136e-01
-4.449822381138801575e-02
1.538297384977340698e-01
6.617075949907302856e-02
8.875038474798202515e-02
8.373502641916275024e-02
-6.235193088650703430e-02
2.736447565257549286e-02
8.155640214681625366e-02
-1.350325345993041992e-02
-5.896258354187011719e-02
7.262689620256423950e-02
-2.477828413248062134e-02
-1.386902630329132080e-01
1.976962387561798096e-01
-1.393006891012191772e-01
-1.792786568403244019e-01
-4.859789833426475525e-02
1.136480271816253662e-01
7.021465897560119629e-02
-8.458600193262100220e-02
-3.550515323877334595e-02
9.935328364372253418e-02
-1.375715900212526321e-02
-1.806578040122985840e-01
8.839935809373855591e-02
-6.615434587001800537e-02
-6.495366245508193970e-02
-1.275083720684051514e-01
6.073415279388427734e-03
-7.685976475477218628e-02
-4.152234643697738647e-02
1.257109194993972778e-01
-1.033059731125831604e-01
-4.577802494168281555e-02
1.618146081455051899e-03
1.031357422471046448e-02
1.875740587711334229e-01
7.937141507863998413e-02
-5.800877884030342102e-02
8.575631678104400635e-02
-2.633809745311737061e-01
-1.599677503108978271e-01
-9.222744405269622803e-02
-1.297096312046051025e-01
1.126956543885171413e-03
5.076147988438606262e-02
1.502719223499298096e-01
-3.529897704720497131e-02
-3.887858614325523376e-02
1.276749223470687866e-01
-8.767208084464073181e-03
1.712724682874977589e-03
4.017881117761135101e-03
8.149573951959609985e-02
8.666799962520599365e-02
-6.084410473704338074e-03
-1.852548867464065552e-02
-1.397587209939956665e-01
8.787590265274047852e-02
-6.345845293253660202e-03
9.817783720791339874e-03
