-8.892042189836502075e-02
5.865607038140296936e-02
-9.978873282670974731e-02
9.729345142841339111e-02
-1.712587662041187286e-02
2.202710695564746857e-02
-6.863312423229217529e-02
-7.306098937988281250e-02
-2.571067810058593750e-01
-4.272011294960975647e-02
-6.464067101478576660e-02
-1.775608398020267487e-02
-4.727116599678993225e-02
-2.388395816087722778e-01
8.943550288677215576e-03
7.391757518053054810e-02
-8.946808055043220520e-03
-9.501195698976516724e-02
1.648160256445407867e-02
-7.577072829008102417e-02
-2.798988856375217438e-02
1.017235741019248962e-01
1.666937954723834991e-02
5.461324378848075867e-02
-1.841030567884445190e-01
1.766684949398040771e-01
2.119468525052070618e-02
-1.864165812730789185e-02
-8.084902912378311157e-02
-9.354756772518157959e-02
2.320133596658706665e-01
-6.696636322885751724e-03
3.976475819945335388e-02
-1.024659723043441772e-01
-4.424121975898742676e-02
4.420946817845106125e-03
-3.626612573862075806e-02
3.013690188527107239e-02
-7.618063595145940781e-03
8.441752940416336060e-02
-8.723912388086318970e-02
-7.791670970618724823e-03
-8.163031190633773804e-02
5.994918569922447205e-02
4.096798971295356750e-02
7.395019382238388062e-02
-5.706136673688888550e-02
-9.595205634832382202e-02
1.220594048500061035e-01
1.812765561044216156e-02
2.121082991361618042e-01
-2.977868076413869858e-03
2.877058647572994232e-02
-2.272229082882404327e-02
-4.128852859139442444e-03
8.728878945112228394e-02
-1.630087569355964661e-02
3.261603415012359619e-02
4.099992662668228149e-02
2.838565595448017120e-02
1.419601887464523315e-01
9.016243368387222290e-02
1.414638478308916092e-03
6.754626333713531494e-02
-1.373967677354812622e-01
1.118394825607538223e-02
1.270056515932083130e-01
1.361069828271865845e-01
1.076265238225460052e-02
3.572441404685378075e-03
4.850612580776214600e-02
-2.675805613398551941e-02
-8.253387361764907837e-02
9.114385396242141724e-02
8.587078750133514404e-02
-1.380536854267120361e-01
6.468519568443298340e-02
-2.230498008430004120e-02
-1.213749274611473083e-01
-8.023846894502639771e-02
1.633982658386230469e-01
-9.405315667390823364e-02
-1.579486019909381866e-02
-8.340025693178176880e-02
6.249714642763137817e-02
3.992626070976257324e-02
-3.050407581031322479e-02
4.155013710260391235e-02
1.992277204990386963e-01
6.633204221725463867e-02
-9.777299314737319946e-02
8.190592378377914429e-02
1.129045709967613220e-01
-1.298913359642028809e-01
-2.884574234485626221e-02
-7.697869092226028442e-02
1.133930757641792297e-01
5.187599360942840576e-02
-1.378052216023206711e-02
-4.172633588314056396e-02
4.922004416584968567e-03
-3.640139475464820862e-02
5.040557309985160828e-02
1.642888933420181274e-01
-2.000615932047367096e-02
1.316444128751754761e-01
2.542557194828987122e-02
4.693858698010444641e-02
-1.959099471569061279e-01
9.842430241405963898e-03
9.554393589496612549e-02
-1.017743838019669056e-03
1.373266279697418213e-01
-5.239251255989074707e-02
-9.943666309118270874e-02
-7.992959767580032349e-02
-1.284184008836746216e-01
4.086617752909660339e-02
7.805693149566650391e-02
4.212165251374244690e-02
3.944624215364456177e-02
-5.803750455379486084e-02
-6.680727750062942505e-02
1.047155857086181641e-01
-8.672698587179183960e-02
3.622163832187652588e-02
-8.192840963602066040e-02
3.805433213710784912e-02
