-1.575392484664916992e-01
-3.556764498353004456e-02
-5.684383958578109741e-02
6.931896507740020752e-02
-3.470381349325180054e-02
2.116143889725208282e-02
6.213359534740447998e-02
-1.476933211088180542e-01
1.887689344584941864e-02
6.223460286855697632e-02
-7.011021673679351807e-02
-1.760717332363128662e-01
-3.004181757569313049e-02
-2.431669086217880249e-02
7.710935175418853760e-02
-1.028058305382728577e-01
-5.853321403264999390e-02
2.056669443845748901e-02
5.525856465101242065e-02
7.322344183921813965e-02
-1.111301779747009277e-01
1.590282768011093140e-01
-1.036324724555015564e-01
-1.047628149390220642e-01
1.431979797780513763e-02
5.327748879790306091e-02
2.284732274711132050e-02
-1.297986367717385292e-03
-1.159477327018976212e-02
1.016457006335258484e-01
1.986004859209060669e-01
1.354614496231079102e-01
3.257506713271141052e-02
-8.423244208097457886e-02
-4.976255074143409729e-02
4.391415789723396301e-02
-1.675243228673934937e-01
1.242840886116027832e-01
-9.124078601598739624e-02
5.212119966745376587e-02
-1.269308924674987793e-01
-1.800760924816131592e-01
3.069123066961765289e-02
5.773468315601348877e-02
-3.781571984291076660e-02
4.360725358128547668e-02
-4.685576632618904114e-02
-1.264332700520753860e-02
9.759480506181716919e-02
-6.255766749382019043e-02
5.167348310351371765e-02
-6.646948307752609253e-02
1.225173007696866989e-03
-4.535071551799774170e-02
-4.797028750181198120e-02
8.207000046968460083e-02
1.115800663828849792e-01
6.757763773202896118e-02
9.387324005365371704e-02
6.596623919904232025e-03
-9.058798104524612427e-02
1.607836186885833740e-01
-1.224490404129028320e-01
5.608125403523445129e-02
4.539049044251441956e-02
5.633179843425750732e-02
-6.899705529212951660e-02
-1.284777671098709106e-01
1.947336643934249878e-01
6.627988815307617188e-02
6.061008945107460022e-02
2.409707568585872650e-02
3.803737461566925049e-02
2.588407322764396667e-02
1.144966483116149902e-02
-9.833436459302902222e-02
1.408142745494842529e-01
-1.102501079440116882e-01
-2.374488674104213715e-02
-1.589505374431610107e-01
1.226793378591537476e-01
-1.036855578422546387e-01
-9.340390563011169434e-02
-8.607653528451919556e-02
8.559718728065490723e-02
-4.165213182568550110e-02
-1.289663463830947876e-01
-4.919370636343955994e-02
1.002828776836395264e-01
1.765904277563095093e-01
-1.116204783320426941e-01
2.117056548595428467e-01
-5.741114541888237000e-02
-2.725574932992458344e-02
-1.508834511041641235e-01
-3.495525568723678589e-02
-2.829713188111782074e-02
1.016644015908241272e-01
1.157253235578536987e-01
4.891520366072654724e-02
8.751283586025238037e-02
4.667270183563232422e-02
-1.314128339290618896e-01
4.004925116896629333e-02
-1.166798360645771027e-02
-3.239664062857627869e-02
-1.093756482005119324e-01
-2.273638360202312469e-02
-1.296256482601165771e-01
-6.914407014846801758e-02
4.746410995721817017e-02
-8.326999098062515259e-02
8.069559931755065918e-02
3.332892805337905884e-02
4.798692092299461365e-02
-1.149347126483917236e-01
-7.635658606886863708e-03
-3.413690626621246338e-02
-8.070524036884307861e-02
8.518121205270290375e-03
-1.012595295906066895e-01
9.291676431894302368e-02
6.690152734518051147e-02
-7.381392270326614380e-02
-1.117996638640761375e-03
3.255312517285346985e-02
-3.316145017743110657e-02
-1.646329835057258606e-02
