-9.992222487926483154e-02
-3.295217826962471008e-02
-2.828484401106834412e-02
6.840489804744720459e-02
-3.749250993132591248e-02
4.610015451908111572e-02
-4.376513883471488953e-02
-8.358421921730041504e-02
-1.743208467960357666e-01
-7.472241669893264771e-02
-2.372660674154758453e-04
-4.410161077976226807e-02
-7.623951882123947144e-02
-6.142521277070045471e-02
8.506061881780624390e-02
-1.337881665676832199e-02
-2.978470735251903534e-02
-3.004823811352252960e-03
6.177713349461555481e-02
-2.566764503717422485e-02
-9.215161949396133423e-02
1.454654186964035034e-01
8.976400643587112427e-02
-1.252798289060592651e-01
-1.143840402364730835e-01
7.857646048069000244e-02
3.194947913289070129e-02
-1.766304112970829010e-02
-3.073416650295257568e-03
1.080862507224082947e-01
1.547030061483383179e-01
5.083576217293739319e-02
9.237667173147201538e-02
-1.016801595687866211e-01
-8.414062112569808960e-02
7.448995858430862427e-02
-1.254154145717620850e-01
8.904341608285903931e-03
-7.415127940475940704e-03
1.309531182050704956e-01
-1.481387317180633545e-01
3.799245133996009827e-02
-8.394321054220199585e-02
1.255105435848236084e-01
-2.793158590793609619e-02
-9.358872473239898682e-02
8.909378200769424438e-02
5.578688345849514008e-03
6.706985831260681152e-02
1.585600711405277252e-02
2.252796739339828491e-01
-8.993527293205261230e-02
-5.415600165724754333e-02
2.701736427843570709e-02
-5.299009848386049271e-03
-2.479395642876625061e-02
-5.869814194738864899e-03
5.924587324261665344e-02
8.042002469301223755e-02
2.666782587766647339e-02
-6.617001444101333618e-02
8.614919334650039673e-02
-1.359763890504837036e-01
5.269648507237434387e-02
2.908303774893283844e-02
9.840891696512699127e-03
3.095813840627670288e-02
-2.419748157262802124e-02
2.335554361343383789e-01
1.205576211214065552e-01
8.428982645273208618e-02
1.413319855928421021e-01
-6.469972431659698486e-02
1.590826809406280518e-01
3.826932981610298157e-02
-5.114031583070755005e-02
3.097031079232692719e-02
-1.908826269209384918e-02
-2.835636259987950325e-04
-2.185402065515518188e-01
1.629053056240081787e-01
-1.578088104724884033e-01
-1.311260014772415161e-01
-1.046492438763380051e-02
6.874445360153913498e-03
5.049195513129234314e-02
-2.072390019893646240e-01
-7.183710485696792603e-02
2.651578746736049652e-02
9.265764057636260986e-02
-1.502844393253326416e-01
1.425662785768508911e-01
-9.599220752716064453e-02
-5.294619128108024597e-02
-6.879084557294845581e-02
-2.173858433961868286e-01
4.102548584342002869e-02
5.415998399257659912e-02
8.280851878225803375e-03
6.124641373753547668e-02
-2.984546124935150146e-02
4.350500181317329407e-02
-8.740185946226119995e-02
4.132720455527305603e-02
-2.735388698056340218e-03
-6.003210693597793579e-02
-3.250716254115104675e-02
-7.861009240150451660e-02
-1.772028207778930664e-01
1.805957034230232239e-02
5.975982546806335449e-02
-3.106839396059513092e-02
8.780682086944580078e-02
6.356511265039443970e-02
2.952408231794834137e-02
-1.009536720812320709e-02
-5.765692517161369324e-02
-1.192888021469116211e-01
1.191428769379854202e-02
9.565023332834243774e-02
4.465661942958831787e-02
1.616091430187225342e-01
-1.858040131628513336e-02
-7.222522399388253689e-04
-4.263493791222572327e-02
6.399155408143997192e-02
1.170548028312623501e-03
7.285486906766891479e-03
