-9.567993693053722382e-03
-2.472430467605590820e-02
-1.136744767427444458e-02
1.826479882001876831e-01
-5.868676677346229553e-02
7.096651941537857056e-02
4.899036884307861328e-02
-1.142382025718688965e-01
-2.083479166030883789e-01
4.552751034498214722e-02
-2.999155409634113312e-02
-8.008603751659393311e-02
-8.524551242589950562e-02
-5.405633524060249329e-02
6.769654154777526855e-02
-2.728012204170227051e-02
8.685929328203201294e-02
3.952912613749504089e-02
3.657592087984085083e-02
-7.458604872226715088e-02
-6.349545717239379883e-02
4.380901902914047241e-02
2.574627660214900970e-02
-6.422115955501794815e-03
-4.192196950316429138e-02
-1.409468124620616436e-03
-1.024062857031822205e-01
6.524858623743057251e-02
7.574463635683059692e-02
1.300081163644790649e-01
1.499631255865097046e-01
-6.406311877071857452e-03
3.855430707335472107e-02
1.083984877914190292e-02
-4.670562222599983215e-02
1.657135486602783203e-01
-1.371361464262008667e-01
2.139437757432460785e-02
-7.430026680231094360e-02
2.273209989070892334e-01
-1.172730512917041779e-02
-3.308785334229469299e-02
1.634901575744152069e-02
-2.517081610858440399e-02
-2.394624054431915283e-02
1.435807719826698303e-02
-6.889553274959325790e-03
-5.367591232061386108e-02
1.395300179719924927e-01
7.390832901000976562e-02
4.447327181696891785e-02
-1.037315949797630310e-01
-1.795651763677597046e-01
-8.173604495823383331e-03
1.849771291017532349e-01
2.703823521733283997e-02
4.041090235114097595e-02
2.521288022398948669e-02
1.238759607076644897e-02
-7.909812033176422119e-02
-9.328930824995040894e-02
9.470010548830032349e-02
-1.105151139199733734e-02
1.847008429467678070e-02
7.752119004726409912e-02
8.298115432262420654e-02
-7.952725142240524292e-02
-2.781837433576583862e-02
7.495398074388504028e-02
8.004880696535110474e-02
1.447211056947708130e-01
9.747608006000518799e-02
-6.340126693248748779e-02
-2.329028211534023285e-02
6.318242102861404419e-02
-3.577313944697380066e-02
1.038061734288930893e-02
3.378757461905479431e-02
2.372540533542633057e-02
-1.160027980804443359e-01
1.566778570413589478e-01
-1.559126228094100952e-01
-1.109454780817031860e-01
-4.586990550160408020e-02
1.140798032283782959e-01
1.312675178050994873e-01
-1.510377973318099976e-02
5.126844346523284912e-02
1.797001995146274567e-02
4.912959039211273193e-02
-2.029896378517150879e-01
5.569267645478248596e-02
-8.875713497400283813e-02
-1.558614671230316162e-01
-8.451784402132034302e-02
-1.022063270211219788e-01
-8.217151463031768799e-02
-2.562424726784229279e-02
1.151451915502548218e-01
-1.267822533845901489e-01
-3.560698777437210083e-02
1.926551386713981628e-02
4.279267415404319763e-02
1.544502526521682739e-01
5.789970979094505310e-02
-1.288574002683162689e-02
1.094171032309532166e-01
-1.805357038974761963e-01
-1.712575703859329224e-01
-1.401344239711761475e-01
-4.146283864974975586e-02
-1.086134165525436401e-01
1.257238090038299561e-01
4.839162528514862061e-02
-8.567759394645690918e-02
-4.018587246537208557e-02
-8.762563765048980713e-02
6.825241446495056152e-02
-1.323212310671806335e-02
-1.236242279410362244e-01
7.487801462411880493e-02
7.243914902210235596e-02
-2.720987237989902496e-02
4.754572734236717224e-02
-9.303580224514007568e-02
8.938209712505340576e-02
-3.031252324581146240e-02
-4.742838814854621887e-02
