-1.285961121320724487e-01
1.144327372312545776e-01
-2.484497800469398499e-02
6.464201956987380981e-02
-1.307622194290161133e-01
-7.720931619405746460e-02
1.688788644969463348e-02
-1.096398234367370605e-01
-3.038800135254859924e-02
3.269519424065947533e-03
-1.750323772430419922e-01
-1.514768451452255249e-01
2.999353781342506409e-02
-6.839007139205932617e-02
-3.333806246519088745e-02
-5.950762331485748291e-02
-1.350304298102855682e-02
-1.264342386275529861e-02
3.237516433000564575e-02
1.290121208876371384e-02
-2.466537430882453918e-02
1.645008325576782227e-01
-1.129838600754737854e-01
-1.346385478973388672e-01
8.622496388852596283e-03
1.559640765190124512e-01
-8.012626320123672485e-02
8.501201868057250977e-03
-4.160787910223007202e-02
1.168606802821159363e-02
1.769887208938598633e-01
1.292325258255004883e-01
9.505183994770050049e-02
-1.385961771011352539e-01
-5.693457275629043579e-02
5.890151858329772949e-02
-1.678260117769241333e-01
2.244709059596061707e-02
-9.728380478918552399e-03
3.920686617493629456e-02
-4.088584706187248230e-02
-3.395183756947517395e-02
-2.474042028188705444e-02
1.213236749172210693e-01
1.004969328641891479e-02
1.270411908626556396e-01
8.497592061758041382e-02
1.325886603444814682e-02
5.988954752683639526e-02
8.795156329870223999e-02
1.884713619947433472e-01
4.004124552011489868e-03
-3.192257508635520935e-02
-4.910362884402275085e-02
-1.137941796332597733e-02
1.071019843220710754e-02
1.950495317578315735e-02
3.311619162559509277e-02
1.660529226064682007e-01
1.136935576796531677e-01
7.172033935785293579e-02
5.729889124631881714e-02
-1.299481838941574097e-01
-2.593630738556385040e-02
-1.015113890171051025e-01
-6.931341439485549927e-02
-3.720917925238609314e-02
7.230006903409957886e-02
7.422616332769393921e-02
8.948066830635070801e-02
7.494688779115676880e-02
1.192481536418199539e-02
-8.775589615106582642e-02
6.555157899856567383e-02
1.257422938942909241e-02
-1.472731083631515503e-01
8.101621270179748535e-02
-1.339224427938461304e-01
-1.005889996886253357e-01
-7.361304014921188354e-02
7.280321419239044189e-02
-1.125500425696372986e-01
-4.521121084690093994e-02
-2.057981044054031372e-01
5.721621215343475342e-02
-3.018092736601829529e-02
-8.084606379270553589e-02
-8.200198411941528320e-02
1.189480721950531006e-01
1.377311944961547852e-01
-3.119217418134212494e-02
2.090647965669631958e-01
-1.959327375516295433e-03
-6.125842779874801636e-02
-8.183455467224121094e-02
-5.638963729143142700e-02
4.880260676145553589e-02
9.732038527727127075e-02
8.719130605459213257e-02
1.108375340700149536e-01
8.833783864974975586e-02
9.563443250954151154e-03
-4.499379545450210571e-02
6.487292796373367310e-02
-2.602009102702140808e-03
-4.320792481303215027e-02
-2.499330602586269379e-02
1.644290983676910400e-02
-8.344522863626480103e-02
-4.442090913653373718e-02
6.975579261779785156e-02
-4.068077728152275085e-02
1.979558765888214111e-01
-2.757931873202323914e-02
9.722976386547088623e-02
-3.143452107906341553e-02
-1.270770728588104248e-01
5.234209448099136353e-02
-3.595712408423423767e-02
-8.757291734218597412e-02
-1.302543282508850098e-01
2.272271178662776947e-02
-5.509859696030616760e-02
-1.679168082773685455e-02
-4.531033337116241455e-02
-2.971102483570575714e-02
1.093297153711318970e-01
1.867306083440780640e-01
