2.172575565055012703e-03
-1.177265197038650513e-01
-1.298980861902236938e-01
3.953862469643354416e-03
-2.310469932854175568e-02
7.365515828132629395e-02
-4.867205396294593811e-02
-2.507745660841464996e-02
5.848757922649383545e-02
9.562117606401443481e-02
9.513999521732330322e-02
-8.160806447267532349e-02
-1.733584254980087280e-01
-3.541412949562072754e-02
1.152274385094642639e-02
4.217727109789848328e-02
-8.322289586067199707e-02
-2.216662093997001648e-02
7.939360290765762329e-02
-3.725444898009300232e-02
-1.191142573952674866e-01
1.638998687267303467e-01
-5.149751901626586914e-02
-1.226306930184364319e-01
-8.932091295719146729e-02
9.018214792013168335e-02
1.096323132514953613e-01
-1.243912205100059509e-01
2.046927809715270996e-02
9.847677312791347504e-03
1.164845749735832214e-01
-4.558971524238586426e-02
-2.223272435367107391e-02
3.299503773450851440e-02
-6.046565249562263489e-04
-7.282998412847518921e-02
-9.554180502891540527e-02
9.047893434762954712e-02
-1.212533488869667053e-01
1.087493151426315308e-01
-1.650375276803970337e-01
-1.321772038936614990e-01
8.416210301220417023e-03
1.479623764753341675e-01
-1.955588907003402710e-02
-9.264532476663589478e-02
2.135698497295379639e-02
-4.610823839902877808e-02
-3.535656258463859558e-02
-7.396724075078964233e-02
1.034393981099128723e-01
-1.089423373341560364e-01
5.715681239962577820e-02
2.774551394395530224e-04
1.402929276227951050e-01
9.182248264551162720e-02
1.735895574092864990e-01
1.495747566223144531e-01
1.329519748687744141e-01
3.396825864911079407e-02
2.031049691140651703e-02
1.650712639093399048e-01
-3.287886828184127808e-02
3.640676662325859070e-02
4.416567087173461914e-02
4.645119607448577881e-02
2.143206540495157242e-03
1.667276397347450256e-02
1.744401156902313232e-01
7.033666223287582397e-02
1.113543845713138580e-02
-5.366633180528879166e-03
-1.278521120548248291e-01
3.276679664850234985e-02
1.204545870423316956e-01
-1.219078823924064636e-01
7.501526921987533569e-02
-2.309220656752586365e-02
4.464108496904373169e-02
-1.564388424158096313e-01
7.542821764945983887e-02
-1.632605940103530884e-01
-1.642080582678318024e-02
-6.074659060686826706e-03
-1.303878147155046463e-02
1.310459338128566742e-02
-9.124735742807388306e-02
1.654110662639141083e-02
1.210804507136344910e-01
-6.876819301396608353e-03
-6.925835460424423218e-02
1.581825762987136841e-01
-1.279837787151336670e-01
-6.284467130899429321e-02
-1.175891906023025513e-01
-1.819867193698883057e-01
-1.869582571089267731e-03
2.020012401044368744e-02
1.796095073223114014e-02
6.817553937435150146e-02
4.465356096625328064e-02
-1.138664502650499344e-02
-1.421134024858474731e-01
4.672369360923767090e-02
4.921799525618553162e-02
1.262442767620086670e-02
-6.982369720935821533e-02
-4.047020152211189270e-02
-9.846267104148864746e-02
1.504531037062406540e-02
1.911141211166977882e-03
6.082220375537872314e-02
1.476654708385467529e-01
8.657219260931015015e-02
-8.925279229879379272e-02
-4.759475588798522949e-02
-1.343825757503509521e-01
-1.033791005611419678e-01
-2.468113601207733154e-02
7.328936457633972168e-02
3.330755233764648438e-02
2.264421246945858002e-02
-9.639514982700347900e-02
1.814935356378555298e-01
-1.220601946115493774e-01
3.163815662264823914e-02
-1.216635629534721375e-01
-2.436880255118012428e-03
