-7.485940307378768921e-02
-7.067878544330596924e-02
-5.379823595285415649e-02
3.801259398460388184e-02
-3.344423137605190277e-03
7.132647186517715454e-02
3.619146719574928284e-02
-8.851985633373260498e-02
-4.598154872655868530e-02
6.739351898431777954e-02
-4.902536049485206604e-03
-4.139709100127220154e-02
-1.058938056230545044e-01
-2.169344387948513031e-02
1.197403445839881897e-01
-5.208792537450790405e-02
-3.181063756346702576e-02
2.235543355345726013e-02
3.136688843369483948e-02
-1.460754033178091049e-02
-1.732780486345291138e-01
1.378781497478485107e-01
-4.633067548274993896e-02
-1.022125259041786194e-01
-2.816169708967208862e-02
4.898785427212715149e-02
4.001161083579063416e-02
-1.838313974440097809e-02
4.176443815231323242e-02
1.092529818415641785e-01
1.916169375181198120e-01
8.769229054450988770e-02
1.071975380182266235e-01
-8.966100402176380157e-03
-1.385430805385112762e-02
-1.484253723174333572e-02
-7.073035091161727905e-02
6.334938853979110718e-02
-2.306576445698738098e-02
1.134066432714462280e-01
-1.860643774271011353e-01
-1.309148967266082764e-01
-8.500887081027030945e-03
1.073662638664245605e-01
-9.398002177476882935e-02
3.739083558320999146e-02
-6.922390311956405640e-02
-3.599509224295616150e-02
1.326346695423126221e-01
-9.845012426376342773e-02
8.100664615631103516e-02
-5.229977890849113464e-02
4.041954502463340759e-02
-3.696960210800170898e-02
5.853575840592384338e-02
6.331376731395721436e-02
1.559554040431976318e-01
8.591237664222717285e-02
7.919321209192276001e-02
1.975299976766109467e-02
-3.167323768138885498e-02
2.202207744121551514e-01
-4.241348803043365479e-02
8.898740261793136597e-02
9.784021228551864624e-02
1.456956565380096436e-01
-2.237580716609954834e-02
-7.758800685405731201e-02
1.421449929475784302e-01
5.167885124683380127e-02
3.818592056632041931e-02
7.707077078521251678e-03
-1.148807816207408905e-02
6.808295100927352905e-02
1.674575507640838623e-01
-1.505717486143112183e-01
3.502894565463066101e-02
-1.561840437352657318e-02
3.578659147024154663e-02
-1.666761338710784912e-01
1.137391403317451477e-01
-5.484897643327713013e-02
-1.485443115234375000e-01
-7.381682097911834717e-02
8.581982553005218506e-02
8.779901266098022461e-02
-1.139588728547096252e-01
-3.774317726492881775e-02
1.509027183055877686e-01
9.744042158126831055e-02
-1.337622404098510742e-01
1.433514654636383057e-01
-8.418520539999008179e-02
-5.918860435485839844e-02
-1.189150512218475342e-01
-9.146264195442199707e-02
-8.908957988023757935e-02
5.127173662185668945e-02
1.331826597452163696e-01
-4.399758297950029373e-03
-9.856456890702247620e-03
7.065630052238702774e-03
-1.096197888255119324e-01
5.702964961528778076e-02
-1.626911945641040802e-02
2.218809165060520172e-02
-1.062497645616531372e-01
-1.015640869736671448e-01
-1.536818891763687134e-01
-9.323550015687942505e-02
7.027862966060638428e-02
-6.609729677438735962e-02
4.421876743435859680e-02
3.935025259852409363e-02
2.912877826020121574e-03
-9.496888518333435059e-02
-6.387778371572494507e-02
-9.264452755451202393e-02
-7.403148710727691650e-02
8.002883940935134888e-02
5.403874069452285767e-02
1.711046099662780762e-01
1.778951380401849747e-03
-5.775436758995056152e-03
-2.083922736346721649e-02
6.259373575448989868e-02
-2.032827883958816528e-01
-1.660640537738800049e-02
