-1.073153093457221985e-01
1.589147187769412994e-02
-3.774845972657203674e-02
4.141718521714210510e-02
-1.820371486246585846e-02
6.955654919147491455e-02
-5.278401076793670654e-03
-1.455743014812469482e-01
-2.279765754938125610e-01
4.032241180539131165e-02
-2.428930625319480896e-02
-8.644900470972061157e-02
-7.933630049228668213e-02
-3.234790265560150146e-02
-2.509430795907974243e-02
-7.091399282217025757e-02
-1.782087422907352448e-02
8.818244189023971558e-02
3.597312048077583313e-02
-6.044489517807960510e-02
-6.389995664358139038e-02
1.665998846292495728e-01
-8.582062274217605591e-02
-3.665704280138015747e-02
-5.317058414220809937e-02
1.188190877437591553e-01
-2.797463722527027130e-02
7.798329740762710571e-02
6.303559988737106323e-02
9.289468079805374146e-02
1.304891854524612427e-01
2.549869753420352936e-02
4.155883193016052246e-02
2.065750025212764740e-02
-2.468065731227397919e-02
8.060830831527709961e-02
-1.537595242261886597e-01
8.276993781328201294e-02
-6.568100303411483765e-02
1.780184060335159302e-01
-3.962599486112594604e-02
-3.673518449068069458e-02
5.158699676394462585e-02
8.649858087301254272e-02
-5.435635522007942200e-02
4.863496497273445129e-02
2.417359501123428345e-02
-1.580173373222351074e-01
7.116468250751495361e-02
1.290032863616943359e-01
5.277070030570030212e-02
-4.535371810197830200e-02
-1.858885586261749268e-01
-1.406974196434020996e-01
7.214059680700302124e-02
1.214245557785034180e-01
7.307339459657669067e-02
1.135762333869934082e-01
6.039920821785926819e-02
-8.115132153034210205e-02
2.649506926536560059e-02
8.692793548107147217e-02
6.390114128589630127e-02
-2.064462751150131226e-04
2.461795508861541748e-02
4.252029210329055786e-02
-5.097600072622299194e-02
7.769838720560073853e-02
2.566608972847461700e-02
5.022646114230155945e-02
7.362397015094757080e-02
5.987604334950447083e-02
-3.383595123887062073e-02
2.763701230287551880e-02
9.397590905427932739e-02
-3.470869362354278564e-02
7.099482417106628418e-02
4.041628539562225342e-02
-4.371281713247299194e-02
-1.230078339576721191e-01
2.542417943477630615e-01
-1.886042058467864990e-01
-2.580894343554973602e-02
-1.530070751905441284e-01
1.520979851484298706e-01
2.358810231089591980e-02
5.408378690481185913e-02
1.738993823528289795e-01
1.594508141279220581e-01
2.468602173030376434e-02
-1.696715950965881348e-01
8.470295369625091553e-02
-3.190429508686065674e-02
-7.820098847150802612e-02
-7.266298681497573853e-02
-9.922980517148971558e-02
-5.427296832203865051e-02
1.040746793150901794e-01
1.105400323867797852e-01
-3.857688605785369873e-02
-5.139178782701492310e-02
-6.657905131578445435e-02
4.629223840311169624e-04
1.287408918142318726e-01
-1.546647492796182632e-02
1.408576872199773788e-02
2.026364207267761230e-02
-1.339160371571779251e-02
-6.559868901968002319e-02
-3.764170035719871521e-02
5.388479679822921753e-02
-1.342532336711883545e-01
3.160514310002326965e-02
-2.641181228682398796e-03
-7.889047265052795410e-02
-1.347278058528900146e-01
-9.136789292097091675e-02
-1.793186739087104797e-02
-6.223434209823608398e-02
-5.210118740797042847e-02
-4.905998334288597107e-02
5.780027061700820923e-02
2.445770055055618286e-02
3.817531839013099670e-02
-1.666433513164520264e-01
1.096012592315673828e-01
-1.338122189044952393e-01
-7.595653831958770752e-02
