-8.479087799787521362e-02
7.024875376373529434e-03
-1.809273511171340942e-01
6.542193889617919922e-02
9.777326136827468872e-02
2.320685423910617828e-02
-8.065246045589447021e-02
-3.020299598574638367e-02
-1.242716144770383835e-02
1.153421103954315186e-01
-1.207115408033132553e-02
-8.480466157197952271e-02
-1.633448898792266846e-01
-1.872643269598484039e-02
-1.124367266893386841e-01
-4.820425063371658325e-02
-7.302344590425491333e-02
4.380695894360542297e-02
1.762896031141281128e-01
6.409049034118652344e-03
-1.511672139167785645e-01
1.630972921848297119e-01
-1.141590550541877747e-01
-9.105884283781051636e-02
-6.732716411352157593e-02
9.828747063875198364e-02
6.114607676863670349e-02
-1.197617501020431519e-01
-4.644991084933280945e-02
3.267245367169380188e-02
7.223951071500778198e-02
9.593416005373001099e-02
1.884184032678604126e-02
-5.593344569206237793e-02
-1.006419137120246887e-01
-9.700980782508850098e-02
2.411928027868270874e-03
1.582671888172626495e-02
-9.196601063013076782e-02
2.590216137468814850e-02
-1.434952467679977417e-01
-4.645374789834022522e-02
1.275467872619628906e-01
1.243218556046485901e-01
-9.038729220628738403e-02
-1.673691160976886749e-02
-7.275743782520294189e-02
-8.795279264450073242e-02
-8.966890722513198853e-02
-2.806165628135204315e-02
1.128504723310470581e-01
1.823509484529495239e-01
1.140648052096366882e-01
-8.733326196670532227e-02
8.948799222707748413e-02
1.123450249433517456e-01
9.997042268514633179e-02
1.430808603763580322e-01
1.392696052789688110e-01
6.587459892034530640e-02
-2.196948789060115814e-02
1.134856119751930237e-01
-6.119867414236068726e-02
-7.088540494441986084e-02
2.684016712009906769e-02
-1.392723806202411652e-02
3.407929465174674988e-02
3.824198246002197266e-02
1.390970200300216675e-01
9.201011806726455688e-02
3.853460028767585754e-02
-9.493653476238250732e-02
-8.785881102085113525e-02
1.231490522623062134e-01
6.361443549394607544e-02
-4.369557648897171021e-02
-4.584834352135658264e-02
-9.835955500602722168e-02
8.993855118751525879e-02
5.310821812599897385e-03
8.609584718942642212e-02
-1.303174197673797607e-01
-2.739237807691097260e-02
-1.409541815519332886e-01
-5.662371963262557983e-02
9.859091788530349731e-02
-1.457038819789886475e-01
-5.589767917990684509e-02
9.965039789676666260e-02
7.201983034610748291e-02
3.198506310582160950e-02
4.620205983519554138e-02
-6.437487900257110596e-02
-1.043865457177162170e-01
1.012034565210342407e-01
1.047309837304055691e-03
1.905095763504505157e-02
7.474422454833984375e-02
-3.186202049255371094e-02
1.324673444032669067e-01
4.101462289690971375e-02
7.461509667336940765e-03
-1.220324710011482239e-01
1.063564717769622803e-01
9.397014044225215912e-03
1.035230606794357300e-01
-1.423801928758621216e-01
3.112939000129699707e-02
-6.161614507436752319e-02
-3.653674200177192688e-02
9.506930410861968994e-02
5.037827789783477783e-02
2.239738032221794128e-02
-7.583009451627731323e-02
-1.468028724193572998e-01
9.073726087808609009e-02
2.737281844019889832e-02
-4.837345331907272339e-02
-1.351532042026519775e-01
-2.280696667730808258e-02
-8.502539247274398804e-02
9.408927708864212036e-02
2.146288566291332245e-02
7.241209596395492554e-02
-1.557679027318954468e-01
-7.709639519453048706e-02
-5.202582851052284241e-02
7.303985208272933960e-02
