-6.504718959331512451e-02
-1.265964210033416748e-01
-1.344567686319351196e-01
3.384638950228691101e-02
8.757525356486439705e-04
4.104011226445436478e-03
-8.689165115356445312e-02
2.310274355113506317e-02
-1.307328790426254272e-01
7.762876152992248535e-02
6.650355458259582520e-02
-8.718699682503938675e-04
-1.109967008233070374e-01
-6.961176544427871704e-02
8.743367344141006470e-02
8.345056325197219849e-02
-4.487838223576545715e-02
-5.112371593713760376e-02
5.427287891507148743e-02
-3.395473212003707886e-02
-1.476713642477989197e-02
8.498282730579376221e-02
5.931688472628593445e-02
6.654008757323026657e-03
-8.504605293273925781e-02
1.787183433771133423e-01
9.347870200872421265e-02
-1.125933751463890076e-01
-7.802390307188034058e-02
5.632830038666725159e-02
1.613301932811737061e-01
-2.509196288883686066e-02
9.255059063434600830e-02
-1.672178208827972412e-01
-8.305151760578155518e-02
-6.466199457645416260e-02
-1.243252772837877274e-02
6.966966390609741211e-02
-5.800189683213829994e-04
1.539882924407720566e-02
-1.162870228290557861e-01
-1.212383247911930084e-02
-4.399140179157257080e-02
1.812048405408859253e-01
1.011768542230129242e-02
-1.127239037305116653e-02
-2.308588661253452301e-02
5.693100392818450928e-02
3.375205025076866150e-02
-7.529725879430770874e-02
2.146748900413513184e-01
5.953055620193481445e-02
3.840727731585502625e-02
-1.016305238008499146e-01
3.785550221800804138e-02
-2.210679464042186737e-02
3.880255669355392456e-02
9.537511318922042847e-02
1.235274001955986023e-01
1.161604300141334534e-01
-1.080886460840702057e-02
7.642146944999694824e-02
-1.083420589566230774e-01
4.226167500019073486e-02
-3.885466232895851135e-02
-7.049611210823059082e-02
6.152518838644027710e-02
-5.256145726889371872e-03
1.301916837692260742e-01
-4.474187269806861877e-02
5.959120765328407288e-02
1.689337752759456635e-02
-1.364277899265289307e-01
9.401676803827285767e-02
2.178272455930709839e-01
-1.531914174556732178e-01
-1.041660979390144348e-01
-5.350966379046440125e-02
-1.211387068033218384e-01
-8.095049858093261719e-02
2.338407747447490692e-02
-7.297927141189575195e-02
-1.861963570117950439e-01
-5.229308456182479858e-02
-1.150428578257560730e-01
2.174526266753673553e-02
-1.600888222455978394e-01
-5.249914154410362244e-02
4.185830429196357727e-02
-3.497842326760292053e-02
1.367460843175649643e-02
1.375023424625396729e-01
-1.521984785795211792e-01
-4.088223353028297424e-02
-9.753526747226715088e-02
-1.305838078260421753e-01
9.221218526363372803e-02
-1.096726115792989731e-02
-6.318067014217376709e-02
3.928833827376365662e-02
1.786466836929321289e-01
7.760968059301376343e-02
6.863366812467575073e-03
6.023335829377174377e-02
1.247580647468566895e-01
3.573741763830184937e-02
-4.821648448705673218e-02
8.963232859969139099e-03
-1.180968880653381348e-01
-1.576328836381435394e-02
1.049516499042510986e-01
8.729521185159683228e-02
2.345503866672515869e-01
7.781124114990234375e-02
-7.929229736328125000e-02
2.295304462313652039e-02
-8.465609699487686157e-02
-5.314874276518821716e-02
1.171039603650569916e-02
5.497582256793975830e-02
6.400629878044128418e-02
8.310951292514801025e-03
-9.551738202571868896e-02
3.750648815184831619e-03
-7.239928096532821655e-02
-2.955287881195545197e-02
-1.375116594135761261e-02
9.408129751682281494e-02
