-4.693197086453437805e-03
-8.004985004663467407e-02
-5.385698005557060242e-02
6.172589585185050964e-02
-1.435177624225616455e-01
2.332705073058605194e-02
-1.041716709733009338e-01
-1.463083028793334961e-01
-2.274894267320632935e-01
2.856182865798473358e-02
-7.461605966091156006e-02
6.885508075356483459e-03
9.147989004850387573e-02
-1.228874847292900085e-01
6.722085922956466675e-02
3.697658702731132507e-02
1.169938817620277405e-01
2.682477049529552460e-02
4.347390681505203247e-02
-1.169316470623016357e-01
6.756119895726442337e-03
1.810341328382492065e-01
1.162968799471855164e-01
-3.492138162255287170e-02
1.836854266002774239e-03
9.915641695261001587e-02
1.270035654306411743e-02
1.005704235285520554e-02
5.171140283346176147e-02
-9.203990548849105835e-02
9.555555880069732666e-02
-1.890458166599273682e-02
3.820300847291946411e-02
-5.465719103813171387e-02
-1.409747600555419922e-01
4.623570293188095093e-02
-2.570856548845767975e-02
6.407794356346130371e-02
-3.056242130696773529e-02
1.831206679344177246e-01
-4.016980528831481934e-02
1.130770817399024963e-01
-7.183479517698287964e-02
1.904484480619430542e-01
-1.890994422137737274e-02
-4.595725238323211670e-02
-2.125019766390323639e-02
-2.959639299660921097e-03
6.466327607631683350e-02
7.050672918558120728e-02
1.833366602659225464e-01
4.188395664095878601e-02
-3.533116355538368225e-02
-2.000318467617034912e-02
9.652201086282730103e-02
4.075885936617851257e-02
-4.230360314249992371e-02
2.168793696910142899e-03
6.631959974765777588e-02
5.653716251254081726e-02
1.181891188025474548e-02
4.318581148982048035e-02
-2.666688337922096252e-02
-1.029144413769245148e-02
-2.390667423605918884e-02
4.866273328661918640e-02
-3.008074313402175903e-02
3.328044712543487549e-02
1.595553308725357056e-01
1.373588573187589645e-02
1.476174741983413696e-01
6.097418372519314289e-04
-1.001188904047012329e-01
-4.111497104167938232e-02
1.637629717588424683e-01
-1.360999345779418945e-01
6.680592894554138184e-02
3.842904046177864075e-02
-9.058798849582672119e-02
-4.984729364514350891e-02
2.227490246295928955e-01
-1.720839142799377441e-01
-1.824323274195194244e-02
-5.656505748629570007e-02
8.768777549266815186e-02
1.049247607588768005e-01
-1.899201422929763794e-01
3.941946476697921753e-02
6.756801903247833252e-02
-7.349454611539840698e-02
-7.029595971107482910e-02
8.003383129835128784e-02
-4.105438664555549622e-02
-1.711211055517196655e-01
-1.253269165754318237e-01
-3.463936969637870789e-02
2.499912865459918976e-02
2.003177627921104431e-02
2.903264574706554413e-02
-5.414505302906036377e-02
5.453682318329811096e-02
-7.827971130609512329e-02
2.202520892024040222e-02
1.568713933229446411e-01
1.181436106562614441e-01
3.537991642951965332e-02
1.605729013681411743e-02
-9.554909169673919678e-02
-2.427524328231811523e-01
-6.185923144221305847e-02
1.621531695127487183e-02
6.042524427175521851e-02
-6.376951001584529877e-03
2.654646756127476692e-03
-1.131603568792343140e-01
1.109970826655626297e-02
-2.349700778722763062e-02
-4.044319689273834229e-02
4.520644620060920715e-02
1.145623251795768738e-02
5.274839699268341064e-02
-1.003277599811553955e-01
-5.321782082319259644e-02
1.036456823348999023e-01
-1.125680357217788696e-01
4.094227403402328491e-02
-1.429843604564666748e-01
2.609489671885967255e-02
