1.781296799890697002e-03
9.902508929371833801e-03
-1.373609453439712524e-01
2.098232954740524292e-01
1.009241342544555664e-01
1.390472054481506348e-01
-1.040685325860977173e-01
-1.673064082860946655e-01
-1.053974777460098267e-01
-4.238125868141651154e-03
-4.334229603409767151e-02
-1.481621861457824707e-01
-6.815670430660247803e-02
1.006558164954185486e-02
-9.377063065767288208e-02
-6.054006889462471008e-02
-4.669784381985664368e-02
1.039432082325220108e-02
1.046504676342010498e-01
-8.067601174116134644e-02
1.455078087747097015e-02
1.475548297166824341e-01
4.997517541050910950e-02
-1.369901895523071289e-01
-1.102377921342849731e-01
4.826566576957702637e-02
3.443616209551692009e-03
-3.809711337089538574e-02
-4.127680510282516479e-02
8.301568031311035156e-02
7.056488841772079468e-02
7.916843146085739136e-02
-2.590344659984111786e-02
-4.329722002148628235e-02
-1.324061304330825806e-01
3.603603318333625793e-02
-1.019020155072212219e-01
1.298047602176666260e-02
-1.579730510711669922e-01
8.567873388528823853e-02
7.608762383460998535e-02
-5.619844421744346619e-02
1.027809828519821167e-01
1.921669766306877136e-02
4.246621578931808472e-02
-7.344257086515426636e-02
-4.036334529519081116e-02
-1.344517022371292114e-01
-3.764688223600387573e-02
5.809824168682098389e-02
1.140078827738761902e-01
2.775107324123382568e-02
-1.335360109806060791e-02
4.297294840216636658e-02
7.891153544187545776e-02
1.563240140676498413e-01
9.105832129716873169e-02
9.800950437784194946e-02
6.817060708999633789e-02
-2.887472510337829590e-02
8.916421793401241302e-03
1.377248018980026245e-01
6.334721297025680542e-02
-1.392528563737869263e-01
-7.539191097021102905e-02
1.697350852191448212e-02
7.059831172227859497e-02
1.293596476316452026e-01
1.207401156425476074e-01
1.315851360559463501e-01
1.570665389299392700e-01
3.023930825293064117e-03
-1.481052488088607788e-01
7.622187584638595581e-02
1.768558286130428314e-02
4.904525727033615112e-02
4.215073212981224060e-02
-1.372480094432830811e-01
8.037187904119491577e-02
-2.301190234720706940e-02
8.020573854446411133e-02
-2.256427705287933350e-01
4.106104373931884766e-02
-1.026450991630554199e-01
1.991968229413032532e-02
-3.337841480970382690e-02
-8.158967643976211548e-02
-7.600797712802886963e-02
1.141856759786605835e-01
4.560874029994010925e-02
-6.503564119338989258e-02
2.411620877683162689e-02
1.728332415223121643e-02
-1.791597604751586914e-01
6.146169081330299377e-02
-1.210533156991004944e-01
7.730782032012939453e-02
7.045760005712509155e-02
2.165625989437103271e-02
3.961817547678947449e-02
-4.103050753474235535e-02
-1.693296129815280437e-03
-8.120114356279373169e-02
2.214297354221343994e-01
7.065416127443313599e-02
8.735878020524978638e-02
-7.935104519128799438e-02
3.447218611836433411e-02
-9.704557061195373535e-02
-2.014039829373359680e-02
-5.538541451096534729e-02
4.298708867281675339e-03
3.355963900685310364e-02
-6.379618495702743530e-02
-1.154899001121520996e-01
4.621291533112525940e-02
-8.535417914390563965e-02
3.459911420941352844e-02
-6.230050325393676758e-02
-7.368399947881698608e-02
-2.604817971587181091e-03
-1.022047549486160278e-02
6.132721528410911560e-02
5.479744076728820801e-02
-1.970767080783843994e-01
-6.406609714031219482e-02
-3.088254109025001526e-02
-2.198044024407863617e-02
