5.431196466088294983e-02
-4.352542012929916382e-02
-6.858689337968826294e-02
9.560941904783248901e-02
-4.880701377987861633e-02
8.047046512365341187e-02
-7.036804407835006714e-02
-1.089109107851982117e-01
-4.753503203392028809e-02
1.506937742233276367e-01
-7.321684807538986206e-02
-1.313093602657318115e-01
-4.619970545172691345e-02
-1.892877370119094849e-02
3.445531800389289856e-02
6.303743273019790649e-02
-3.232425078749656677e-03
-1.395828928798437119e-02
7.150670886039733887e-02
-1.551445275545120239e-01
-6.525437533855438232e-02
1.623568311333656311e-02
8.989189565181732178e-02
-7.978132367134094238e-02
-1.519481837749481201e-01
2.981228940188884735e-02
-3.262467682361602783e-02
5.719080218113958836e-04
1.302953511476516724e-01
1.976279728114604950e-02
1.552379578351974487e-01
-2.031130716204643250e-02
-1.539921853691339493e-02
1.410431321710348129e-02
7.961237803101539612e-03
6.517666578292846680e-02
-7.155339419841766357e-02
-1.415909733623266220e-02
-1.102525293827056885e-01
1.909571737051010132e-01
8.147984743118286133e-03
-8.515062928199768066e-02
1.915241032838821411e-02
8.020976930856704712e-02
3.452458977699279785e-02
-6.088721379637718201e-02
5.548724904656410217e-02
-1.299698203802108765e-01
6.641384214162826538e-02
1.161628123372793198e-02
1.127023026347160339e-01
-6.953004002571105957e-02
-1.198901683092117310e-01
2.293506637215614319e-02
1.702912598848342896e-01
1.079691499471664429e-01
1.043331772089004517e-01
7.961300015449523926e-02
1.001858636736869812e-01
-8.920261263847351074e-02
5.435912869870662689e-03
4.970339685678482056e-02
1.643349044024944305e-02
9.701446630060672760e-03
1.027458813041448593e-03
1.004253402352333069e-01
8.910820819437503815e-03
-2.987085608765482903e-03
5.227738991379737854e-02
-4.941763356328010559e-02
2.475264668464660645e-01
-5.284361168742179871e-02
-5.244457721710205078e-02
3.791410103440284729e-02
1.292864680290222168e-01
-7.479065656661987305e-02
-1.468770764768123627e-02
-4.044481553137302399e-03
6.007315218448638916e-02
-1.251348573714494705e-02
1.229965686798095703e-01
-2.157220840454101562e-01
-5.650811642408370972e-02
-9.270989894866943359e-02
1.118840798735618591e-01
6.605336675420403481e-04
-1.728881746530532837e-01
-8.725908584892749786e-03
1.440952420234680176e-01
7.287113368511199951e-02
-1.009468957781791687e-01
1.605704724788665771e-01
-2.322927676141262054e-02
-1.667149066925048828e-01
-7.237231731414794922e-02
-7.599972188472747803e-02
-3.479258343577384949e-02
-4.545195028185844421e-02
1.428428888320922852e-01
5.923738237470388412e-03
3.503271937370300293e-02
-2.996863424777984619e-02
-6.302858144044876099e-02
1.045781895518302917e-01
7.109701633453369141e-02
2.487788675352931023e-03
6.965597718954086304e-02
-6.967031210660934448e-02
-2.475820779800415039e-01
3.104085661470890045e-02
-5.333718657493591309e-02
1.880005933344364166e-02
1.791639477014541626e-01
8.160764724016189575e-02
-4.374346882104873657e-02
-3.786210715770721436e-02
1.789743453264236450e-02
-9.217475354671478271e-02
7.310302462428808212e-03
-4.148435965180397034e-02
4.254567250609397888e-02
-1.823487691581249237e-02
-1.490062624216079712e-01
9.456834197044372559e-02
-1.210702136158943176e-01
8.910047262907028198e-02
-7.473059743642807007e-02
9.676025807857513428e-02
