-5.544148012995719910e-02
-8.981486409902572632e-02
1.831879490055143833e-03
1.114092916250228882e-01
-1.901290938258171082e-02
-1.604846678674221039e-02
-6.283521652221679688e-02
-1.741881519556045532e-01
-1.367874294519424438e-01
-1.511422097682952881e-01
-3.338696435093879700e-02
-1.400310453027486801e-02
-4.927571117877960205e-02
-7.575306296348571777e-02
8.894512429833412170e-03
5.947972461581230164e-02
-1.108224689960479736e-02
4.111942276358604431e-02
3.950870037078857422e-02
-2.027388513088226318e-01
1.869685016572475433e-02
8.631216734647750854e-02
8.060543984174728394e-02
-4.728085920214653015e-02
-1.444164067506790161e-01
9.679325670003890991e-02
-4.118977487087249756e-02
-4.810233786702156067e-02
7.574570365250110626e-03
2.354890108108520508e-02
1.320147365331649780e-01
-3.858449310064315796e-02
1.459352672100067139e-01
-8.635044097900390625e-02
-7.816491276025772095e-02
-2.048438042402267456e-02
-1.329642720520496368e-02
-8.390754461288452148e-02
-5.729008000344038010e-03
2.111682742834091187e-01
-1.889211088418960571e-01
-8.264213800430297852e-02
-9.446419775485992432e-02
1.082132384181022644e-01
1.849616020917892456e-01
-2.333990298211574554e-02
-2.514820173382759094e-02
-2.417925978079438210e-03
7.386163622140884399e-02
3.715329617261886597e-02
2.646021246910095215e-01
2.239297889173030853e-02
-2.153570204973220825e-02
4.451851546764373779e-02
3.905218094587326050e-02
-5.030122026801109314e-02
6.594677269458770752e-02
3.799282759428024292e-02
3.271770477294921875e-02
1.750355213880538940e-02
-1.138650253415107727e-02
8.552183210849761963e-02
3.769654408097267151e-02
2.595429075881838799e-03
3.882756084203720093e-02
7.603709399700164795e-02
2.732036635279655457e-03
-4.879189655184745789e-02
1.312859207391738892e-01
4.178598895668983459e-02
8.467416465282440186e-02
4.662308096885681152e-02
-1.039559915661811829e-01
1.263948827981948853e-01
1.361491084098815918e-01
-7.794713973999023438e-02
1.139206811785697937e-02
-4.607135802507400513e-02
-5.903403274714946747e-03
-4.472913593053817749e-02
1.245832890272140503e-01
-1.259998679161071777e-01
-9.148394316434860229e-02
-5.685986950993537903e-02
-2.403954975306987762e-02
2.503215149044990540e-02
-1.526632755994796753e-01
9.321536868810653687e-02
1.368292272090911865e-01
-8.244120329618453979e-02
-8.351048082113265991e-02
1.857949495315551758e-01
-6.077264249324798584e-02
-4.755587503314018250e-02
-8.585719019174575806e-02
4.061451554298400879e-02
1.385046839714050293e-01
8.182030796888284385e-06
-2.190335653722286224e-03
-6.879287213087081909e-02
-2.024124935269355774e-02
-1.255467087030410767e-01
-2.576860971748828888e-02
1.445253193378448486e-01
-2.116830088198184967e-02
-7.447265833616256714e-02
5.193001590669155121e-03
-1.540728509426116943e-01
-2.374834716320037842e-01
3.635254921391606331e-03
-5.058553442358970642e-02
1.157245263457298279e-01
3.641214221715927124e-02
6.838286668062210083e-02
-9.754123538732528687e-02
-8.247967809438705444e-02
3.319564461708068848e-02
1.059159636497497559e-02
-2.789596840739250183e-02
8.611257374286651611e-02
4.846706986427307129e-02
3.387708961963653564e-02
-3.827132284641265869e-03
1.121711060404777527e-01
-8.191579580307006836e-02
-1.909749209880828857e-02
-1.235775277018547058e-01
2.719706296920776367e-02
