-2.585906535387039185e-02
-1.615923941135406494e-01
-5.638749524950981140e-02
1.385248154401779175e-01
-1.519584562629461288e-02
8.765263855457305908e-02
-9.248384833335876465e-02
-1.418191343545913696e-01
-3.421796485781669617e-02
3.216500207781791687e-02
3.744075074791908264e-02
-8.463545143604278564e-02
-6.157193332910537720e-02
1.989707164466381073e-02
2.356262877583503723e-02
3.540349751710891724e-02
-5.460442602634429932e-02
-9.533069096505641937e-03
9.325188398361206055e-02
-1.185365542769432068e-01
-9.938010573387145996e-02
1.623601466417312622e-01
3.244525939226150513e-02
-9.557882696390151978e-02
-2.162009850144386292e-02
5.765641480684280396e-02
3.004419431090354919e-02
-4.181749001145362854e-02
5.946059525012969971e-02
9.694362990558147430e-03
1.202188618481159210e-02
-4.773760214447975159e-02
2.640052139759063721e-02
-3.212223574519157410e-02
-4.818700253963470459e-02
1.466310769319534302e-02
-1.233955249190330505e-01
3.915175050497055054e-02
-3.985597565770149231e-02
2.362216264009475708e-01
-8.805499225854873657e-02
-5.492500960826873779e-02
5.258477176539599895e-04
1.523658633232116699e-01
-2.219515480101108551e-02
-9.391300380229949951e-02
-2.690678276121616364e-02
-2.143189311027526855e-02
6.953896582126617432e-02
2.462342567741870880e-02
7.746200263500213623e-02
-8.135829120874404907e-02
-3.792308853007853031e-04
1.368100196123123169e-01
1.510335355997085571e-01
6.624258309602737427e-02
4.967983067035675049e-02
4.383805021643638611e-02
1.073277965188026428e-01
5.389877129346132278e-03
-5.484079569578170776e-02
1.459340751171112061e-01
2.250956371426582336e-02
-2.029240317642688751e-02
1.086624786257743835e-01
1.662520915269851685e-01
-3.482600301504135132e-02
-6.021409854292869568e-02
1.125923246145248413e-01
1.870295032858848572e-02
9.014283120632171631e-02
-2.347058057785034180e-02
-1.718515157699584961e-01
-1.106471344828605652e-01
1.561851203441619873e-01
-1.026796475052833557e-01
9.505400061607360840e-02
5.760402232408523560e-02
-3.229191899299621582e-02
-4.681788384914398193e-02
2.322872430086135864e-01
-1.890344917774200439e-01
3.346272930502891541e-02
-5.794809386134147644e-02
9.015510976314544678e-02
4.120001196861267090e-02
-7.584285736083984375e-02
2.716264873743057251e-02
1.394395977258682251e-01
-5.599974468350410461e-02
-9.673021733760833740e-02
1.087718009948730469e-01
-9.059298783540725708e-02
-1.641020923852920532e-01
-1.673355698585510254e-01
-1.314087510108947754e-01
5.961540713906288147e-02
4.327127709984779358e-02
1.085404604673385620e-01
-4.840414226055145264e-02
2.391928434371948242e-02
-4.751979187130928040e-02
-4.317574203014373779e-02
1.183960288763046265e-01
9.763487428426742554e-02
4.458493739366531372e-02
-9.192002005875110626e-03
-6.859501451253890991e-02
-1.966324634850025177e-02
-8.235965669155120850e-02
-5.640407279133796692e-02
3.679056093096733093e-02
5.559612065553665161e-02
7.671842724084854126e-02
-1.493561565876007080e-01
-1.849196106195449829e-02
-3.433572873473167419e-02
-3.624654933810234070e-02
8.469296619296073914e-03
1.755153387784957886e-02
7.550924271345138550e-02
-7.400381378829479218e-03
-4.183411970734596252e-02
1.754946261644363403e-01
-1.076762899756431580e-01
1.109452918171882629e-01
-1.665294915437698364e-01
3.264459222555160522e-02
