2.198965474963188171e-02
-6.656216830015182495e-02
9.600919671356678009e-03
6.153120473027229309e-02
-1.115300953388214111e-01
4.406529478728771210e-03
-1.430009752511978149e-01
1.019226270727813244e-03
-9.884790331125259399e-02
1.180573701858520508e-01
5.568721890449523926e-02
-2.501365728676319122e-02
2.639633975923061371e-02
-4.318244382739067078e-02
1.168520972132682800e-01
1.186120659112930298e-01
-3.450167551636695862e-02
-1.009628847241401672e-01
8.291973173618316650e-02
-7.713747024536132812e-02
-5.682365968823432922e-02
9.872525185346603394e-02
7.345548272132873535e-02
5.135323107242584229e-02
-1.568590849637985229e-01
1.675527095794677734e-01
1.957781612873077393e-02
-3.476298600435256958e-02
1.145737841725349426e-01
-9.046902507543563843e-02
2.311996743083000183e-02
-3.525784984230995178e-02
3.830616595223546028e-03
-2.009241469204425812e-02
1.078266203403472900e-01
3.703973442316055298e-02
-3.582961158826947212e-03
-2.333626896142959595e-02
-2.175638265907764435e-02
1.946672201156616211e-01
-3.101083450019359589e-02
-2.643121965229511261e-02
-4.980913922190666199e-02
2.400970906019210815e-01
-1.149395015090703964e-02
-1.049386113882064819e-01
1.200549826025962830e-01
-4.024121537804603577e-02
2.474663220345973969e-02
5.569192022085189819e-02
1.042876616120338440e-01
3.153105452656745911e-02
-8.969050645828247070e-02
-6.554335821419954300e-03
1.439294964075088501e-01
1.261330954730510712e-02
4.507086239755153656e-03
1.022990420460700989e-01
-1.171336043626070023e-02
-4.487669561058282852e-03
-8.414562791585922241e-02
-1.963749341666698456e-02
-9.428704530000686646e-02
7.518657296895980835e-02
-1.798037439584732056e-02
4.550968110561370850e-02
-8.274505287408828735e-02
-1.836099475622177124e-02
5.385908856987953186e-02
-1.087244004011154175e-01
2.074681967496871948e-01
-4.920669645071029663e-02
-1.008046269416809082e-01
-1.011931449174880981e-01
1.195099055767059326e-01
-1.185437366366386414e-01
-1.047142297029495239e-01
5.144789069890975952e-02
1.189887709915637970e-02
-6.930553168058395386e-02
7.872735708951950073e-02
-1.991792768239974976e-01
1.979624666273593903e-02
-7.067287713289260864e-02
6.115826964378356934e-02
8.688116073608398438e-02
-9.997157007455825806e-02
1.368294563144445419e-02
-9.455151855945587158e-03
2.214713767170906067e-02
-2.804376557469367981e-02
1.518819779157638550e-01
-4.137310013175010681e-02
-8.918593078851699829e-02
-1.006185337901115417e-01
-1.888656318187713623e-01
4.501428455114364624e-02
-9.783213585615158081e-02
9.174763411283493042e-02
-3.087992407381534576e-02
4.665629565715789795e-02
3.215165063738822937e-02
-2.158580720424652100e-02
6.725036352872848511e-02
1.567902863025665283e-01
8.266283199191093445e-03
4.551609605550765991e-02
2.471086569130420685e-02
-2.275136411190032959e-01
1.382562052458524704e-02
3.391770645976066589e-02
1.177497133612632751e-01
1.564895808696746826e-01
1.110612079501152039e-01
-1.748678833246231079e-02
4.621406644582748413e-02
-3.268504887819290161e-02
-1.057699471712112427e-01
1.106132492423057556e-01
-8.988650515675544739e-03
5.863633006811141968e-02
-5.118729174137115479e-02
-5.944004282355308533e-02
1.952949166297912598e-02
-9.471777081489562988e-02
1.816792041063308716e-01
-1.318714320659637451e-01
1.147443205118179321e-01
