-2.099481970071792603e-02
-1.440061349421739578e-02
-4.931278899312019348e-02
6.932509690523147583e-02
-4.113871231675148010e-02
2.478856593370437622e-02
-6.190224736928939819e-02
-1.486816704273223877e-01
-6.419179588556289673e-02
-1.887858286499977112e-02
-1.190846636891365051e-01
3.953185304999351501e-02
-1.390576362609863281e-01
-6.143767386674880981e-02
-4.054028913378715515e-02
-1.534132752567529678e-02
5.853034928441047668e-02
1.398904621601104736e-01
5.590356513857841492e-02
-7.918988913297653198e-02
8.020574599504470825e-02
2.911743894219398499e-02
1.216572895646095276e-01
4.919762723147869110e-03
-1.109838932752609253e-01
5.880468711256980896e-02
-8.879452943801879883e-02
1.172639708966016769e-02
1.537493523210287094e-02
3.897497430443763733e-02
3.601291775703430176e-02
4.068898409605026245e-02
1.136663705110549927e-01
-5.214268807321786880e-03
-1.185927614569664001e-01
6.939551234245300293e-02
-1.295157819986343384e-01
-1.714830696582794189e-01
-7.147746533155441284e-02
1.698481738567352295e-01
-1.487865597009658813e-01
1.073464006185531616e-02
-1.007524207234382629e-01
1.081015355885028839e-02
1.360797882080078125e-01
-3.162757307291030884e-02
1.577609032392501831e-01
2.093388698995113373e-02
3.440352529287338257e-02
7.851862907409667969e-02
2.462297677993774414e-01
8.894172310829162598e-02
-3.677120804786682129e-02
3.416574373841285706e-02
4.522889479994773865e-02
-3.686397150158882141e-02
1.756357401609420776e-02
-2.131903730332851410e-02
-1.082573272287845612e-02
5.872292444109916687e-02
-1.877531781792640686e-02
7.540175318717956543e-02
-5.801795981824398041e-03
-6.078258901834487915e-02
7.955863326787948608e-02
1.437009721994400024e-01
-3.800733759999275208e-02
4.671213030815124512e-02
9.302026778459548950e-02
6.463498622179031372e-02
1.017793118953704834e-01
2.079795449972152710e-01
-7.489036768674850464e-02
1.230290904641151428e-01
3.365175053477287292e-02
4.244557768106460571e-02
-3.207993879914283752e-02
-3.179076313972473145e-02
-4.661382734775543213e-02
-1.924920976161956787e-01
1.169117391109466553e-01
-1.498899161815643311e-01
-1.998717188835144043e-01
-6.827973574399948120e-02
1.766340807080268860e-02
1.270078271627426147e-01
-7.371122390031814575e-02
-2.601734921336174011e-02
1.420763432979583740e-01
1.119352225214242935e-02
-1.397534459829330444e-01
-9.874242357909679413e-03
-5.169272795319557190e-02
1.504924800246953964e-02
-5.720936134457588196e-02
-3.243257477879524231e-02
-2.069681882858276367e-02
-7.379678636789321899e-02
8.247213438153266907e-03
-1.040897741913795471e-01
-6.421261280775070190e-02
2.972116880118846893e-02
4.345376417040824890e-02
1.498262137174606323e-01
-7.761016488075256348e-03
-1.498779952526092529e-01
-2.042688429355621338e-02
-2.071735560894012451e-01
-1.747465729713439941e-01
-3.923413529992103577e-02
-1.458653956651687622e-01
1.221836078912019730e-02
5.773945152759552002e-02
1.307217180728912354e-01
-6.329454481601715088e-02
-4.565944150090217590e-02
3.179531916975975037e-02
5.138575285673141479e-02
-2.363505400717258453e-02
-2.461106143891811371e-02
9.646265208721160889e-02
8.240929245948791504e-02
6.040461827069520950e-03
-3.593533486127853394e-02
-1.512338966131210327e-01
1.398740150034427643e-02
-2.421026118099689484e-02
-8.359534665942192078e-03
