-1.219015866518020630e-01
1.060718521475791931e-01
3.266347572207450867e-02
3.194849193096160889e-02
-1.249050647020339966e-01
-6.346739828586578369e-02
-2.527015656232833862e-02
-1.168124526739120483e-01
-7.110177725553512573e-02
-1.825173571705818176e-02
-1.497982628643512726e-02
-7.086415588855743408e-02
-1.947318390011787415e-02
-7.293020188808441162e-02
-4.622923955321311951e-02
-9.265218675136566162e-02
-5.566911771893501282e-02
1.324586868286132812e-01
-2.141278935596346855e-03
-1.901398785412311554e-02
-8.564838767051696777e-02
1.593469083309173584e-01
-1.469242293387651443e-02
-6.774684041738510132e-02
-9.588748216629028320e-03
1.291243880987167358e-01
-7.926886528730392456e-02
4.759145155549049377e-02
-1.090505043976008892e-03
-1.344290282577276230e-02
2.671109512448310852e-02
2.099391538649797440e-03
1.739078313112258911e-01
-7.245377451181411743e-02
-3.916467539966106415e-04
8.203079551458358765e-02
-2.345312386751174927e-01
-8.962788432836532593e-02
-1.012293398380279541e-01
1.420161277055740356e-01
-1.133007854223251343e-01
-1.346801817417144775e-01
-7.856630533933639526e-02
6.065094098448753357e-02
2.321941033005714417e-02
5.723526328802108765e-02
1.235822215676307678e-01
5.083680152893066406e-02
1.613869816064834595e-01
9.118875861167907715e-02
2.472955435514450073e-01
2.409921213984489441e-02
-9.004108607769012451e-02
4.560660163406282663e-04
1.799925789237022400e-02
1.520884782075881958e-02
7.612371351569890976e-03
3.468039911240339279e-03
1.604431867599487305e-02
2.648684382438659668e-02
-2.539086155593395233e-02
1.607888936996459961e-02
-2.535629831254482269e-02
-7.461744546890258789e-02
-2.003114670515060425e-02
7.560615241527557373e-02
-1.609326303005218506e-01
1.274227444082498550e-02
4.198377206921577454e-02
1.142039597034454346e-01
6.429594010114669800e-02
1.238271743059158325e-01
-4.551560431718826294e-02
1.344016194343566895e-01
4.953466355800628662e-02
-4.342767968773841858e-02
3.341921791434288025e-02
-2.687681652605533600e-02
-3.475892916321754456e-02
-1.827950179576873779e-01
2.111373990774154663e-01
-1.007919535040855408e-01
-7.814437896013259888e-02
-1.628122627735137939e-01
9.857592731714248657e-02
5.224838480353355408e-02
1.367425080388784409e-03
3.681094199419021606e-02
1.583609730005264282e-01
8.731080591678619385e-02
-1.650424599647521973e-01
1.541587859392166138e-01
-8.770444989204406738e-02
-2.639193320646882057e-03
-1.121006608009338379e-01
-1.460418105125427246e-01
1.873999275267124176e-02
1.431770343333482742e-02
1.798645220696926117e-02
-6.177671626210212708e-02
-3.462425246834754944e-02
-7.203845679759979248e-02
-1.335189398378133774e-02
8.299870789051055908e-02
-7.893721014261245728e-02
-7.699739187955856323e-02
5.256755277514457703e-03
-6.066929176449775696e-02
-8.982773870229721069e-03
-9.157606959342956543e-02
-3.163305670022964478e-02
-5.687305703759193420e-02
1.527576148509979248e-01
9.604104608297348022e-02
2.736692316830158234e-03
-9.163565188646316528e-02
-1.256403326988220215e-01
3.903795033693313599e-02
6.233015563338994980e-03
-9.374871104955673218e-02
-1.283843368291854858e-01
-3.013878129422664642e-02
5.348800122737884521e-02
-8.975545316934585571e-02
-1.122529134154319763e-01
6.749496608972549438e-02
4.132273793220520020e-02
1.271037850528955460e-02
