3.643039986491203308e-02
-1.267087757587432861e-01
-3.371766582131385803e-02
1.231450513005256653e-01
-1.630115509033203125e-01
4.035316035151481628e-02
-1.061513870954513550e-01
-1.049209609627723694e-01
-1.056604534387588501e-01
1.138398423790931702e-01
-1.167630124837160110e-02
-5.441945791244506836e-02
-2.417526580393314362e-02
-9.028221666812896729e-02
7.572533935308456421e-02
1.393241137266159058e-01
7.665556669235229492e-02
-2.383482828736305237e-02
6.604437530040740967e-02
-1.050758808851242065e-01
5.144065245985984802e-02
9.962864220142364502e-02
1.283071488142013550e-01
-6.617388874292373657e-02
-1.604709625244140625e-01
1.142046079039573669e-01
8.745938539505004883e-03
-6.422005593776702881e-02
7.964158803224563599e-02
-6.580857560038566589e-03
1.113385632634162903e-01
-3.208987414836883545e-02
6.289233267307281494e-02
-5.619890987873077393e-02
-1.982158236205577850e-02
2.048542723059654236e-02
-3.378035128116607666e-02
-3.370613977313041687e-02
-5.620884150266647339e-02
1.921848654747009277e-01
-4.518326744437217712e-02
6.768152117729187012e-02
-1.073738485574722290e-01
1.918131262063980103e-01
7.710239291191101074e-02
-7.473806291818618774e-02
3.360578790307044983e-02
4.118400439620018005e-02
3.537793830037117004e-02
7.231751829385757446e-02
1.912120580673217773e-01
3.221366181969642639e-02
-5.892128497362136841e-02
2.308377064764499664e-02
6.952708959579467773e-02
6.208083592355251312e-03
1.266636047512292862e-02
-2.721042931079864502e-02
2.555050654336810112e-03
5.211797729134559631e-02
-2.519052103161811829e-02
-8.100770413875579834e-03
-6.152821704745292664e-02
-3.574172500520944595e-03
-4.091815277934074402e-02
4.064309597015380859e-02
1.676781848073005676e-02
-1.409128122031688690e-02
1.215634271502494812e-01
-1.071246340870857239e-01
1.930206567049026489e-01
3.789791464805603027e-02
-8.365422487258911133e-02
-3.501447662711143494e-02
1.437139958143234253e-01
-1.335140019655227661e-01
-3.480323357507586479e-03
-1.565493829548358917e-02
-6.983471661806106567e-02
-4.473700001835823059e-02
9.671773016452789307e-02
-1.994257569313049316e-01
-6.302013248205184937e-02
4.252271354198455811e-02
-2.404290623962879181e-02
8.776508271694183350e-02
-1.907424181699752808e-01
-1.081441179849207401e-03
2.195842796936631203e-03
-6.303142011165618896e-02
-6.171754375100135803e-02
7.192433625459671021e-02
-8.230681717395782471e-02
-6.697885692119598389e-02
-1.173427253961563110e-01
-1.736644506454467773e-01
4.716181010007858276e-02
-8.980499207973480225e-02
6.952990591526031494e-02
-2.934162504971027374e-02
1.054550707340240479e-01
-4.555871710181236267e-02
-6.029317155480384827e-02
1.422374993562698364e-01
1.319062262773513794e-01
-4.479876533150672913e-02
8.087817579507827759e-03
-5.002002790570259094e-02
-1.951775997877120972e-01
1.696035615168511868e-03
-4.412306845188140869e-02
1.972505450248718262e-01
1.488132625818252563e-01
8.142670243978500366e-02
-6.951981037855148315e-02
9.815341793000698090e-03
-1.067089214920997620e-01
-3.298743814229965210e-02
7.645958662033081055e-02
1.721408590674400330e-02
5.075137130916118622e-03
5.507911555469036102e-03
-1.541903316974639893e-01
1.299254000186920166e-01
-8.054604381322860718e-02
6.317108869552612305e-02
-8.539818227291107178e-02
3.004280105233192444e-02
