-1.103147193789482117e-01
-3.701275587081909180e-02
-1.683774590492248535e-01
1.404900941997766495e-02
7.053571194410324097e-02
-1.098051085136830807e-03
-3.085480071604251862e-02
3.449397860094904900e-03
-1.449462119489908218e-02
4.127498343586921692e-02
-4.932675510644912720e-02
-5.624382570385932922e-02
-1.447432339191436768e-01
-8.880116790533065796e-02
-4.909614101052284241e-02
2.164255641400814056e-02
-1.567748934030532837e-02
-3.463394194841384888e-02
1.638318747282028198e-01
1.102917268872261047e-02
-1.107616499066352844e-01
1.869710236787796021e-01
-1.248516887426376343e-01
-1.036810949444770813e-01
-8.956770412623882294e-03
1.786507517099380493e-01
8.091213554143905640e-02
-1.592091768980026245e-01
6.598494481295347214e-03
2.236792817711830139e-03
1.493340730667114258e-01
7.628992199897766113e-02
2.658553048968315125e-02
-7.579144090414047241e-02
-6.347555667161941528e-02
-1.181678771972656250e-01
4.005879163742065430e-03
1.040196195244789124e-01
-9.546861797571182251e-02
2.385265007615089417e-02
-1.715247929096221924e-01
-1.456404924392700195e-01
7.792098075151443481e-02
9.585231542587280273e-02
-1.309878975152969360e-01
3.709433227777481079e-02
-3.162722662091255188e-02
-4.792498424649238586e-02
-1.658896543085575104e-02
-5.040812119841575623e-02
5.919618532061576843e-02
5.020301043987274170e-02
6.542874127626419067e-02
-8.390222489833831787e-02
6.549407541751861572e-02
7.326667010784149170e-02
1.038303747773170471e-01
1.359624415636062622e-01
1.581903398036956787e-01
3.818172588944435120e-02
6.272944808006286621e-02
1.593082994222640991e-01
-1.000373661518096924e-01
-2.088867872953414917e-02
-1.251215580850839615e-02
-4.554416518658399582e-03
4.206517338752746582e-02
7.603850960731506348e-02
1.514822989702224731e-01
5.449511483311653137e-02
4.289242252707481384e-02
-1.030510067939758301e-01
-9.708114713430404663e-02
1.181806921958923340e-01
1.805187314748764038e-01
-1.397896856069564819e-01
-1.725917682051658630e-02
-6.494353711605072021e-02
1.637086458504199982e-02
-4.701791331171989441e-02
1.395413428544998169e-01
-5.740416049957275391e-02
-4.748167842626571655e-02
-9.300417453050613403e-02
-5.957355350255966187e-02
5.852188169956207275e-02
-1.152805685997009277e-01
-3.775265067815780640e-02
9.704603999853134155e-02
6.717639416456222534e-02
4.192082211375236511e-02
9.852585941553115845e-02
-9.528036415576934814e-02
-7.598550617694854736e-02
-1.812094449996948242e-02
-5.190249904990196228e-02
4.357974976301193237e-02
7.654528319835662842e-02
2.335896156728267670e-02
9.501641243696212769e-02
1.399836391210556030e-01
9.828989859670400620e-04
-1.008316278457641602e-01
1.118272170424461365e-01
8.523259311914443970e-02
8.100429922342300415e-02
-1.241062283515930176e-01
-4.436949733644723892e-03
-9.334527701139450073e-02
2.824810892343521118e-02
3.412439674139022827e-02
5.346715450286865234e-02
9.900005161762237549e-02
-5.811928957700729370e-02
-1.965505182743072510e-01
1.108767814002931118e-03
-9.018547832965850830e-02
-9.258315712213516235e-02
-9.016485512256622314e-02
1.165173575282096863e-01
-2.857504040002822876e-02
1.611224748194217682e-02
-7.719719409942626953e-02
6.564582884311676025e-02
-1.519673019647598267e-01
-6.908603012561798096e-02
1.741332584060728550e-03
4.042324796319007874e-02
