-5.673606321215629578e-02
-1.625606417655944824e-02
-1.258058547973632812e-01
1.820743978023529053e-01
1.767722330987453461e-02
1.883881837129592896e-01
-1.789795011281967163e-01
-5.353740602731704712e-02
-1.176049560308456421e-01
-4.234508424997329712e-02
4.764551669359207153e-02
-7.021110504865646362e-02
-4.164909198880195618e-02
-9.243529289960861206e-02
-1.254537254571914673e-01
-4.219572246074676514e-02
2.337440289556980133e-02
-1.023531928658485413e-01
7.988676428794860840e-03
2.428652159869670868e-02
-4.627801477909088135e-03
1.967452764511108398e-01
2.590285427868366241e-02
-1.297734081745147705e-01
-1.136593520641326904e-01
1.086769998073577881e-01
5.029948055744171143e-02
-4.835982620716094971e-02
-2.172443456947803497e-02
5.240227654576301575e-02
4.315626993775367737e-02
3.610987588763237000e-02
-6.739537417888641357e-02
-1.995495148003101349e-02
-1.681767404079437256e-01
8.057604730129241943e-02
-4.746319353580474854e-02
7.750207930803298950e-02
-1.717389523983001709e-01
4.853073135018348694e-02
-1.991576701402664185e-02
-1.943250186741352081e-02
7.023412734270095825e-03
1.092055812478065491e-01
-6.441444158554077148e-02
-1.267426908016204834e-01
-4.170164838433265686e-02
-6.762399524450302124e-02
-1.580327079864218831e-05
3.394168987870216370e-02
1.612789034843444824e-01
2.033535204827785492e-02
2.499053254723548889e-02
3.457352891564369202e-02
3.406412154436111450e-02
1.377922594547271729e-01
1.134781911969184875e-01
2.235120162367820740e-02
2.045640721917152405e-02
-5.886954069137573242e-02
3.657938539981842041e-02
1.335475146770477295e-01
-6.335189100354909897e-04
-6.626351922750473022e-02
-1.192718744277954102e-01
9.024043567478656769e-03
1.183583680540323257e-02
1.524577140808105469e-01
1.574127823114395142e-01
6.537257134914398193e-02
1.592738479375839233e-01
-3.862787783145904541e-02
-1.261951774358749390e-01
6.069370731711387634e-02
1.505550183355808258e-02
-5.541244149208068848e-02
3.354658186435699463e-02
-1.261885613203048706e-01
8.948294073343276978e-02
-1.680336743593215942e-01
1.001578420400619507e-01
-2.195429205894470215e-01
-5.488470569252967834e-02
-8.767786622047424316e-02
6.224793568253517151e-02
1.695072976872324944e-03
-2.995402179658412933e-02
-2.756618335843086243e-02
4.710101708769798279e-02
9.177719801664352417e-02
-1.222838461399078369e-01
-2.659172751009464264e-02
-4.060366377234458923e-02
-1.436298489570617676e-01
2.303122729063034058e-02
-7.248993217945098877e-02
7.664742320775985718e-02
-3.843722632154822350e-03
5.787288025021553040e-02
6.201596930623054504e-02
-2.707090042531490326e-02
3.084809146821498871e-02
-1.256119757890701294e-01
2.172600179910659790e-01
3.811257891356945038e-03
9.995092451572418213e-02
-2.300020866096019745e-02
5.138183385133743286e-02
-1.856935024261474609e-01
3.076692670583724976e-02
2.866980154067277908e-03
3.535775095224380493e-02
1.206079199910163879e-01
-6.619480997323989868e-02
-1.068555936217308044e-01
1.676602847874164581e-02
-1.403853148221969604e-01
3.575664013624191284e-03
-1.079134643077850342e-02
5.673725903034210205e-02
4.621180891990661621e-02
-2.643996290862560272e-02
4.705640301108360291e-02
5.052917823195457458e-02
-1.359955966472625732e-01
-1.983688212931156158e-02
2.007034979760646820e-02
-7.763225585222244263e-02
