-1.576977223157882690e-02
-5.526764784008264542e-03
-1.193300336599349976e-01
1.773541569709777832e-01
9.862299263477325439e-02
1.082097589969635010e-01
-9.793040901422500610e-02
-1.754471957683563232e-01
-1.226046457886695862e-01
4.852586239576339722e-02
-1.183146312832832336e-01
-1.530362516641616821e-01
-1.043862253427505493e-01
3.698116540908813477e-02
-8.135671168565750122e-02
-2.535876072943210602e-02
-5.958196520805358887e-02
6.647776067256927490e-02
1.280759125947952271e-01
-1.455565690994262695e-01
-1.791215036064386368e-03
1.550395339727401733e-01
9.712280705571174622e-03
-1.072905436158180237e-01
-7.333572208881378174e-02
6.551544368267059326e-02
-3.240374103188514709e-02
-2.161978185176849365e-02
6.153766810894012451e-02
1.204150542616844177e-01
1.116545721888542175e-01
5.887944623827934265e-02
-5.494542792439460754e-02
-1.865937002003192902e-02
-8.092182874679565430e-02
5.314004421234130859e-02
-1.033928990364074707e-01
-1.702529937028884888e-02
-1.079735010862350464e-01
1.286370754241943359e-01
3.444267436861991882e-02
-7.552038878202438354e-02
6.790647655725479126e-02
-1.807664148509502411e-02
9.212131053209304810e-02
-4.728366807103157043e-02
4.696873575448989868e-02
-1.659705787897109985e-01
-3.989936411380767822e-02
6.177764385938644409e-02
9.702941030263900757e-02
-3.019134886562824249e-02
-7.467294484376907349e-02
-1.818672055378556252e-03
8.384816348552703857e-02
1.722211688756942749e-01
2.355158329010009766e-02
1.098653376102447510e-01
3.465721756219863892e-02
-4.812933132052421570e-02
-2.191744744777679443e-02
1.249187290668487549e-01
4.834781214594841003e-02
-1.610314995050430298e-01
-6.219780445098876953e-02
9.482751041650772095e-02
5.767937749624252319e-02
6.852331012487411499e-02
5.350100249052047729e-02
1.240580007433891296e-01
1.441449970006942749e-01
3.504437208175659180e-02
-1.449578702449798584e-01
9.765987098217010498e-02
7.159240543842315674e-02
2.669955976307392120e-02
1.211334392428398132e-02
-1.074004769325256348e-01
7.584300637245178223e-02
2.128493227064609528e-02
1.168176680803298950e-01
-2.645787298679351807e-01
4.292258992791175842e-02
-8.575875312089920044e-02
4.882199689745903015e-02
-9.456166299059987068e-04
-5.072966590523719788e-02
6.475216150283813477e-02
1.312002539634704590e-01
3.692385181784629822e-02
-1.072891429066658020e-01
6.399035453796386719e-02
3.716303780674934387e-02
-1.956278830766677856e-01
1.944893412292003632e-02
-1.297275274991989136e-01
4.210841283202171326e-02
3.187485039234161377e-02
4.901246353983879089e-02
2.355247735977172852e-02
-3.845876455307006836e-02
1.452417951077222824e-02
-3.375462442636489868e-02
1.936186105012893677e-01
6.168808043003082275e-02
5.228717625141143799e-02
-6.470203399658203125e-02
-2.125171013176441193e-02
-1.117914542555809021e-01
-3.536603227257728577e-02
-6.038665398955345154e-02
-1.605279371142387390e-02
4.968867078423500061e-02
-4.277246817946434021e-02
-8.790342509746551514e-02
5.425917450338602066e-03
-9.163730591535568237e-02
-6.084683816879987717e-03
-1.109698787331581116e-01
-7.841529697179794312e-02
4.659303929656744003e-03
5.169068276882171631e-02
1.022089738398790359e-02
6.770700961351394653e-02
-1.826335042715072632e-01
-3.271238133311271667e-02
-5.487066879868507385e-02
3.777775540947914124e-02
