-1.831636577844619751e-02
-1.132819801568984985e-01
-4.299030825495719910e-02
1.421067863702774048e-01
-9.441830962896347046e-02
3.996168076992034912e-02
-1.191861331462860107e-01
-1.002922803163528442e-01
2.086307108402252197e-02
1.071573197841644287e-01
-3.177806362509727478e-02
-2.436675317585468292e-02
-1.710261777043342590e-02
-1.674544997513294220e-02
-1.725470460951328278e-02
8.029734343290328979e-02
-3.305859863758087158e-02
-4.567471519112586975e-02
1.618572324514389038e-01
-1.003282144665718079e-01
5.597579292953014374e-03
8.775506913661956787e-02
1.198094710707664490e-02
-8.896719664335250854e-02
-2.189915329217910767e-01
1.043039038777351379e-01
6.352178752422332764e-04
-8.885361254215240479e-02
1.152799129486083984e-01
-5.758194252848625183e-02
1.160523854196071625e-02
5.924557801336050034e-03
1.032579503953456879e-02
-2.672920562326908112e-02
-4.608621820807456970e-02
3.148577874526381493e-03
3.231512382626533508e-03
-2.900956943631172180e-02
-1.523315999656915665e-02
1.479525417089462280e-01
7.529075723141431808e-03
-4.977140575647354126e-03
-1.942008733749389648e-02
1.655958592891693115e-01
1.218184363096952438e-02
-1.163502186536788940e-01
6.003478169441223145e-02
8.476297371089458466e-03
1.236255839467048645e-02
3.424658253788948059e-02
1.879138201475143433e-01
6.668697111308574677e-03
-7.912316918373107910e-02
7.638714462518692017e-02
8.880758285522460938e-02
4.253831505775451660e-02
5.287630483508110046e-02
5.233808886259794235e-03
4.577163606882095337e-02
-2.958025597035884857e-02
-1.014445126056671143e-01
-1.301950309425592422e-02
-1.399940997362136841e-02
-9.916215389966964722e-02
6.244217231869697571e-02
4.481898248195648193e-02
-6.666029244661331177e-02
-6.760970503091812134e-02
1.538441181182861328e-01
-7.057452201843261719e-02
1.761696636676788330e-01
-3.715880587697029114e-02
-2.319374084472656250e-01
-1.707379147410392761e-02
2.110119313001632690e-01
-7.685633003711700439e-02
-6.310182809829711914e-02
-2.729029208421707153e-02
4.226559400558471680e-02
-9.314380586147308350e-02
1.435021311044692993e-01
-2.017960101366043091e-01
-7.588191330432891846e-02
-1.186158135533332825e-01
8.260098285973072052e-03
1.405078768730163574e-01
-1.402718126773834229e-01
-3.527022525668144226e-02
7.481255382299423218e-02
-3.380257263779640198e-02
-4.288617521524429321e-02
6.171905249357223511e-02
-9.023352712392807007e-02
-1.566461175680160522e-01
-5.784377455711364746e-02
-1.306499242782592773e-01
4.640636965632438660e-02
-1.190458759665489197e-01
8.923548460006713867e-02
-1.463210117071866989e-02
-2.687263069674372673e-03
-1.592474617063999176e-02
-1.079460829496383667e-01
1.364518404006958008e-01
1.021190509200096130e-01
1.901239901781082153e-02
1.160998735576868057e-02
-2.443355694413185120e-02
-2.036445140838623047e-01
7.149397581815719604e-02
-5.435034632682800293e-02
9.355372190475463867e-02
1.390814483165740967e-01
1.395280659198760986e-01
-5.075141414999961853e-02
4.883823543787002563e-02
5.738857388496398926e-02
-1.090804710984230042e-01
2.026802860200405121e-02
2.745191566646099091e-02
3.591255843639373779e-02
-5.586950480937957764e-02
-9.078808128833770752e-02
5.663108825683593750e-02
-1.484438627958297729e-01
4.170213639736175537e-02
2.884021587669849396e-02
7.753562182188034058e-02
