-6.028874963521957397e-02
-1.043048314750194550e-02
-1.079081520438194275e-01
1.533514857292175293e-01
8.331451565027236938e-02
1.233462169766426086e-01
6.326181441545486450e-02
-1.758985668420791626e-01
-1.853972822427749634e-01
6.387407332658767700e-02
-1.606127619743347168e-01
-1.438961625099182129e-01
-1.115646064281463623e-01
4.870212450623512268e-02
-3.962102904915809631e-02
-3.546825796365737915e-02
-4.915242642164230347e-02
7.988389581441879272e-02
1.271248459815979004e-01
-1.356314867734909058e-01
-7.064246386289596558e-02
1.014117002487182617e-01
6.883753836154937744e-02
-7.117038220167160034e-02
-9.230652451515197754e-02
1.520381774753332138e-02
-7.652224600315093994e-02
1.234398409724235535e-02
-5.802752822637557983e-02
1.356081068515777588e-01
6.352864205837249756e-02
3.027661517262458801e-02
3.721198439598083496e-02
4.196258634328842163e-02
-1.043922454118728638e-01
4.505774751305580139e-02
-9.506086260080337524e-02
1.644289866089820862e-02
-1.130098849534988403e-01
6.412173062562942505e-02
-5.183899030089378357e-02
-1.159093379974365234e-01
6.149356439709663391e-02
4.646014422178268433e-03
9.059146791696548462e-02
-2.912940457463264465e-03
-1.387545466423034668e-02
-1.351305395364761353e-01
1.385962869971990585e-02
9.358229488134384155e-02
5.707387998700141907e-02
6.189434323459863663e-03
-1.813568547368049622e-02
-3.091173991560935974e-02
1.073708683252334595e-01
1.799910813570022583e-01
5.207705125212669373e-02
1.063057482242584229e-01
-2.098584920167922974e-02
-2.472132816910743713e-02
1.479687821120023727e-02
1.297567337751388550e-01
4.634207859635353088e-02
-4.122753813862800598e-02
3.167355433106422424e-02
2.060175091028213501e-01
-5.429546348750591278e-03
-9.089862927794456482e-03
-4.310768842697143555e-02
1.305815577507019043e-01
1.375945806503295898e-01
4.741418175399303436e-03
-1.957469061017036438e-02
4.286869615316390991e-02
2.801509760320186615e-02
3.364173695445060730e-02
1.413920987397432327e-02
-9.169650077819824219e-02
5.639553070068359375e-02
-6.219016015529632568e-02
1.227800920605659485e-01
-2.186551988124847412e-01
-1.008446663618087769e-01
-8.300643414258956909e-02
1.021175980567932129e-01
-5.280531942844390869e-02
2.846369985491037369e-03
9.098106622695922852e-02
1.932340115308761597e-01
1.569729149341583252e-01
-1.012591049075126648e-01
8.899196982383728027e-02
4.770050570368766785e-02
-7.424960285425186157e-02
8.299555629491806030e-03
-1.027204282581806183e-02
-1.565700024366378784e-02
5.471776425838470459e-02
8.396981656551361084e-02
3.415794670581817627e-02
3.577911481261253357e-02
8.209077268838882446e-02
-1.868121139705181122e-02
1.633785218000411987e-01
1.376595813781023026e-02
4.087284952402114868e-02
-9.416674077510833740e-02
6.533606443554162979e-03
-3.289878368377685547e-02
-9.112593531608581543e-02
-8.463876694440841675e-02
-5.031855776906013489e-02
-2.650238573551177979e-02
-4.749827459454536438e-02
-1.095374822616577148e-01
-3.978950530290603638e-02
-4.078340157866477966e-02
-3.978340700268745422e-02
-1.821810156106948853e-01
-1.311229765415191650e-01
-2.253377996385097504e-02
1.135669425129890442e-01
5.403701961040496826e-02
-1.061485186219215393e-01
-1.577556878328323364e-01
-6.947099417448043823e-02
-1.206152141094207764e-01
6.612144876271486282e-03
