-4.227155074477195740e-02
-7.876973599195480347e-03
-6.104090437293052673e-02
9.768868237733840942e-02
9.819152951240539551e-02
1.268197000026702881e-01
-1.134568899869918823e-01
-6.132661551237106323e-02
-1.172589138150215149e-01
-2.337798476219177246e-02
1.001414880156517029e-01
-1.184966862201690674e-01
-7.393290102481842041e-02
9.401155263185501099e-02
-4.297291487455368042e-02
-8.978141844272613525e-02
-1.653781719505786896e-02
-2.919746562838554382e-02
7.232403755187988281e-02
-5.485910549759864807e-02
-9.361170232295989990e-02
2.545192539691925049e-01
2.155777812004089355e-02
-1.340300142765045166e-01
-1.048190742731094360e-01
7.656331360340118408e-02
3.946579620242118835e-02
-4.808999225497245789e-02
5.157517641782760620e-02
1.031716987490653992e-01
7.833814620971679688e-02
1.315338313579559326e-01
-2.532082423567771912e-02
-6.750784069299697876e-02
-1.031054332852363586e-01
4.385827854275703430e-02
-1.248512715101242065e-01
-1.003837734460830688e-01
-2.852477133274078369e-02
9.775128215551376343e-02
-8.698765188455581665e-03
-8.013420552015304565e-02
1.204286962747573853e-01
1.070895120501518250e-01
-2.077648043632507324e-02
-1.316559165716171265e-01
-4.461506381630897522e-02
-8.127097040414810181e-02
-4.353623837232589722e-02
1.772779226303100586e-02
6.787136942148208618e-02
3.000236675143241882e-02
1.120471581816673279e-02
5.604434758424758911e-03
5.691729485988616943e-02
9.212230890989303589e-02
1.025939136743545532e-01
1.227592602372169495e-01
4.850491881370544434e-02
4.617556184530258179e-02
-1.379634290933609009e-01
1.809359341859817505e-01
4.000934213399887085e-02
-9.769047796726226807e-02
2.532843966037034988e-03
-1.172349136322736740e-02
3.521053493022918701e-02
1.229004934430122375e-01
1.626349836587905884e-01
1.076778545975685120e-01
9.948749840259552002e-02
6.516604218631982803e-03
-1.112884506583213806e-01
1.609397232532501221e-01
2.434082515537738800e-02
1.481745392084121704e-02
-1.052111294120550156e-02
-6.513640284538269043e-02
6.612434983253479004e-02
-1.538209468126296997e-01
1.135130673646926880e-01
-1.562828421592712402e-01
-1.999080926179885864e-02
-1.570881754159927368e-01
-2.146500162780284882e-03
-1.985555514693260193e-02
-8.391714096069335938e-02
3.400920191779732704e-03
3.294035419821739197e-02
-5.380889028310775757e-02
-1.324114203453063965e-01
5.854104459285736084e-02
-1.177850663661956787e-01
-1.425783187150955200e-01
7.375997304916381836e-02
-2.164724916219711304e-01
6.204104796051979065e-02
1.170501485466957092e-01
-2.853143215179443359e-02
2.563027292490005493e-02
-9.973794966936111450e-02
-7.548605091869831085e-03
-1.757095307111740112e-01
1.446802169084548950e-01
9.648579359054565430e-02
7.243388146162033081e-02
-4.674637690186500549e-02
6.038650870323181152e-03
-1.407871246337890625e-01
2.252911031246185303e-02
-2.924308180809020996e-02
-7.859564502723515034e-04
3.278629854321479797e-02
-7.602795213460922241e-02
-4.811296239495277405e-02
4.254395514726638794e-02
2.099328301846981049e-02
-8.776503801345825195e-02
-4.938264936208724976e-02
2.313315868377685547e-02
4.785801097750663757e-02
9.242346882820129395e-02
6.543995440006256104e-02
3.488476201891899109e-02
-1.240614429116249084e-01
3.610603511333465576e-02
-5.233255773782730103e-02
-4.515352845191955566e-02
