-5.015153065323829651e-02
-4.353243112564086914e-02
-1.588720530271530151e-01
1.029736921191215515e-01
-8.089336007833480835e-02
6.010270863771438599e-02
-1.664588898420333862e-01
-4.472253471612930298e-02
-1.932643055915832520e-01
-3.596815280616283417e-03
-7.375629246234893799e-02
-5.527822673320770264e-02
-1.832519285380840302e-02
-7.792796939611434937e-02
-8.743985556066036224e-03
5.744959786534309387e-02
4.726990312337875366e-02
-1.296000480651855469e-01
4.213524051010608673e-03
9.242645464837551117e-03
-2.798279374837875366e-02
1.977042555809020996e-01
1.028105989098548889e-01
-1.113109812140464783e-01
-1.837233453989028931e-01
1.269344538450241089e-01
4.766876995563507080e-02
-9.477382153272628784e-02
6.494466960430145264e-02
7.928741723299026489e-02
7.282909005880355835e-02
3.802727535367012024e-02
-1.446210034191608429e-02
-4.138349369168281555e-02
-1.285754144191741943e-01
6.285012513399124146e-02
4.089894518256187439e-02
1.064872369170188904e-01
-2.351237647235393524e-02
8.872997760772705078e-02
-7.889737188816070557e-02
1.481603831052780151e-03
-9.745366126298904419e-02
1.225239858031272888e-01
-1.218324825167655945e-01
-1.046476662158966064e-01
-3.605478256940841675e-02
-5.247290059924125671e-02
-1.830354519188404083e-02
1.765513978898525238e-02
1.230784654617309570e-01
5.270056053996086121e-02
-4.497198015451431274e-02
1.654835604131221771e-02
8.101632446050643921e-02
6.533678621053695679e-02
6.489838659763336182e-02
1.755402982234954834e-02
-2.960508922114968300e-03
1.039943378418684006e-02
-2.445633336901664734e-02
1.386939734220504761e-01
-4.609621316194534302e-02
2.483751066029071808e-02
-3.593919426202774048e-02
1.405255217105150223e-02
1.385610923171043396e-02
8.394619822502136230e-02
1.932342499494552612e-01
-5.335488240234553814e-04
4.885165765881538391e-02
-3.596001863479614258e-02
-8.203942328691482544e-02
4.368853569030761719e-02
6.024034321308135986e-02
-1.017277613282203674e-01
-2.018137648701667786e-02
-1.192309334874153137e-01
7.948122918605804443e-02
-1.493604034185409546e-01
6.487771868705749512e-02
-2.173405289649963379e-01
-1.586681902408599854e-01
-4.559976235032081604e-02
-5.959467589855194092e-02
1.440074592828750610e-01
-8.860506117343902588e-02
2.091433480381965637e-02
7.063013315200805664e-02
5.522261932492256165e-02
-8.944205939769744873e-02
1.003292202949523926e-02
-1.094354037195444107e-02
-1.371379941701889038e-01
-3.040169365704059601e-02
-1.308421194553375244e-01
5.818089842796325684e-02
-2.935262955725193024e-02
5.361677333712577820e-02
8.482749760150909424e-02
2.982811257243156433e-02
2.568834833800792694e-02
-1.358449459075927734e-01
1.710032075643539429e-01
3.700442984700202942e-02
4.141685366630554199e-02
-2.681484445929527283e-02
-2.282135002315044403e-02
-2.757208943367004395e-01
-1.550934743136167526e-02
-9.607217274606227875e-03
6.927454471588134766e-02
1.773131638765335083e-01
-7.857942581176757812e-02
-1.458321362733840942e-01
6.026180833578109741e-02
-5.419870093464851379e-02
-5.782040208578109741e-02
-1.232165470719337463e-02
1.069787740707397461e-01
9.880261868238449097e-02
7.769309729337692261e-02
-4.137869179248809814e-02
9.593931585550308228e-02
-4.743671789765357971e-02
4.532252997159957886e-02
-9.804952889680862427e-03
-3.013906534761190414e-03
