3.015260770916938782e-02
-6.151240319013595581e-02
2.152674458920955658e-02
1.341531127691268921e-01
-5.835880339145660400e-02
4.614464566111564636e-02
3.402617201209068298e-02
-1.836917921900749207e-02
-1.525506079196929932e-01
2.326175384223461151e-02
-2.670002356171607971e-02
-3.551828488707542419e-02
-1.650394350290298462e-01
-5.979184806346893311e-02
6.281897425651550293e-02
9.664517641067504883e-02
6.783411651849746704e-02
-8.121329359710216522e-03
7.745573669672012329e-02
-1.459051072597503662e-01
-4.155582562088966370e-02
-6.670422852039337158e-02
2.590321935713291168e-03
-3.178416937589645386e-02
-8.872710168361663818e-02
5.328194424510002136e-02
-3.254039585590362549e-02
2.676569670438766479e-02
1.435620039701461792e-01
3.251598030328750610e-02
1.305379718542098999e-01
-4.358549043536186218e-02
5.153277888894081116e-02
2.992522343993186951e-02
6.949586421251296997e-02
7.226642221212387085e-02
-7.881437242031097412e-02
-2.381729148328304291e-02
-8.120318502187728882e-02
2.106932848691940308e-01
-1.343996915966272354e-02
-4.566466808319091797e-02
7.768160849809646606e-02
-1.871545799076557159e-02
5.344042554497718811e-03
7.043046504259109497e-02
1.005693972110748291e-01
-5.888345092535018921e-02
1.062354147434234619e-01
3.703338280320167542e-02
6.072955951094627380e-02
-5.307469889521598816e-02
-1.740833967924118042e-01
1.983067952096462250e-02
1.978925466537475586e-01
-1.283536385744810104e-02
7.218369841575622559e-02
4.701271187514066696e-03
1.193985994905233383e-02
-6.725692749023437500e-02
-2.861092612147331238e-02
2.950249612331390381e-02
3.982490301132202148e-02
4.763890057802200317e-02
6.293298304080963135e-02
4.717158153653144836e-02
-5.152985826134681702e-02
-9.366101026535034180e-02
9.006024897098541260e-02
-3.727572411298751831e-02
9.071808308362960815e-02
-2.557909116148948669e-02
-1.344353109598159790e-01
-3.058076277375221252e-02
1.457279473543167114e-01
-3.121010027825832367e-02
-3.597826138138771057e-02
9.949795156717300415e-02
-4.768301546573638916e-02
-1.252507120370864868e-01
1.792787164449691772e-01
-1.594884097576141357e-01
-5.463605746626853943e-02
-1.044597327709197998e-01
8.934832364320755005e-02
1.623255014419555664e-01
-8.041422814130783081e-03
-5.459945276379585266e-02
2.620680257678031921e-02
-3.813464194536209106e-02
-1.566979587078094482e-01
1.470781415700912476e-01
9.643299505114555359e-03
-9.728720039129257202e-02
-1.134637519717216492e-01
-6.285674124956130981e-02
-8.726111799478530884e-02
7.970080710947513580e-03
1.551310271024703979e-01
-1.155554875731468201e-01
-2.215602668002247810e-03
-6.302563101053237915e-02
3.497365489602088928e-02
1.217691078782081604e-01
1.622858792543411255e-01
4.999035596847534180e-02
1.074090674519538879e-01
-1.620164513587951660e-01
-2.405941188335418701e-01
-6.403837352991104126e-02
-3.871188266202807426e-03
-2.762155793607234955e-02
1.102388203144073486e-01
1.413915902376174927e-01
-1.125575751066207886e-01
-6.555732339620590210e-02
-8.169206790626049042e-03
-1.807027496397495270e-02
2.513099648058414459e-02
-1.603136956691741943e-02
8.382968604564666748e-02
-2.480356208980083466e-02
-1.179667934775352478e-01
7.236785441637039185e-02
-1.844256371259689331e-01
9.342186152935028076e-02
5.591480527073144913e-03
7.841450162231922150e-03
