-1.148298755288124084e-01
4.205223917961120605e-02
-4.360714927315711975e-02
3.806566074490547180e-02
-1.161933392286300659e-01
-5.466959625482559204e-02
-3.382145240902900696e-02
-1.226546093821525574e-01
-2.449984699487686157e-01
1.410269550979137421e-02
-3.661594586446881294e-03
-1.227485463023185730e-01
-2.788872458040714264e-02
-1.873482912778854370e-01
-8.948174305260181427e-03
-2.581157162785530090e-02
-9.688637219369411469e-03
8.295347914099693298e-03
-9.137026965618133545e-02
-6.370949000120162964e-02
-6.915866583585739136e-02
1.808435320854187012e-01
-1.290670479647815228e-03
-5.635838583111763000e-02
-8.533310890197753906e-02
9.617902338504791260e-02
-6.220273301005363464e-02
3.051536530256271362e-02
-2.838400006294250488e-02
-8.523134142160415649e-02
2.143478989601135254e-01
-1.287792902439832687e-02
6.613910943269729614e-02
-6.709410250186920166e-02
-2.199615910649299622e-02
7.769329100847244263e-02
-1.351017802953720093e-01
-6.964176148176193237e-02
-6.630481034517288208e-02
1.441461741924285889e-01
-1.080624461174011230e-01
4.201120138168334961e-02
-8.912886679172515869e-02
1.544021964073181152e-01
1.541840098798274994e-02
3.386291489005088806e-02
6.925123929977416992e-02
-1.144712790846824646e-02
4.175549373030662537e-02
1.340871602296829224e-01
2.562952935695648193e-01
2.830307232216000557e-03
-8.781635761260986328e-02
-1.092139407992362976e-01
-8.093445748090744019e-02
2.285393327474594116e-02
-9.639196842908859253e-02
9.065101295709609985e-02
6.858492642641067505e-02
5.580275505781173706e-02
1.463146228343248367e-02
2.256715483963489532e-02
-6.115734204649925232e-02
3.181479871273040771e-02
-6.797188520431518555e-02
-1.397286448627710342e-02
-1.338777411729097366e-02
5.023277923464775085e-02
8.388113975524902344e-02
5.315431952476501465e-02
9.362866729497909546e-02
1.371964961290359497e-01
-1.059866771101951599e-01
1.115573495626449585e-01
1.312131285667419434e-01
-1.032701581716537476e-01
1.964630931615829468e-02
-1.538560353219509125e-02
-2.812990546226501465e-02
-4.673590138554573059e-02
1.878033876419067383e-01
-1.395838111639022827e-01
-3.195314854383468628e-02
-8.150479197502136230e-02
9.991231560707092285e-02
2.374878898262977600e-02
5.996813531965017319e-03
2.766654081642627716e-02
1.467765867710113525e-01
-1.542778685688972473e-02
-7.461673766374588013e-02
5.324517190456390381e-02
-8.445262908935546875e-03
-1.131163388490676880e-01
-8.158663660287857056e-02
-8.893802016973495483e-02
1.023532599210739136e-01
1.988248154520988464e-02
3.155633062124252319e-02
-2.685945853590965271e-02
4.266712069511413574e-02
-8.985732495784759521e-02
-6.232724059373140335e-03
1.891763508319854736e-01
-2.933403849601745605e-02
-7.898288965225219727e-02
1.645262353122234344e-02
4.651794733945280313e-04
-1.138427108526229858e-01
-3.429926186800003052e-02
3.255636617541313171e-02
1.718310080468654633e-02
9.714171290397644043e-02
-4.023442044854164124e-02
-5.407639779150485992e-03
-8.220063149929046631e-02
-2.670381367206573486e-01
4.530298057943582535e-03
1.078042387962341309e-01
-5.913512408733367920e-02
-1.380953639745712280e-01
-2.215029112994670868e-02
2.188480272889137268e-02
7.763604819774627686e-02
-3.929140418767929077e-02
6.777042150497436523e-02
-2.964376844465732574e-02
1.200230419635772705e-02
