-8.731156587600708008e-02
-1.856273263692855835e-01
-1.630538702011108398e-01
6.451179832220077515e-02
5.399923399090766907e-02
1.379326730966567993e-01
-4.201126098632812500e-02
-8.056432008743286133e-02
-7.674074918031692505e-02
6.773678958415985107e-02
4.359618574380874634e-02
-1.660233885049819946e-01
-6.591910868883132935e-02
-9.313896298408508301e-03
6.171141192317008972e-02
-5.607732385396957397e-02
-3.190281987190246582e-02
-2.547682821750640869e-02
7.912394404411315918e-02
-2.051794342696666718e-02
-2.271752506494522095e-01
1.488427519798278809e-01
8.698970079421997070e-03
-6.592842936515808105e-02
-7.221098244190216064e-02
1.823365571908652782e-03
4.927416518330574036e-02
-6.851806491613388062e-02
3.403211710974574089e-03
1.470859907567501068e-02
5.164175853133201599e-02
3.445064881816506386e-03
4.023196175694465637e-03
1.258334796875715256e-02
-3.823963180184364319e-02
-6.720527075231075287e-03
-1.085488200187683105e-01
1.135943681001663208e-01
-1.915558278560638428e-01
1.049889028072357178e-01
-1.275637149810791016e-01
-1.317956298589706421e-01
4.231070354580879211e-02
9.912882000207901001e-02
-2.938191778957843781e-02
-3.443229943513870239e-02
-3.793746605515480042e-02
-1.200653389096260071e-01
-3.588163759559392929e-03
-9.911540895700454712e-03
6.677118688821792603e-02
-2.944435179233551025e-02
1.547098532319068909e-02
-1.114924810826778412e-02
7.535526901483535767e-02
1.662079095840454102e-01
1.210151538252830505e-01
1.959098130464553833e-01
-9.150941856205463409e-03
2.042312175035476685e-02
6.506581604480743408e-02
2.128529250621795654e-01
-3.017655014991760254e-02
1.903392374515533447e-02
6.968544423580169678e-02
1.565296798944473267e-01
4.616887867450714111e-02
6.904905661940574646e-03
1.129741519689559937e-01
9.698917716741561890e-02
3.975268825888633728e-02
2.306429669260978699e-02
-7.844320684671401978e-02
4.895232617855072021e-02
7.491745054721832275e-02
-8.222389966249465942e-02
8.938457071781158447e-02
-1.522373128682374954e-02
6.002724915742874146e-02
-9.393910318613052368e-02
1.722552180290222168e-01
-1.457746773958206177e-01
-5.037088692188262939e-02
6.077459454536437988e-02
5.385465547442436218e-02
-2.217172645032405853e-02
-3.668651729822158813e-02
-2.362043038010597229e-02
2.019798755645751953e-01
3.694225475192070007e-02
-8.591952919960021973e-02
1.049764081835746765e-01
-5.514855682849884033e-02
-1.121003925800323486e-01
-6.837699562311172485e-02
-4.359974339604377747e-02
1.784611679613590240e-02
1.096233278512954712e-01
1.688950508832931519e-02
8.479757606983184814e-02
7.136398553848266602e-02
-1.571330055594444275e-02
-6.139453127980232239e-02
1.154545173048973083e-01
3.263577818870544434e-02
7.191839814186096191e-02
-1.141385734081268311e-01
-5.539905279874801636e-02
-1.628536731004714966e-01
9.213829785585403442e-02
-2.788455225527286530e-02
-3.610983118414878845e-02
2.510248683393001556e-03
-6.097959354519844055e-03
-1.033987104892730713e-01
7.636853959411382675e-03
-5.573398247361183167e-02
-2.736984752118587494e-02
-5.587067082524299622e-02
1.722473278641700745e-02
-4.958537407219409943e-03
8.452806621789932251e-02
-4.504155367612838745e-02
7.565748691558837891e-02
-2.169204950332641602e-01
-6.492975633591413498e-03
-1.967672854661941528e-01
-1.043259445577859879e-02
