-8.315813541412353516e-02
9.926257282495498657e-02
-1.442798413336277008e-02
2.898176759481430054e-02
-6.024145707488059998e-02
-3.608182072639465332e-02
1.278019323945045471e-02
-1.678932905197143555e-01
-1.045638993382453918e-01
-1.196495722979307175e-02
-4.411811009049415588e-02
-2.234179526567459106e-02
-1.292934920638799667e-02
-5.120174586772918701e-02
1.003955584019422531e-02
-2.812849916517734528e-02
2.170319482684135437e-02
1.159038841724395752e-01
5.996380466967821121e-03
-7.591449469327926636e-02
-8.069127798080444336e-02
1.366850882768630981e-01
2.220035530626773834e-02
-2.879358455538749695e-02
-4.916930198669433594e-02
1.205644160509109497e-01
-5.273225530982017517e-02
3.471373021602630615e-02
6.896553188562393188e-02
-4.935585334897041321e-02
-1.258197473362088203e-03
1.193906366825103760e-02
1.824433952569961548e-01
-4.246538132429122925e-02
-2.373675070703029633e-02
5.956815183162689209e-02
-1.339347958564758301e-01
-1.150748208165168762e-01
-5.748619511723518372e-02
1.801091730594635010e-01
-2.330049127340316772e-01
-1.851276867091655731e-02
-7.084105908870697021e-02
9.842301905155181885e-02
6.576953828334808350e-02
6.798662245273590088e-02
1.345885545015335083e-01
-2.575723454356193542e-03
1.551128029823303223e-01
8.037054538726806641e-02
2.353757172822952271e-01
4.282167926430702209e-02
-6.319411844015121460e-02
3.224216343369334936e-04
-3.856348246335983276e-02
2.195063233375549316e-02
6.414320319890975952e-02
-6.724443286657333374e-02
8.872043341398239136e-03
1.196036301553249359e-02
-3.374430909752845764e-02
2.352494746446609497e-02
-7.119287550449371338e-02
-1.705083623528480530e-02
5.150386318564414978e-02
1.051716133952140808e-01
-1.591336280107498169e-01
2.744649909436702728e-02
8.816239237785339355e-02
9.500535577535629272e-02
7.185935974121093750e-02
1.595483124256134033e-01
-8.127571642398834229e-02
5.976480245590209961e-02
1.379736661911010742e-01
-6.118748709559440613e-02
-2.856117673218250275e-02
1.899360306560993195e-02
-2.139755524694919586e-02
-2.121935039758682251e-01
1.581063568592071533e-01
-1.031690388917922974e-01
-1.309755444526672363e-01
-1.206566244363784790e-01
1.215807944536209106e-01
4.110273718833923340e-02
-6.445363163948059082e-02
4.034937359392642975e-03
1.800011098384857178e-01
2.960726432502269745e-02
-1.505497694015502930e-01
1.207616925239562988e-01
-9.829080849885940552e-02
4.177736490964889526e-02
-1.483123600482940674e-01
-7.114493846893310547e-02
-8.702164143323898315e-02
-1.004924625158309937e-01
9.326042234897613525e-02
-8.526352792978286743e-02
1.318512018769979477e-03
-7.775189727544784546e-02
1.903664320707321167e-02
1.002242639660835266e-01
-1.044000014662742615e-01
-7.721409946680068970e-02
-2.207902818918228149e-02
-1.429091542959213257e-01
-6.563168764114379883e-02
-5.822780542075634003e-03
-6.458123773336410522e-02
-2.542370185256004333e-02
2.151862718164920807e-02
1.480488628149032593e-01
2.515444532036781311e-02
-1.013566181063652039e-01
3.502165526151657104e-02
5.736335739493370056e-02
4.986423999071121216e-02
-6.780110299587249756e-02
-3.884163498878479004e-02
-2.085208520293235779e-02
1.262038666754961014e-02
-2.149038761854171753e-02
-1.847943961620330811e-01
2.345945686101913452e-02
-4.524408653378486633e-02
2.636765129864215851e-03
