3.045403631404042244e-03
2.342737466096878052e-02
-3.924868535250425339e-03
1.394687145948410034e-01
-6.977886892855167389e-03
9.317838400602340698e-02
-2.880222350358963013e-02
-1.552415490150451660e-01
-1.041193380951881409e-01
7.846581190824508667e-02
2.856970578432083130e-02
-4.716721549630165100e-02
-1.747011393308639526e-01
-5.927390977740287781e-02
5.210287496447563171e-02
7.947190105915069580e-02
1.361051499843597412e-01
4.416723549365997314e-02
8.625044673681259155e-02
-3.886879980564117432e-02
3.447141870856285095e-02
1.080187633633613586e-01
1.138745769858360291e-01
5.340984556823968887e-03
-1.598639339208602905e-01
1.015956029295921326e-01
-5.187521502375602722e-02
1.830467581748962402e-02
1.510986685752868652e-01
-7.681747898459434509e-03
5.740021541714668274e-02
3.382059559226036072e-02
2.816681936383247375e-02
1.717381179332733154e-02
-2.198744751513004303e-02
1.242590174078941345e-01
-1.091145426034927368e-01
-4.047695547342300415e-02
-9.593305736780166626e-02
2.182064950466156006e-01
-2.451852895319461823e-02
3.332978114485740662e-02
-8.885024487972259521e-02
5.680251121520996094e-02
6.419921666383743286e-02
-3.017972037196159363e-02
1.029506176710128784e-01
-7.241478562355041504e-02
3.596266359090805054e-02
3.587626293301582336e-02
1.292262077331542969e-01
-2.900964021682739258e-02
-1.166421622037887573e-01
5.490445718169212341e-02
5.764365941286087036e-02
-5.827231332659721375e-03
1.616162359714508057e-01
-2.995624765753746033e-02
-7.146094739437103271e-02
-2.810216695070266724e-02
-2.858637459576129913e-02
6.204955279827117920e-02
-4.819867387413978577e-02
1.108382456004619598e-02
4.580123350024223328e-02
1.117466315627098083e-01
-4.386120289564132690e-02
2.799626998603343964e-02
9.126419574022293091e-02
-7.013386487960815430e-02
2.329571694135665894e-01
1.398191004991531372e-01
-9.409212321043014526e-02
-4.259590804576873779e-02
3.249938040971755981e-02
-4.622158035635948181e-02
-4.969087615609169006e-02
-3.813724592328071594e-02
7.204174064099788666e-03
-1.425636410713195801e-01
1.537031978368759155e-01
-2.178987413644790649e-01
-1.514737755060195923e-01
-1.043472811579704285e-01
9.217245876789093018e-02
1.026063486933708191e-01
2.339247614145278931e-02
-2.772665210068225861e-02
1.006090119481086731e-01
4.997456073760986328e-02
-1.491664350032806396e-01
4.519384726881980896e-02
-2.493376843631267548e-02
3.148246929049491882e-02
-1.203232817351818085e-02
-2.617004513740539551e-02
-5.815098062157630920e-02
-2.239606715738773346e-02
1.333262473344802856e-01
-3.561410680413246155e-02
-5.133751407265663147e-02
5.807597190141677856e-02
1.263812184333801270e-02
2.062845081090927124e-01
-2.035564975813031197e-03
-4.483613371849060059e-02
2.688352018594741821e-02
-1.648325175046920776e-01
-1.570190787315368652e-01
7.790397852659225464e-02
-4.490526020526885986e-02
-7.459933310747146606e-02
1.191101521253585815e-01
5.222263187170028687e-02
4.431691393256187439e-02
-7.148959487676620483e-02
8.251949399709701538e-02
1.012941226363182068e-01
7.554328441619873047e-02
5.712216254323720932e-03
1.099683642387390137e-01
2.623592130839824677e-02
-5.427099391818046570e-02
-7.761647459119558334e-03
-1.802107095718383789e-01
1.100850701332092285e-01
-7.533805072307586670e-02
-2.501653134822845459e-02
