-9.081605821847915649e-02
-2.208201214671134949e-02
-9.369882941246032715e-02
6.794334203004837036e-02
6.457941234111785889e-02
8.666131645441055298e-02
-1.019207909703254700e-01
-1.246879715472459793e-02
-5.563274398446083069e-02
1.895138248801231384e-02
-6.980763748288154602e-03
-6.434803456068038940e-02
-1.205683797597885132e-01
-6.155397370457649231e-02
-4.651888087391853333e-02
1.453136000782251358e-02
-7.303968071937561035e-02
-7.061629742383956909e-02
8.824519813060760498e-02
2.529180981218814850e-02
-8.648441731929779053e-02
1.934902518987655640e-01
-4.246787354350090027e-02
-9.652231633663177490e-02
-6.043846160173416138e-02
1.349371522665023804e-01
1.174981147050857544e-01
-1.371163129806518555e-01
-3.041015565395355225e-02
2.374116331338882446e-02
9.062605351209640503e-02
1.670507043600082397e-01
-4.622293636202812195e-02
-1.068775057792663574e-01
-7.960742712020874023e-02
-8.455202728509902954e-02
-1.293351873755455017e-02
5.451822653412818909e-02
7.229070644825696945e-03
2.428703382611274719e-02
-7.444362342357635498e-02
-1.287392973899841309e-01
5.170211195945739746e-02
1.669939905405044556e-01
-3.886980190873146057e-02
-6.079266220331192017e-02
-4.399130493402481079e-02
-7.950409315526485443e-03
-2.217917516827583313e-02
-6.366600841283798218e-02
1.543541997671127319e-01
1.089161485433578491e-01
5.854693055152893066e-02
-9.436513483524322510e-02
6.108963862061500549e-02
5.427816882729530334e-02
1.557818055152893066e-01
1.207073628902435303e-01
1.561650037765502930e-01
1.513422131538391113e-01
-7.375361770391464233e-02
1.229521483182907104e-01
-1.125827431678771973e-01
5.380626767873764038e-03
-6.933014374226331711e-03
-1.769608259201049805e-02
2.351981354877352715e-03
8.664845675230026245e-02
1.791708916425704956e-01
4.437989741563796997e-02
1.302950233221054077e-01
-3.231047093868255615e-02
-1.128368824720382690e-01
1.343384385108947754e-01
3.661690652370452881e-02
-1.073299497365951538e-01
-7.861462235450744629e-02
-1.017033755779266357e-01
-9.053690358996391296e-03
-1.933377236127853394e-01
2.034556865692138672e-02
-1.326950192451477051e-01
-7.732226699590682983e-02
-1.241758689284324646e-01
-6.486015766859054565e-02
6.132880598306655884e-02
-1.269165426492691040e-01
-6.334066390991210938e-02
-7.101631257683038712e-03
1.207892671227455139e-01
-4.368619993329048157e-02
8.002613484859466553e-02
-1.275370270013809204e-01
-1.001499518752098083e-01
1.761801913380622864e-02
-1.536202430725097656e-01
-2.357995137572288513e-02
5.478910729289054871e-02
-4.785836674273014069e-03
9.719868004322052002e-02
7.178390771150588989e-02
9.083250164985656738e-02
-1.829466074705123901e-01
7.836885005235671997e-02
8.362618088722229004e-02
7.842350006103515625e-02
-7.481685280799865723e-02
4.051996022462844849e-02
-1.328312158584594727e-01
8.247927576303482056e-02
5.713992938399314880e-02
4.297401383519172668e-02
1.083641126751899719e-01
-1.207250170409679413e-02
-8.680121600627899170e-02
1.060502231121063232e-01
-1.086231041699647903e-02
-6.526771187782287598e-02
-3.717931732535362244e-02
2.684970013797283173e-02
7.225162535905838013e-02
1.095010712742805481e-01
-5.395550280809402466e-02
-1.229205750860273838e-03
-1.179659888148307800e-01
-2.675342001020908356e-02
5.604585260152816772e-02
4.249426349997520447e-02
