3.268684446811676025e-02
-8.159463107585906982e-02
-1.188931837677955627e-01
7.353145629167556763e-02
-6.388616561889648438e-02
2.096735686063766479e-02
-1.638388819992542267e-02
-1.772808283567428589e-01
-1.161906272172927856e-01
4.801950603723526001e-02
-1.066390890628099442e-02
-8.139889687299728394e-02
-4.083258658647537231e-02
-7.249884307384490967e-03
1.145937815308570862e-01
3.581161843612790108e-03
1.198806464672088623e-01
6.367142498493194580e-02
1.867014542222023010e-02
-1.128568276762962341e-01
-1.401481479406356812e-01
1.258587241172790527e-01
1.433733403682708740e-01
3.032032400369644165e-02
-8.091441541910171509e-02
3.442465886473655701e-02
-2.730185911059379578e-02
-4.032987356185913086e-02
-3.575085476040840149e-02
2.465473487973213196e-02
1.576052159070968628e-01
2.337653189897537231e-02
3.667281568050384521e-02
-6.470353156328201294e-02
-5.023811385035514832e-02
5.392596870660781860e-02
-9.800773859024047852e-02
-1.221049800515174866e-01
5.304518342018127441e-02
1.567520350217819214e-01
-1.189746260643005371e-01
8.556650578975677490e-02
-1.138653084635734558e-01
9.794595092535018921e-02
1.908998750150203705e-02
-6.108266860246658325e-02
1.001388998702168465e-03
-5.126233398914337158e-02
8.673600852489471436e-02
-3.338633105158805847e-02
1.555999368429183960e-01
-7.316208444535732269e-03
-1.765987090766429901e-02
-1.202878952026367188e-01
-1.746169105172157288e-02
2.668902650475502014e-02
8.896083384752273560e-02
1.937012001872062683e-02
7.939106971025466919e-02
2.526721358299255371e-02
-6.963606178760528564e-02
1.037019193172454834e-01
-1.399119850248098373e-02
6.370097398757934570e-02
1.035316511988639832e-01
1.035359948873519897e-01
1.671238988637924194e-02
-1.576981879770755768e-02
9.674381464719772339e-02
4.422371089458465576e-02
1.502966284751892090e-01
1.810305565595626831e-01
3.458885848522186279e-02
6.645517051219940186e-02
6.647711247205734253e-02
-8.350436575710773468e-03
4.107524082064628601e-02
-4.967188090085983276e-02
-1.409636717289686203e-02
-1.142778694629669189e-01
1.980809420347213745e-01
-2.042352408170700073e-01
-2.281501442193984985e-01
9.311744943261146545e-03
4.122552648186683655e-02
4.155856743454933167e-02
-1.900968998670578003e-01
-1.979124918580055237e-02
2.133896201848983765e-01
-2.815562859177589417e-02
-1.610280722379684448e-01
-2.008383162319660187e-02
-1.119467392563819885e-01
-2.942927740514278412e-02
-3.256498649716377258e-02
-1.502493768930435181e-02
-9.945846162736415863e-03
5.172213073819875717e-03
-4.272292926907539368e-02
-3.288238868117332458e-02
-6.935507059097290039e-02
3.975193575024604797e-02
3.178839385509490967e-02
1.455095261335372925e-01
-3.602438839152455330e-03
-6.252409517765045166e-02
-6.052647158503532410e-02
-1.072240769863128662e-01
-1.603524684906005859e-01
-7.517970353364944458e-02
-1.476577203720808029e-02
-7.515002042055130005e-02
2.951232530176639557e-02
6.285101920366287231e-02
-2.410354837775230408e-02
-6.449441611766815186e-02
3.828629851341247559e-02
2.188684977591037750e-02
2.540918998420238495e-02
3.755867108702659607e-02
1.276738196611404419e-01
5.387241020798683167e-02
1.118454784154891968e-01
-7.714992854744195938e-03
8.018604479730129242e-03
1.812646090984344482e-01
-1.766648441553115845e-01
-4.379100352525711060e-02
