-5.105738341808319092e-02
-1.086571589112281799e-01
-1.199731603264808655e-01
-1.212420128285884857e-02
-4.777243360877037048e-02
-1.890217699110507965e-02
-2.737687341868877411e-02
-4.913593083620071411e-02
-1.646005958318710327e-01
1.371670216321945190e-01
1.338167954236268997e-02
-3.087982162833213806e-02
-1.188025102019309998e-01
-1.518092453479766846e-01
6.843709945678710938e-02
1.200453191995620728e-01
-6.841128319501876831e-02
-8.630686998367309570e-02
8.376397192478179932e-02
-2.991661429405212402e-02
-6.065728887915611267e-02
9.064286202192306519e-02
-1.290207542479038239e-02
1.314684897661209106e-01
-1.336289644241333008e-01
1.439446508884429932e-01
4.166724160313606262e-02
-9.730447828769683838e-02
-1.077178493142127991e-01
-1.804650388658046722e-02
1.541865020990371704e-01
5.704244598746299744e-02
6.446246802806854248e-02
-1.680326908826828003e-01
-8.532917127013206482e-03
8.544503711163997650e-03
-2.582610026001930237e-02
1.079787313938140869e-01
4.966552834957838058e-03
4.998444393277168274e-02
-1.062865182757377625e-01
3.874002769589424133e-02
-1.015102267265319824e-01
1.720698773860931396e-01
-1.217455603182315826e-02
2.160836383700370789e-02
1.754586957395076752e-02
1.920801401138305664e-02
-3.348519653081893921e-02
6.459441501647233963e-04
2.658668458461761475e-01
8.098612725734710693e-02
-2.421178855001926422e-02
-2.311874646693468094e-03
6.224404647946357727e-02
2.058283798396587372e-02
3.588591888546943665e-02
5.891828611493110657e-02
8.563447743654251099e-02
1.149455383419990540e-01
2.986687608063220978e-02
6.201334297657012939e-02
-1.664984375238418579e-01
7.274638116359710693e-02
-5.370774492621421814e-02
6.843402050435543060e-03
8.250868320465087891e-02
3.696890315040946007e-03
1.547310054302215576e-01
-2.055706083774566650e-02
7.573372870683670044e-02
5.496490001678466797e-02
-1.254813075065612793e-01
2.222978323698043823e-02
1.248719245195388794e-01
-1.725182086229324341e-01
-1.163061410188674927e-01
-4.782238602638244629e-02
-1.099033132195472717e-01
-2.514082752168178558e-02
3.220168128609657288e-02
-1.066133975982666016e-01
-1.210821792483329773e-01
-4.283505678176879883e-02
-2.674703858792781830e-02
9.801868349313735962e-02
-5.603467300534248352e-02
-1.361861079931259155e-01
6.893998384475708008e-02
2.654433948919177055e-03
-6.512891966849565506e-03
1.038858890533447266e-01
-7.539144158363342285e-02
-5.945672094821929932e-02
-1.249176263809204102e-01
-6.496296823024749756e-02
1.416034549474716187e-01
5.147463642060756683e-03
-3.666909411549568176e-02
5.834575742483139038e-03
1.580219417810440063e-01
4.428211599588394165e-02
2.764993719756603241e-02
3.459414094686508179e-02
8.229539543390274048e-02
7.194451242685317993e-02
-4.577913507819175720e-02
9.131381660699844360e-02
-2.062440365552902222e-01
3.024744335561990738e-03
6.614774465560913086e-02
8.748726546764373779e-02
1.927606016397476196e-01
-1.946482807397842407e-03
8.054892532527446747e-03
3.638608008623123169e-02
-1.386322081089019775e-01
-4.123565740883350372e-03
4.150061681866645813e-02
4.242388997226953506e-03
-2.203323878347873688e-02
5.617513787001371384e-03
-1.127064228057861328e-01
6.910891085863113403e-02
-1.293480247259140015e-01
3.937763720750808716e-02
-3.144562616944313049e-02
1.161243319511413574e-01
