3.300555795431137085e-02
-8.103049546480178833e-02
-1.007692217826843262e-01
1.664867699146270752e-01
4.691002517938613892e-02
9.944866597652435303e-02
-5.653366446495056152e-02
-1.756768077611923218e-01
-1.052027717232704163e-01
9.881392121315002441e-02
-9.367698431015014648e-02
-1.473449468612670898e-01
-1.143720969557762146e-01
5.476849898695945740e-02
-1.047858782112598419e-02
-1.958904042840003967e-02
3.194120246917009354e-03
1.036559492349624634e-01
1.653132438659667969e-01
-1.318598985671997070e-01
-8.762213587760925293e-02
1.491370499134063721e-01
1.430510543286800385e-02
-1.145028769969940186e-01
-6.604731827974319458e-02
3.874473646283149719e-02
-8.984421379864215851e-03
-1.656613126397132874e-02
6.108711659908294678e-02
1.437524557113647461e-01
9.632195532321929932e-02
-1.592428074218332767e-03
-3.210071846842765808e-02
-1.609231345355510712e-02
-7.926840335130691528e-03
-5.697387969121336937e-04
-7.103698700666427612e-02
4.102100804448127747e-02
-9.918531030416488647e-02
1.600092649459838867e-01
-3.483510762453079224e-02
-7.284438610076904297e-02
7.766365259885787964e-02
-1.017759088426828384e-02
3.406282886862754822e-02
-8.322912454605102539e-02
3.906605765223503113e-02
-1.814161539077758789e-01
3.033092478290200233e-03
5.901716649532318115e-02
1.282672733068466187e-01
-5.124594643712043762e-02
-6.984322518110275269e-02
-2.473391033709049225e-02
8.829241991043090820e-02
1.663172096014022827e-01
1.193327605724334717e-01
1.495319604873657227e-01
5.831721797585487366e-02
-7.726900279521942139e-02
-5.131398886442184448e-02
1.259933859109878540e-01
2.561662718653678894e-02
-9.765239059925079346e-02
5.593045428395271301e-02
9.119547158479690552e-02
-5.635942798107862473e-03
-5.622910708189010620e-02
6.806077808141708374e-02
1.986840553581714630e-02
1.047127917408943176e-01
-2.304374473169445992e-03
-9.053354710340499878e-02
-4.820249043405056000e-03
7.200641185045242310e-02
1.886989362537860870e-02
2.131883986294269562e-02
-6.894962489604949951e-02
1.247265636920928955e-01
-2.415913529694080353e-02
1.333381384611129761e-01
-2.856714129447937012e-01
7.001118361949920654e-02
-6.628365069627761841e-02
5.400529876351356506e-02
1.570827886462211609e-02
-6.038665398955345154e-02
9.256756305694580078e-02
1.916555166244506836e-01
4.616485908627510071e-02
-1.236361265182495117e-01
1.121527701616287231e-01
-3.140534833073616028e-02
-1.180445775389671326e-01
9.793973527848720551e-03
-1.062448397278785706e-01
-5.202505365014076233e-02
4.058097302913665771e-02
4.920335114002227783e-02
5.944018717855215073e-03
-1.276395935565233231e-02
-5.911472253501415253e-03
-2.010524086654186249e-02
1.707275211811065674e-01
7.156275957822799683e-02
3.344898670911788940e-02
-5.407692119479179382e-02
-4.882184788584709167e-02
-1.496143937110900879e-01
-5.212329700589179993e-02
-5.332251265645027161e-02
-3.386632353067398071e-02
5.110245943069458008e-02
-5.088145378977060318e-03
-1.486132889986038208e-01
7.736246567219495773e-03
-5.343729257583618164e-02
-6.058039516210556030e-02
-1.064077690243721008e-01
-4.445122182369232178e-02
-1.910810917615890503e-02
5.259264633059501648e-02
-5.880898330360651016e-03
1.062674000859260559e-01
-1.379940211772918701e-01
-2.198270522058010101e-02
-1.592758446931838989e-01
3.069759532809257507e-02
