-1.259138435125350952e-01
1.388509292155504227e-02
-1.220058798789978027e-01
1.023133173584938049e-01
2.387725375592708588e-02
7.422412745654582977e-03
1.589716848684474826e-04
1.112526562064886093e-02
-5.033554881811141968e-02
9.723147749900817871e-02
-1.015085950493812561e-01
1.207326477015158162e-05
-6.642336398363113403e-02
-6.523323059082031250e-02
-5.119845643639564514e-02
5.097873508930206299e-02
-2.351468661800026894e-03
-2.607834711670875549e-02
9.007829427719116211e-02
-2.311278320848941803e-02
1.726553775370121002e-02
1.206253096461296082e-01
-4.919817298650741577e-02
2.730316296219825745e-02
-5.276189744472503662e-02
1.995138972997665405e-01
5.205309391021728516e-02
-8.524435758590698242e-02
-5.839943140745162964e-02
3.522427752614021301e-02
1.657596826553344727e-01
1.667162925004959106e-01
6.973170489072799683e-02
-1.597624272108078003e-01
-9.076339006423950195e-02
-4.774579778313636780e-02
2.323208563029766083e-02
8.938548713922500610e-02
-8.034626394510269165e-02
-3.843054547905921936e-02
-9.664537757635116577e-02
-8.693517744541168213e-02
2.854010649025440216e-02
1.588630527257919312e-01
-2.753948792815208435e-02
3.836533427238464355e-02
-7.630954682826995850e-02
-1.034528762102127075e-02
-2.959440089762210846e-02
-5.194591730833053589e-02
1.433107554912567139e-01
1.266924738883972168e-01
5.252918228507041931e-02
-1.306354254484176636e-01
1.191140487790107727e-01
2.985412627458572388e-02
1.034404337406158447e-01
7.105543464422225952e-02
1.039298027753829956e-01
7.706510275602340698e-02
-1.041526068001985550e-02
1.028878986835479736e-01
-9.696132689714431763e-02
2.615080028772354126e-02
-1.309317946434020996e-01
-2.218400128185749054e-02
6.178617849946022034e-02
6.236675754189491272e-02
1.072095185518264771e-01
1.896265707910060883e-02
1.731894016265869141e-01
-6.391707807779312134e-02
-1.153195053339004517e-01
6.865541636943817139e-02
1.311682015657424927e-01
-1.763893365859985352e-01
-1.255973577499389648e-01
-1.106387749314308167e-01
-1.058776155114173889e-01
-7.790594547986984253e-02
3.189635928720235825e-03
-6.377549469470977783e-02
-1.454190313816070557e-01
-1.954490542411804199e-01
-3.570197150111198425e-02
8.061112463474273682e-02
-7.324992120265960693e-02
-5.257998034358024597e-02
-4.789949208498001099e-02
1.015010774135589600e-01
3.892205655574798584e-02
1.556664556264877319e-01
-1.040582358837127686e-01
-1.703502386808395386e-01
9.544390486553311348e-04
-1.242306232452392578e-01
7.058874517679214478e-02
3.060570545494556427e-02
-1.217008847743272781e-02
6.081933528184890747e-02
9.146981686353683472e-02
6.495791673660278320e-02
-8.981548249721527100e-02
8.899683505296707153e-02
4.949457198381423950e-02
8.216159790754318237e-02
-1.037925630807876587e-01
8.964738808572292328e-03
-6.007938459515571594e-02
-9.571752889314666390e-05
1.264446973800659180e-01
6.930577754974365234e-02
1.804738640785217285e-01
-3.448783233761787415e-02
-6.067502126097679138e-02
8.294266462326049805e-02
-3.530045598745346069e-02
-9.000077098608016968e-02
-4.631468281149864197e-02
-2.267923019826412201e-02
4.599172249436378479e-02
7.287006825208663940e-02
9.971465915441513062e-03
-2.725052647292613983e-02
-6.283500790596008301e-02
-6.555024534463882446e-02
6.841440498828887939e-02
1.698632687330245972e-01
