-2.100619487464427948e-02
-1.614255830645561218e-02
-3.503795340657234192e-02
1.785023808479309082e-01
-1.030976418405771255e-02
6.756377965211868286e-02
-4.213733971118927002e-02
-1.552113145589828491e-01
-1.896198242902755737e-01
-3.169670328497886658e-02
-2.177423089742660522e-01
-3.733673831447958946e-03
-8.690863847732543945e-02
-2.979283966124057770e-02
-2.869082055985927582e-02
-3.725821524858474731e-02
1.186439469456672668e-01
7.832283526659011841e-02
4.681204259395599365e-02
-8.848860114812850952e-02
5.946680158376693726e-02
1.142955720424652100e-01
1.347532123327255249e-01
9.886640124022960663e-03
-1.753617823123931885e-01
8.408720605075359344e-03
-7.810875028371810913e-02
1.789550483226776123e-02
1.854888908565044403e-02
7.211263477802276611e-02
7.974459975957870483e-02
7.624486926943063736e-03
7.457812130451202393e-02
1.690778881311416626e-02
-1.732996255159378052e-01
1.518857926130294800e-01
-1.392631530761718750e-01
-8.553507179021835327e-02
-6.921973824501037598e-02
1.697129458189010620e-01
-6.821926683187484741e-02
2.072891592979431152e-02
-1.412953734397888184e-01
5.058601871132850647e-02
9.262315183877944946e-02
-8.330906182527542114e-02
4.115273803472518921e-02
-5.234837532043457031e-02
1.738903927616775036e-03
8.249889314174652100e-02
1.661693602800369263e-01
-2.380101243034005165e-03
-4.832452535629272461e-02
5.179476365447044373e-02
3.690383583307266235e-02
-1.203890331089496613e-02
9.812013804912567139e-02
1.584453508257865906e-02
-7.814957760274410248e-03
2.433736994862556458e-02
-3.484495729207992554e-02
1.440370529890060425e-01
-9.474284015595912933e-03
2.998518524691462517e-03
9.061476588249206543e-02
5.682026222348213196e-02
-2.041603252291679382e-02
2.592488937079906464e-02
1.045101284980773926e-01
7.895746827125549316e-02
1.286816596984863281e-01
1.665705889463424683e-01
-4.271120578050613403e-02
5.606983229517936707e-02
5.037568882107734680e-02
-9.088927181437611580e-04
-2.055799029767513275e-02
-5.827584117650985718e-02
-4.237130656838417053e-02
-1.627464145421981812e-01
1.460346579551696777e-01
-1.965799182653427124e-01
-2.117545306682586670e-01
-3.017596527934074402e-02
3.763857483863830566e-02
3.940613940358161926e-02
-2.230479754507541656e-02
-7.095865905284881592e-03
1.513880044221878052e-01
1.171788014471530914e-02
-1.566156893968582153e-01
-3.906711563467979431e-02
-3.203687444329261780e-02
-3.606145083904266357e-02
-1.164164580404758453e-02
3.274807706475257874e-03
2.833203645423054695e-03
-1.053903345018625259e-02
3.700756281614303589e-02
-3.036201233044266701e-03
-9.960894286632537842e-02
7.914126664400100708e-02
-1.245306152850389481e-02
2.044045627117156982e-01
3.493500128388404846e-02
-7.383994758129119873e-02
-2.671949006617069244e-02
-1.813022345304489136e-01
-1.170075759291648865e-01
-3.402232751250267029e-02
-8.823061734437942505e-02
-5.213115364313125610e-02
5.263921618461608887e-02
3.510562330484390259e-02
-3.279470652341842651e-02
-4.830471798777580261e-02
-2.660299651324748993e-02
2.319619990885257721e-03
-3.352839872241020203e-02
1.912317238748073578e-03
1.445841491222381592e-01
9.313807636499404907e-02
6.737854331731796265e-02
-4.321378096938133240e-02
-1.358116716146469116e-01
9.505143761634826660e-02
-7.936346530914306641e-02
-8.554234355688095093e-02
