-3.779439255595207214e-02
8.788087964057922363e-02
-3.347806399688124657e-03
2.032990939915180206e-02
-8.387898653745651245e-02
-1.093746256083250046e-02
3.376559168100357056e-02
-1.401638090610504150e-01
-8.358886092901229858e-02
-9.883981198072433472e-02
9.367865510284900665e-03
-1.224316004663705826e-02
-8.692452311515808105e-02
-1.010489910840988159e-01
1.779191941022872925e-02
3.086989279836416245e-03
-4.182145744562149048e-02
1.116967126727104187e-01
-2.298901975154876709e-02
-9.743077307939529419e-02
-5.278583243489265442e-02
7.947061210870742798e-02
-5.971812829375267029e-02
-7.968379557132720947e-02
-1.934250816702842712e-02
1.388235837221145630e-01
-7.486838102340698242e-02
4.761340469121932983e-02
3.022573702037334442e-02
2.437858097255229950e-02
9.653203934431076050e-02
-5.973161663860082626e-03
1.604901403188705444e-01
5.905434023588895798e-03
1.738033257424831390e-02
5.546246469020843506e-02
-1.673952490091323853e-01
-7.672271877527236938e-02
-4.521406814455986023e-02
2.050465047359466553e-01
-1.459539979696273804e-01
-4.545914009213447571e-02
-6.976631283760070801e-02
3.063734248280525208e-02
2.902352623641490936e-02
1.454841643571853638e-01
1.790522783994674683e-01
1.375804096460342407e-02
8.053524047136306763e-02
1.054499894380569458e-01
1.205469444394111633e-01
-5.083372071385383606e-02
-1.494594216346740723e-01
1.845581457018852234e-02
5.305677652359008789e-02
3.548387810587882996e-02
6.834081560373306274e-02
8.096907287836074829e-03
2.769777551293373108e-02
-4.556622728705406189e-02
5.996854975819587708e-02
-1.834036409854888916e-02
-1.011862326413393021e-02
-3.442513942718505859e-02
8.847831189632415771e-02
3.519076853990554810e-02
-1.255568265914916992e-01
3.500179573893547058e-02
4.383645951747894287e-02
9.610092639923095703e-02
1.165029499679803848e-02
1.016975268721580505e-01
-2.183967828750610352e-01
2.394514903426170349e-02
1.208084821701049805e-01
-5.958092212677001953e-02
5.565097182989120483e-02
2.483123971614986658e-04
-1.173922605812549591e-02
-1.912714093923568726e-01
1.991997510194778442e-01
-1.539378911256790161e-01
-9.089770913124084473e-02
-1.235669404268264771e-01
7.857988029718399048e-02
1.142834946513175964e-01
-1.344493310898542404e-02
1.101704239845275879e-01
1.530148088932037354e-01
-4.184520244598388672e-02
-1.626096665859222412e-01
7.270331680774688721e-02
-8.922249823808670044e-02
-7.040538359433412552e-03
-9.862715750932693481e-02
-1.822380125522613525e-01
-7.612070441246032715e-02
-4.355258867144584656e-02
1.459611952304840088e-01
-9.568792581558227539e-02
-2.335067465901374817e-02
-7.130254805088043213e-02
1.157162990421056747e-02
8.015673607587814331e-02
-8.325250446796417236e-02
-1.046755239367485046e-01
4.144366830587387085e-03
-1.496547609567642212e-01
-6.422501802444458008e-02
-1.031969264149665833e-01
-3.450239077210426331e-02
-2.275618910789489746e-02
1.316452324390411377e-01
9.263971447944641113e-02
-7.853234559297561646e-02
-9.728220850229263306e-02
-1.270112991333007812e-01
2.403651736676692963e-02
3.288504853844642639e-02
-6.826152652502059937e-02
-2.951494976878166199e-02
-1.456704176962375641e-02
6.861827336251735687e-03
4.881212860345840454e-02
-1.518152058124542236e-01
-1.837737485766410828e-02
-4.164490103721618652e-02
2.996539138257503510e-02
