-3.375732153654098511e-02
-8.869953453540802002e-03
-1.039413437247276306e-01
2.659201025962829590e-01
7.284732162952423096e-02
1.246406808495521545e-01
-6.345471739768981934e-02
-2.200188189744949341e-01
-1.317695826292037964e-01
9.213656187057495117e-02
-1.188133805990219116e-01
-1.650406420230865479e-01
-1.101453825831413269e-01
-3.157009836286306381e-03
-4.346090555191040039e-02
-2.934233052656054497e-03
-3.616353496909141541e-02
8.637052774429321289e-02
1.418362259864807129e-01
-6.954927742481231689e-02
-2.608274575322866440e-03
1.751710474491119385e-01
4.831342026591300964e-02
-8.399681001901626587e-02
-1.286515146493911743e-01
7.057569921016693115e-02
-5.431150086224079132e-03
-3.520921990275382996e-02
-2.866094186902046204e-02
1.351134628057479858e-01
4.584310948848724365e-02
3.251070156693458557e-04
-4.057517647743225098e-02
-1.474654860794544220e-02
-3.519765660166740417e-02
4.965433105826377869e-02
-2.506032399833202362e-02
4.603153839707374573e-02
-1.225059777498245239e-01
1.093508601188659668e-01
-3.242180868983268738e-02
-7.159971445798873901e-02
-1.333152595907449722e-02
-4.433704540133476257e-03
4.161921143531799316e-02
-9.905273467302322388e-02
-2.803597599267959595e-02
-1.533484607934951782e-01
-2.323821745812892914e-02
7.580866664648056030e-02
7.522178441286087036e-02
-1.289771031588315964e-02
-2.916884422302246094e-02
1.429151836782693863e-02
4.698148742318153381e-02
1.746510416269302368e-01
8.288170397281646729e-02
1.019745543599128723e-01
-1.317784097045660019e-02
-9.644709527492523193e-02
2.958276867866516113e-02
1.497969627380371094e-01
-1.262297015637159348e-02
-9.336963295936584473e-02
-2.490874938666820526e-02
1.577587276697158813e-01
2.094984240829944611e-02
-6.657445337623357773e-03
8.126101456582546234e-03
2.206581644713878632e-02
1.847884804010391235e-01
5.833706818521022797e-03
-6.840063631534576416e-02
-2.676779218018054962e-02
3.897703066468238831e-02
7.971202954649925232e-03
2.132073789834976196e-02
-9.512852877378463745e-02
1.159026771783828735e-01
2.868840703740715981e-03
1.108286976814270020e-01
-2.552649080753326416e-01
2.730046026408672333e-02
-3.347965329885482788e-02
6.229067966341972351e-02
-3.939443826675415039e-02
5.212649703025817871e-03
5.824071913957595825e-02
1.881634891033172607e-01
9.429264813661575317e-02
-7.745873928070068359e-02
7.925853878259658813e-02
2.723300270736217499e-02
-9.000200033187866211e-02
2.452837117016315460e-02
-5.816236883401870728e-02
-2.536855638027191162e-02
1.453163381665945053e-02
1.269276589155197144e-01
4.316979274153709412e-02
9.630066342651844025e-03
4.409718140959739685e-02
-3.070688247680664062e-02
2.162352949380874634e-01
3.822602704167366028e-02
1.450347341597080231e-02
-8.916125446557998657e-02
1.154876407235860825e-02
-1.208018139004707336e-01
-5.056482180953025818e-02
-7.324080914258956909e-02
3.119407454505562782e-03
3.590532764792442322e-02
-4.679009318351745605e-02
-1.274805366992950439e-01
-1.388062257319688797e-03
-9.776441752910614014e-02
8.069561794400215149e-03
-1.250053197145462036e-01
-8.735328167676925659e-02
-1.936160773038864136e-02
4.378259927034378052e-02
-1.098390854895114899e-02
4.427089914679527283e-02
-1.848943829536437988e-01
-7.114182412624359131e-02
-1.286923885345458984e-01
2.812768332660198212e-02
