4.555630311369895935e-02
-5.383793637156486511e-02
-5.694104731082916260e-02
1.758980453014373779e-01
1.261439174413681030e-02
8.118670433759689331e-02
-1.141580790281295776e-01
-1.278705596923828125e-01
-8.030755445361137390e-03
1.236499771475791931e-01
-6.287134252488613129e-03
-1.372885406017303467e-01
-1.676660031080245972e-01
-5.875475704669952393e-02
3.634598804637789726e-03
1.362048387527465820e-01
1.691194996237754822e-02
-8.417060971260070801e-02
1.342853009700775146e-01
-1.114158332347869873e-01
-5.696729198098182678e-02
1.034917160868644714e-01
1.928379386663436890e-02
-1.238821819424629211e-01
-1.730030328035354614e-01
1.424132883548736572e-01
1.713925972580909729e-02
-4.136847704648971558e-02
8.935254067182540894e-02
-4.797264467924833298e-03
1.034980267286300659e-01
1.742843352258205414e-02
-5.387650802731513977e-02
-3.050295636057853699e-02
3.181288763880729675e-02
1.290854718536138535e-02
-8.961002528667449951e-02
2.608499862253665924e-02
-2.113637328147888184e-02
1.444790065288543701e-01
1.411262061446905136e-02
-3.710227459669113159e-02
7.351191341876983643e-02
8.495172858238220215e-02
7.654422521591186523e-02
1.534642372280359268e-02
7.794873416423797607e-02
-7.133126258850097656e-02
2.109079807996749878e-02
-2.331779338419437408e-02
1.175983101129531860e-01
-4.246825352311134338e-02
-1.133491471409797668e-01
5.624993517994880676e-02
9.888841211795806885e-02
1.362247467041015625e-01
1.576909571886062622e-01
-2.639668807387351990e-02
8.362127840518951416e-02
-8.729172497987747192e-02
2.210968546569347382e-02
1.767874136567115784e-02
8.058569580316543579e-02
-1.232476904988288879e-01
3.839487954974174500e-02
7.136280089616775513e-02
7.893105596303939819e-02
1.025693956762552261e-02
8.360292762517929077e-02
-3.973557427525520325e-02
1.934911012649536133e-01
-4.414935410022735596e-02
-1.965569257736206055e-01
9.090134873986244202e-03
7.852702587842941284e-02
-1.031823009252548218e-01
-1.320439018309116364e-02
-2.694858983159065247e-02
-2.322292514145374298e-02
2.706182934343814850e-02
1.304771304130554199e-01
-2.620144486427307129e-01
5.494710057973861694e-04
-9.951326251029968262e-02
5.860467255115509033e-02
4.714311659336090088e-02
-8.669973909854888916e-02
-4.709567874670028687e-02
1.163197010755538940e-01
3.683108091354370117e-02
-9.864596277475357056e-02
3.743122890591621399e-02
1.199379097670316696e-03
-1.845416426658630371e-01
-7.329744286835193634e-03
-3.878011927008628845e-02
3.752158582210540771e-02
-6.300867348909378052e-02
1.524662524461746216e-01
-2.393590100109577179e-02
-2.122267615050077438e-03
-3.769045695662498474e-02
-8.772555738687515259e-02
1.738380491733551025e-01
1.036559790372848511e-01
7.985889166593551636e-02
6.075201928615570068e-02
-1.039281114935874939e-02
-1.724471449851989746e-01
7.547309994697570801e-02
-7.818212732672691345e-03
-4.965140018612146378e-03
1.230242699384689331e-01
6.816481798887252808e-02
-5.888098850846290588e-02
-4.676426574587821960e-02
-3.369966894388198853e-02
3.165316954255104065e-02
4.019287601113319397e-02
-3.757684025913476944e-03
-2.312861941754817963e-02
-8.734100311994552612e-02
-9.480041265487670898e-02
6.324892491102218628e-02
-1.953473091125488281e-01
-6.443025171756744385e-02
1.275619212538003922e-02
5.009134486317634583e-02
