-8.428142964839935303e-02
-7.867250591516494751e-02
-1.248513609170913696e-01
2.415382303297519684e-02
8.313255012035369873e-02
-2.327066613361239433e-03
-5.303568392992019653e-02
3.942724689841270447e-02
-9.875101968646049500e-03
7.960171997547149658e-02
2.122452296316623688e-02
1.822988130152225494e-02
-1.469604521989822388e-01
-2.329313382506370544e-02
1.329357619397342205e-03
-1.215614750981330872e-02
-1.121584996581077576e-01
-2.970155514776706696e-02
7.768914848566055298e-02
-1.012836769223213196e-02
-1.092638149857521057e-01
1.238414198160171509e-01
-5.970093607902526855e-02
-1.008687727153301239e-02
-1.405806839466094971e-01
1.624644547700881958e-01
1.228172555565834045e-01
-1.345438063144683838e-01
-1.511040888726711273e-02
5.799949914216995239e-02
2.074379175901412964e-01
1.013578101992607117e-01
6.874964386224746704e-02
-1.070402711629867554e-01
-1.369319949299097061e-02
-9.036517888307571411e-02
-3.312907367944717407e-02
6.979889422655105591e-02
-4.563476890325546265e-03
9.588482789695262909e-03
-1.433252543210983276e-01
-1.441484689712524414e-01
2.425238862633705139e-02
1.725657731294631958e-01
-7.233238220214843750e-02
3.363280848134309053e-04
-1.029184758663177490e-01
3.380835801362991333e-02
-4.463672637939453125e-02
-7.439731061458587646e-02
1.183795109391212463e-01
1.221239566802978516e-01
7.620801031589508057e-02
-8.691962808370590210e-02
7.726944983005523682e-02
1.534793339669704437e-02
1.242792457342147827e-01
1.630573570728302002e-01
1.401640325784683228e-01
7.912303507328033447e-02
-1.180814355611801147e-01
1.155645400285720825e-01
-8.590637892484664917e-02
8.402519673109054565e-02
-8.875936269760131836e-03
4.410474002361297607e-02
3.053732588887214661e-02
9.827553294599056244e-03
1.290552616119384766e-01
4.761413484811782837e-02
3.697024285793304443e-02
-4.629370942711830139e-02
-5.857707187533378601e-02
1.637949794530868530e-01
1.328137964010238647e-01
-1.487891376018524170e-01
-1.024657338857650757e-01
-1.628774031996726990e-02
-3.781453147530555725e-02
-1.177355051040649414e-01
4.105601087212562561e-02
-4.383808374404907227e-02
-1.617372184991836548e-01
-1.362389177083969116e-01
-3.888952732086181641e-02
4.109290242195129395e-02
-1.259866207838058472e-01
-1.034185960888862610e-01
7.965696975588798523e-03
2.811839804053306580e-02
2.545187994837760925e-02
1.289381533861160278e-01
-2.017041891813278198e-01
-1.130890324711799622e-01
-1.939187571406364441e-02
-1.797188073396682739e-01
2.055102214217185974e-02
1.150554791092872620e-02
-1.547761447727680206e-02
5.817626416683197021e-02
3.123644366860389709e-02
4.475897923111915588e-02
-1.009895727038383484e-01
-1.719476841390132904e-02
4.573951661586761475e-02
8.939253538846969604e-02
-1.132089793682098389e-01
-1.698059588670730591e-02
-1.072571948170661926e-01
-3.131838981062173843e-03
1.234094649553298950e-01
7.104284316301345825e-02
1.180643215775489807e-01
-8.589426055550575256e-03
8.440280333161354065e-03
5.630188062787055969e-02
-3.941391035914421082e-02
-1.435748487710952759e-01
-7.712903618812561035e-02
5.143416672945022583e-02
8.382663130760192871e-02
1.141070649027824402e-01
-5.113790929317474365e-02
5.942881107330322266e-03
-7.412550598382949829e-02
-4.528462886810302734e-02
-2.844936586916446686e-02
4.834973067045211792e-02
