-9.170243144035339355e-02
-1.406086236238479614e-01
-1.163753643631935120e-01
2.383006177842617035e-02
1.733506284654140472e-02
-4.963215906172990799e-03
-3.118139505386352539e-02
7.889785803854465485e-03
5.741137266159057617e-02
8.203446865081787109e-02
-5.696107074618339539e-02
-2.752680517733097076e-02
-1.886442601680755615e-01
-1.011248081922531128e-01
7.945318520069122314e-02
-3.972777724266052246e-02
-1.112873479723930359e-01
5.680858157575130463e-03
8.464670926332473755e-02
8.083030581474304199e-02
-1.541744470596313477e-01
1.379736512899398804e-01
-1.478335708379745483e-01
-2.741150930523872375e-02
-8.017201721668243408e-02
1.024310812354087830e-01
9.083721786737442017e-02
-1.392064392566680908e-01
4.176575690507888794e-02
-1.206517964601516724e-02
1.897571831941604614e-01
1.210986152291297913e-01
7.606007158756256104e-03
-6.368287652730941772e-02
-7.048070430755615234e-02
-5.873060971498489380e-02
-2.637333422899246216e-02
1.009625643491744995e-01
-1.275326590985059738e-02
1.493140868842601776e-02
-1.859904974699020386e-01
-9.444868564605712891e-02
-4.615483060479164124e-02
9.920933097600936890e-02
-9.192907065153121948e-02
-3.091547451913356781e-02
-7.574634999036788940e-02
-1.525362208485603333e-02
2.328863181173801422e-02
-6.333097070455551147e-02
7.089442759752273560e-02
8.066667616367340088e-02
6.598436832427978516e-02
5.723961442708969116e-02
6.749254465103149414e-02
-3.060045884922146797e-03
1.250224560499191284e-01
1.554473489522933960e-01
1.349477320909500122e-01
1.015450060367584229e-01
-6.758644431829452515e-02
1.440360993146896362e-01
-1.190501600503921509e-01
4.561553895473480225e-02
3.808986395597457886e-02
2.310119569301605225e-02
6.349314469844102859e-03
-5.474691279232501984e-03
2.290647029876708984e-01
8.846519142389297485e-02
3.573217242956161499e-02
-3.648515790700912476e-02
-1.192347798496484756e-02
1.091620847582817078e-01
-8.021997637115418911e-04
-1.354227513074874878e-01
-4.581867251545190811e-03
-6.241784989833831787e-02
1.706348732113838196e-02
-9.906068444252014160e-02
8.707416802644729614e-02
-4.249233379960060120e-02
-6.515682488679885864e-02
-1.165561228990554810e-01
-7.555457949638366699e-02
8.014751970767974854e-02
-1.059136763215065002e-01
-1.683080196380615234e-01
1.394192129373550415e-02
1.475455313920974731e-01
1.061503868550062180e-02
1.295755654573440552e-01
-1.153777092695236206e-01
-3.661327809095382690e-02
-2.584362775087356567e-02
-8.641328662633895874e-02
-5.629002675414085388e-02
1.087746843695640564e-01
-4.802019521594047546e-02
1.078282147645950317e-01
8.892439305782318115e-02
8.474482595920562744e-02
-1.062846928834915161e-01
-4.896970093250274658e-02
2.405840717256069183e-02
7.956855744123458862e-02
-8.345574140548706055e-02
-3.927012905478477478e-02
-1.965983808040618896e-01
3.823897242546081543e-02
4.474865645170211792e-02
1.451953407377004623e-02
9.573574364185333252e-02
-2.077046409249305725e-02
-3.753467276692390442e-02
5.144166946411132812e-02
-2.361468970775604248e-02
-8.491388708353042603e-02
-6.231997534632682800e-02
1.220086142420768738e-01
1.160308811813592911e-02
1.788811087608337402e-01
-1.218753233551979065e-01
4.253526404500007629e-02
-8.545830100774765015e-02
-5.411520972847938538e-02
1.972854137420654297e-02
4.633879661560058594e-02
