-1.457160264253616333e-01
1.930494420230388641e-02
1.310259848833084106e-02
5.686660110950469971e-02
-5.252921953797340393e-02
-1.455195154994726181e-02
-2.019662410020828247e-02
-1.398750394582748413e-01
-2.348522096872329712e-01
-1.081497818231582642e-01
1.047150865197181702e-01
-1.343017518520355225e-01
-4.442969337105751038e-02
-8.244456350803375244e-02
6.439889967441558838e-02
-6.522470712661743164e-02
-5.093838647007942200e-02
-3.273245180025696754e-03
-2.954084612429141998e-02
-5.768823996186256409e-02
-7.930127531290054321e-02
1.721563637256622314e-01
4.547991231083869934e-02
-1.420971304178237915e-01
5.149903520941734314e-02
6.152840703725814819e-02
-1.687746122479438782e-02
9.293615818023681641e-03
2.759641781449317932e-02
-4.803590849041938782e-02
1.126651987433433533e-01
1.303510274738073349e-02
1.157974749803543091e-01
-4.944251850247383118e-02
-2.646217122673988342e-02
3.550535440444946289e-02
-8.864219486713409424e-02
1.708095893263816833e-02
-7.097773998975753784e-02
1.750980168581008911e-01
-1.206963807344436646e-01
-3.761515766382217407e-02
-3.861297294497489929e-02
1.417070925235748291e-01
4.791511222720146179e-02
3.758670017123222351e-02
9.803132712841033936e-02
2.091892994940280914e-03
9.682104736566543579e-02
1.334994435310363770e-01
2.822684943675994873e-01
-3.410264849662780762e-02
-7.061886042356491089e-02
-7.982201129198074341e-02
-6.180575489997863770e-02
-2.553924731910228729e-02
-1.095701232552528381e-01
8.065670728683471680e-02
1.260081231594085693e-01
3.410442546010017395e-02
9.181069582700729370e-02
6.250358372926712036e-02
-5.023075640201568604e-02
1.742492988705635071e-02
-2.758102864027023315e-02
-3.878657892346382141e-02
-5.788030847907066345e-02
8.441986888647079468e-02
1.037115678191184998e-01
1.026278808712959290e-01
1.043152809143066406e-01
1.093175262212753296e-01
-9.047391265630722046e-02
9.895633161067962646e-02
6.894797831773757935e-02
-1.055994331836700439e-01
6.218342483043670654e-02
-3.769874200224876404e-02
-1.005447469651699066e-02
-7.741308957338333130e-02
2.352998554706573486e-01
-9.265100955963134766e-02
4.277615807950496674e-03
-1.311684399843215942e-01
1.252176016569137573e-01
5.096599459648132324e-03
-6.563907116651535034e-02
9.544536471366882324e-02
9.720772504806518555e-02
-3.184211626648902893e-02
-1.317680329084396362e-01
1.765907704830169678e-01
-1.680637337267398834e-02
-2.767333388328552246e-02
-1.544080227613449097e-01
-6.110868975520133972e-02
7.200076431035995483e-02
1.627784818410873413e-01
9.500338137149810791e-02
1.240704557858407497e-03
4.951267316937446594e-02
-1.758599579334259033e-01
-1.005158051848411560e-01
1.464199423789978027e-01
4.846117924898862839e-03
-7.103563100099563599e-02
1.927959173917770386e-02
-2.218188717961311340e-02
-2.095676213502883911e-02
-2.950200624763965607e-02
5.502381175756454468e-02
6.886684801429510117e-03
-1.756153069436550140e-02
-3.947934135794639587e-02
-6.136197224259376526e-02
-8.063158392906188965e-02
-1.009094193577766418e-01
-5.345316603779792786e-02
4.261261597275733948e-02
1.127714291214942932e-02
-1.029003486037254333e-01
-1.529508829116821289e-02
3.554065153002738953e-02
5.646789073944091797e-02
-4.007445275783538818e-02
5.399083346128463745e-02
-3.319956734776496887e-02
-1.203769445419311523e-02
