1.183830387890338898e-02
-3.712595626711845398e-02
1.916597411036491394e-02
1.099343895912170410e-01
-6.341380625963211060e-02
-2.053487487137317657e-02
-2.294975519180297852e-02
-5.955060198903083801e-02
-1.551539748907089233e-01
2.262768149375915527e-02
-2.806342020630836487e-02
-6.429157685488462448e-03
-1.113355234265327454e-01
-9.810872375965118408e-02
5.196806415915489197e-02
3.168592229485511780e-02
9.035141021013259888e-02
5.237374082207679749e-02
5.684700608253479004e-02
-1.188306957483291626e-01
-3.849228844046592712e-02
1.809560228139162064e-03
-6.543599283759249374e-06
4.821398854255676270e-02
-9.133981913328170776e-02
6.255575269460678101e-02
-5.708457529544830322e-02
1.981985382735729218e-02
1.175953298807144165e-01
1.486004795879125595e-02
1.340693086385726929e-01
2.422912977635860443e-02
1.065984368324279785e-01
2.611911913845688105e-04
-3.661479055881500244e-02
7.231558114290237427e-02
-1.371105164289474487e-01
4.468215629458427429e-02
1.729554682970046997e-02
2.197561264038085938e-01
-5.009625107049942017e-02
-2.112633176147937775e-02
2.181009389460086823e-02
1.295819506049156189e-02
1.502030715346336365e-02
1.205325648188591003e-01
7.056108862161636353e-02
-5.172289907932281494e-02
1.399384588003158569e-01
7.873632945120334625e-03
9.012041240930557251e-02
-2.267993241548538208e-02
-1.227415576577186584e-01
-5.808819085359573364e-02
1.935469806194305420e-01
-3.520386992022395134e-03
4.671794921159744263e-02
3.288592677563428879e-03
3.605484217405319214e-02
-3.766268119215965271e-02
-5.908197537064552307e-02
4.426154121756553650e-02
1.617902517318725586e-02
4.245172068476676941e-02
1.092394962906837463e-01
3.635232150554656982e-02
-4.008161649107933044e-02
-4.804588481783866882e-02
1.451519578695297241e-01
7.126642018556594849e-02
3.812475502490997314e-02
5.571979284286499023e-02
-4.775097593665122986e-02
2.425377443432807922e-02
1.317655295133590698e-01
-4.374295100569725037e-02
-3.888202831149101257e-02
8.002597838640213013e-02
-8.060565590858459473e-02
-1.311203390359878540e-01
2.108035236597061157e-01
-1.543195992708206177e-01
-6.583948433399200439e-02
-9.169498085975646973e-02
1.232830286026000977e-01
1.513985246419906616e-01
-5.222566425800323486e-02
-5.185838416218757629e-02
1.029064655303955078e-01
4.221098497509956360e-02
-1.446392536163330078e-01
1.039244681596755981e-01
2.405019290745258331e-02
-8.580091595649719238e-02
-1.003211960196495056e-01
3.687470406293869019e-02
-7.083885371685028076e-02
-2.290951460599899292e-02
9.289848059415817261e-02
-1.114588528871536255e-01
-1.607760414481163025e-02
-6.481690704822540283e-02
3.679701685905456543e-02
1.857594102621078491e-01
1.591452062129974365e-01
2.981800213456153870e-02
1.007484570145606995e-01
-2.479623407125473022e-01
-2.495377808809280396e-01
-1.229243874549865723e-01
1.716609112918376923e-02
-6.057289615273475647e-02
8.095212280750274658e-02
1.388999521732330322e-01
-1.032805219292640686e-01
-5.697285383939743042e-02
8.276501297950744629e-02
5.177862197160720825e-02
2.397143468260765076e-02
-3.830868750810623169e-02
6.902482360601425171e-02
1.352069713175296783e-02
-3.954867273569107056e-02
6.843914091587066650e-02
-1.382675766944885254e-01
1.276127249002456665e-01
-4.362550750374794006e-02
-1.669033989310264587e-02
