-3.185401111841201782e-02
-1.121486723423004150e-01
-9.408597648143768311e-02
1.260765492916107178e-01
-2.649936079978942871e-02
1.660282611846923828e-01
1.399862859398126602e-02
-1.500029563903808594e-01
-8.615896105766296387e-02
-7.797105610370635986e-02
1.916117779910564423e-02
-1.431561261415481567e-01
-1.573776453733444214e-02
1.262561709154397249e-04
8.992039412260055542e-02
-5.726116523146629333e-02
1.367238163948059082e-02
2.144153043627738953e-02
7.026657462120056152e-02
-1.859884895384311676e-02
-9.532120078802108765e-02
2.219530791044235229e-01
4.613557085394859314e-02
-1.688711643218994141e-01
3.955202177166938782e-02
6.066670641303062439e-02
1.022813767194747925e-01
-4.995376616716384888e-02
4.837845638394355774e-02
3.897009417414665222e-02
-2.055140398442745209e-02
1.057990491390228271e-01
-8.900233544409275055e-03
-6.618425250053405762e-02
-1.966941952705383301e-01
-2.215597778558731079e-02
-2.925907634198665619e-02
4.781674593687057495e-02
-5.832851678133010864e-02
3.502773866057395935e-02
-1.342981308698654175e-01
-1.066999286413192749e-01
-3.052136301994323730e-02
6.335893273353576660e-02
-6.644961982965469360e-02
-1.029874160885810852e-01
-1.647555455565452576e-02
-8.456949889659881592e-02
8.231545239686965942e-02
-7.279898971319198608e-02
3.898244723677635193e-02
-2.409827895462512970e-02
3.859434276819229126e-02
9.918584674596786499e-02
8.653721958398818970e-02
8.651467412710189819e-02
1.543270200490951538e-01
9.299688041210174561e-02
9.623993188142776489e-02
2.375735901296138763e-02
-6.325569748878479004e-02
1.986446380615234375e-01
-9.235924482345581055e-02
-2.608045749366283417e-02
4.408399388194084167e-02
6.071452051401138306e-02
-2.291501872241497040e-02
-6.786169111728668213e-02
1.493615210056304932e-01
8.154908567667007446e-02
1.553346663713455200e-01
7.632572203874588013e-03
-8.830511569976806641e-02
-1.094985660165548325e-02
5.150571465492248535e-02
-5.947328358888626099e-02
2.955352142453193665e-02
-1.305572539567947388e-01
4.174368083477020264e-02
-2.067615687847137451e-01
9.113598614931106567e-02
-1.587332338094711304e-01
-2.025738172233104706e-02
-4.647189006209373474e-02
2.709026634693145752e-02
-8.412413299083709717e-02
-1.000880599021911621e-01
-4.105479642748832703e-02
1.053654849529266357e-01
7.661961019039154053e-02
-1.424121111631393433e-01
5.321447923779487610e-02
-1.638119965791702271e-01
-1.105535179376602173e-01
-9.942487627267837524e-02
-4.187539592385292053e-02
2.185731567442417145e-02
1.551436632871627808e-01
-5.851954221725463867e-02
6.642349809408187866e-02
1.483153551816940308e-02
2.563657425343990326e-02
-7.371396571397781372e-02
8.863522112369537354e-02
7.799728773534297943e-03
4.608059674501419067e-02
-1.579355150461196899e-01
-5.138919502496719360e-02
-1.714891642332077026e-01
1.038991566747426987e-02
-1.644814945757389069e-02
-9.404315799474716187e-02
1.985094137489795685e-02
-3.452979726716876030e-03
-1.421491503715515137e-01
4.636929556727409363e-02
-1.456165499985218048e-02
-1.083332858979701996e-02
7.827351801097393036e-03
1.059158518910408020e-01
7.717528194189071655e-02
4.692560061812400818e-02
-2.087492123246192932e-02
1.998159103095531464e-03
-1.077922657132148743e-01
-3.771140053868293762e-02
-1.070982813835144043e-01
-1.524211466312408447e-01
