-3.164036571979522705e-02
-2.515193447470664978e-02
-2.424770779907703400e-02
1.114681363105773926e-01
-1.256514489650726318e-01
2.846958674490451813e-02
-2.100116945803165436e-02
-9.147001057863235474e-02
-1.322030276060104370e-01
-1.003498509526252747e-01
5.033426731824874878e-02
-1.201024651527404785e-02
-4.551990702748298645e-02
-1.075124442577362061e-01
-3.739509359002113342e-02
2.257602103054523468e-02
-7.699301838874816895e-02
8.228399790823459625e-03
3.188208490610122681e-02
-8.489024639129638672e-02
-5.512082204222679138e-02
9.943681210279464722e-02
-8.774679154157638550e-02
-5.985697358846664429e-02
-1.085833087563514709e-02
1.239485070109367371e-01
-5.580420419573783875e-02
2.924470044672489166e-02
3.990913182497024536e-02
-6.225911527872085571e-02
8.444708585739135742e-02
-5.890686064958572388e-02
1.312275677919387817e-01
4.934616386890411377e-03
-1.249816790223121643e-01
-2.333407476544380188e-02
-1.422497481107711792e-01
3.476389218121767044e-03
-1.629768460988998413e-01
2.386901080608367920e-01
-1.051987484097480774e-01
-8.404690772294998169e-03
-5.414386978372931480e-04
3.230562806129455566e-02
-3.033973509445786476e-03
4.720836505293846130e-02
1.235615927726030350e-02
6.804367899894714355e-02
7.704803347587585449e-02
1.291939020156860352e-01
4.575963318347930908e-02
-1.512409374117851257e-02
-8.161757141351699829e-02
-7.092520594596862793e-03
1.806047558784484863e-01
-3.137491270899772644e-02
-9.672621637582778931e-02
9.095622599124908447e-02
-1.493752934038639069e-02
-7.230953127145767212e-02
9.946514666080474854e-02
5.168855190277099609e-02
5.738625675439834595e-02
-7.955620065331459045e-03
-2.608183957636356354e-02
2.058921568095684052e-02
-9.155138581991195679e-02
5.087151750922203064e-02
8.588524162769317627e-02
9.636289626359939575e-02
7.767137885093688965e-02
-6.614495068788528442e-03
-1.170639023184776306e-01
-4.268375411629676819e-02
1.737893074750900269e-01
-8.583179861307144165e-02
5.563671514391899109e-02
6.978741288185119629e-02
-6.088086590170860291e-02
-7.153875380754470825e-02
2.683998644351959229e-01
-1.464018672704696655e-01
5.531600117683410645e-02
-1.942896544933319092e-01
9.371405839920043945e-02
1.283594816923141479e-01
2.060200832784175873e-02
2.632929384708404541e-02
1.018114537000656128e-01
-6.399777531623840332e-02
-9.940555691719055176e-02
1.307203024625778198e-01
-6.731660664081573486e-02
-1.114971786737442017e-01
-1.548432707786560059e-01
-7.361352443695068359e-02
3.736266493797302246e-02
9.800540283322334290e-03
1.206361204385757446e-01
-1.203913092613220215e-01
4.504074528813362122e-02
-1.511503010988235474e-01
-1.146185561083257198e-03
9.700842201709747314e-02
5.814502388238906860e-02
4.435556754469871521e-02
4.656571894884109497e-02
-7.737225294113159180e-02
-1.843340396881103516e-01
-6.252937763929367065e-02
-2.335708960890769958e-02
4.151866585016250610e-02
8.978566527366638184e-02
1.692190021276473999e-02
-1.887717694044113159e-01
-4.753589257597923279e-02
-2.844558097422122955e-02
5.972741171717643738e-03
2.259835787117481232e-02
-2.235425263643264771e-02
-1.705274172127246857e-02
-1.161479763686656952e-02
-8.475387841463088989e-02
1.413173079490661621e-01
-1.397882848978042603e-01
1.607161015272140503e-02
-7.753934711217880249e-02
8.033999800682067871e-02
