-1.284434050321578979e-01
-1.183631047606468201e-01
-1.275386363267898560e-01
2.320834994316101074e-02
9.788896143436431885e-02
-3.491978347301483154e-02
-7.047826796770095825e-02
1.860305480659008026e-02
-3.312540054321289062e-02
1.312939217314124107e-03
-5.620085448026657104e-02
-1.465666480362415314e-02
-1.271275579929351807e-01
-1.135576888918876648e-01
5.542518105357885361e-03
4.177931323647499084e-02
-1.248575672507286072e-01
-1.159278452396392822e-01
7.719963043928146362e-02
2.079164795577526093e-02
-8.606909215450286865e-02
1.005884855985641479e-01
-7.751462608575820923e-02
3.930780105292797089e-03
-1.629460602998733521e-01
2.029185444116592407e-01
1.174574345350265503e-01
-1.354853510856628418e-01
-6.989534944295883179e-02
8.592400699853897095e-03
1.614667624235153198e-01
6.277318298816680908e-02
2.654217928647994995e-02
-1.279436796903610229e-01
-1.887728460133075714e-03
-5.745142325758934021e-02
-2.323688939213752747e-02
1.142529025673866272e-01
-2.402383106527850032e-04
2.795381098985671997e-02
-1.581088602542877197e-01
-6.729174405336380005e-02
-8.227410912513732910e-02
1.863531321287155151e-01
-7.482441514730453491e-02
2.256794832646846771e-02
-4.211530089378356934e-02
1.386150531470775604e-02
1.038604881614446640e-02
-9.808439016342163086e-02
1.321290582418441772e-01
8.541301637887954712e-02
9.369498118758201599e-03
-2.260160446166992188e-02
4.600203409790992737e-02
2.349199913442134857e-02
2.483375370502471924e-02
1.047654822468757629e-01
1.342914402484893799e-01
8.034346252679824829e-02
-4.612236097455024719e-02
1.122765615582466125e-01
-9.108198434114456177e-02
7.138852775096893311e-02
-6.355030089616775513e-02
5.305307731032371521e-02
2.946197986602783203e-02
-3.237581346184015274e-03
1.693172901868820190e-01
-4.196444526314735413e-02
8.969579823315143585e-03
-2.200157567858695984e-02
-1.103908866643905640e-01
1.275781095027923584e-01
9.329327195882797241e-02
-1.642631590366363525e-01
-7.942692190408706665e-02
-3.522715345025062561e-02
-7.283392548561096191e-02
-3.079590573906898499e-02
4.742638021707534790e-02
-5.584631487727165222e-02
-1.436884403228759766e-01
-1.230325698852539062e-01
-5.992763862013816833e-02
1.118291020393371582e-01
-1.269401460886001587e-01
-2.055220305919647217e-02
8.023306727409362793e-02
7.820640504360198975e-02
2.182919904589653015e-02
1.251116245985031128e-01
-8.600143343210220337e-02
-1.173958033323287964e-01
-1.132063753902912140e-02
-1.540086269378662109e-01
1.051699370145797729e-01
1.423940900713205338e-02
-1.066609658300876617e-02
9.232652187347412109e-02
9.704529494047164917e-02
8.820880949497222900e-02
-1.080091223120689392e-01
-2.137768641114234924e-02
4.188058897852897644e-02
1.231995597481727600e-01
-7.924898713827133179e-02
6.599599123001098633e-02
-1.479499489068984985e-01
6.063513085246086121e-02
1.120259165763854980e-01
1.247177496552467346e-01
1.995246261358261108e-01
2.901641710195690393e-04
-6.212222203612327576e-02
8.894846588373184204e-02
-8.100175112485885620e-02
-1.051222532987594604e-01
-1.759704574942588806e-02
-6.882986053824424744e-03
-6.585512310266494751e-03
7.343157380819320679e-02
-4.670039191842079163e-02
4.429005458950996399e-02
-6.684916466474533081e-02
4.458633065223693848e-02
3.542809560894966125e-02
1.008409410715103149e-01
