-1.344297360628843307e-02
-1.766620576381683350e-01
-1.050922200083732605e-01
8.631555736064910889e-02
-3.226840123534202576e-02
1.131812930107116699e-01
-1.490166317671537399e-02
-7.070109993219375610e-02
-2.142879664897918701e-01
9.601277112960815430e-02
-3.576927259564399719e-02
-1.108973845839500427e-01
-7.308013737201690674e-02
-5.426530167460441589e-02
9.755783528089523315e-02
3.487451747059822083e-02
3.205687925219535828e-02
-5.323182046413421631e-02
9.594228118658065796e-02
-8.177374303340911865e-02
-1.504052877426147461e-01
1.022977232933044434e-01
5.773604661226272583e-02
-7.354298979043960571e-02
-8.144296705722808838e-02
5.851671472191810608e-02
8.456771075725555420e-02
-4.789804294705390930e-02
9.101102501153945923e-02
-1.533104758709669113e-02
1.696755141019821167e-01
-7.822073251008987427e-02
2.159910276532173157e-02
2.231829054653644562e-02
-1.749367825686931610e-02
1.741958782076835632e-02
-4.600194841623306274e-02
1.489657759666442871e-01
-1.076042056083679199e-01
1.381066739559173584e-01
-4.689515009522438049e-02
-2.110122889280319214e-02
-2.097426680848002434e-03
1.514111757278442383e-01
-5.620926991105079651e-02
-1.679277420043945312e-02
2.242416515946388245e-02
-9.852196276187896729e-02
1.244064420461654663e-01
-2.343949116766452789e-02
3.047743812203407288e-02
-1.242428570985794067e-01
-3.800207376480102539e-02
1.088991295546293259e-02
8.331080526113510132e-02
1.202414184808731079e-01
8.784833550453186035e-02
7.029156386852264404e-02
6.125245988368988037e-02
-2.303909882903099060e-02
6.676088273525238037e-02
1.829972416162490845e-01
-4.722669720649719238e-03
3.298389539122581482e-02
3.571746125817298889e-02
8.563944697380065918e-02
5.934940651059150696e-02
-8.974821306765079498e-03
3.967243805527687073e-02
-1.159690320491790771e-02
6.983278784900903702e-03
-3.931077942252159119e-02
-1.490651518106460571e-01
1.532112248241901398e-02
2.128441780805587769e-01
-9.229943901300430298e-02
6.690301746129989624e-02
4.868129268288612366e-02
-2.343486621975898743e-02
-1.408387161791324615e-02
2.064251899719238281e-01
-1.599581688642501831e-01
-7.053184509277343750e-02
3.976245969533920288e-02
5.389292910695075989e-02
2.109228074550628662e-02
-3.163742646574974060e-02
3.364264592528343201e-02
1.755776703357696533e-01
2.301209419965744019e-02
-1.210072413086891174e-01
5.563090369105339050e-02
-3.207870572805404663e-02
-1.697477847337722778e-01
-1.427467614412307739e-01
-1.340897530317306519e-01
2.056241407990455627e-02
5.139079317450523376e-02
1.073766201734542847e-01
1.342595554888248444e-02
2.231172285974025726e-02
-8.013128489255905151e-02
-2.559228427708148956e-02
1.066552177071571350e-01
6.260348856449127197e-02
1.036185026168823242e-01
-6.606656312942504883e-02
-8.008453994989395142e-02
-1.503583937883377075e-01
6.834895163774490356e-02
2.002600021660327911e-02
-2.024717070162296295e-02
1.951875537633895874e-02
3.262770548462867737e-02
-1.279527097940444946e-01
-4.833088442683219910e-02
-1.853017657995223999e-01
-1.465863436460494995e-01
-1.172950025647878647e-02
9.731443226337432861e-02
8.524548262357711792e-02
-1.402101945132017136e-03
-6.490814685821533203e-02
1.435889005661010742e-01
-4.902083054184913635e-02
4.442644119262695312e-02
-4.962686076760292053e-02
-5.479090660810470581e-02
