-5.617392435669898987e-02
5.674809683114290237e-03
-4.797426611185073853e-02
2.168126590549945831e-02
-5.119536072015762329e-02
-8.696028590202331543e-02
-3.838231414556503296e-02
-1.498350501060485840e-01
-1.270113736391067505e-01
2.258936408907175064e-03
-8.677698671817779541e-02
-5.039726197719573975e-02
1.164295244961977005e-02
-1.794262975454330444e-01
4.468247294425964355e-02
-2.592897787690162659e-02
-5.770881101489067078e-02
3.333477675914764404e-02
3.064100444316864014e-02
-1.036091968417167664e-01
-4.901023954153060913e-02
1.316486299037933350e-01
4.423620179295539856e-02
-6.058106943964958191e-02
-5.927426367998123169e-02
8.767035603523254395e-02
-2.772460691630840302e-02
-4.622231423854827881e-02
-8.651429414749145508e-02
-1.014279574155807495e-01
1.291015744209289551e-01
-8.384486287832260132e-02
1.607291847467422485e-01
-9.318503737449645996e-02
-1.996427401900291443e-02
-1.159552857279777527e-02
-1.202542185783386230e-01
-2.415184676647186279e-02
-2.607432194054126740e-02
1.651777178049087524e-01
-1.478587239980697632e-01
-7.142930477857589722e-02
-6.255031377077102661e-02
9.236943721771240234e-02
-1.584099140018224716e-03
3.215318545699119568e-03
2.933774329721927643e-02
5.227746441960334778e-02
1.129492074251174927e-01
9.221500903367996216e-02
2.648284733295440674e-01
-2.165546268224716187e-02
1.458341907709836960e-02
6.660199165344238281e-02
-4.100329056382179260e-02
4.608497396111488342e-02
-4.034307226538658142e-02
2.270979247987270355e-02
1.452116966247558594e-01
5.557747930288314819e-02
9.359212964773178101e-02
3.924420103430747986e-02
-6.550413370132446289e-02
-2.805946767330169678e-02
1.371046900749206543e-02
-3.732863068580627441e-02
3.221634402871131897e-02
-4.672865907195955515e-04
9.864062815904617310e-02
6.545587629079818726e-02
6.998343020677566528e-02
6.929408013820648193e-02
-1.324426084756851196e-01
1.458322107791900635e-01
1.778824031352996826e-01
-1.342870891094207764e-01
8.439132571220397949e-02
-3.344826400279998779e-02
-4.554241523146629333e-02
-6.052154675126075745e-02
2.032755017280578613e-01
-9.743507206439971924e-02
1.510405214503407478e-03
-6.885035336017608643e-02
5.153767764568328857e-02
-2.286741696298122406e-02
-2.143567800521850586e-01
4.614892229437828064e-02
1.832322031259536743e-01
-5.606516078114509583e-02
-1.041260585188865662e-01
1.929589658975601196e-01
-5.620766058564186096e-02
-1.280953884124755859e-01
-1.219445839524269104e-01
-1.253660023212432861e-01
6.926061958074569702e-02
-4.173765331506729126e-02
3.699820116162300110e-02
8.020666427910327911e-04
5.813502892851829529e-02
-2.594939060509204865e-02
4.495235532522201538e-02
1.213295832276344299e-01
-4.828902706503868103e-02
-3.757632151246070862e-02
-5.657304078340530396e-02
-5.417966097593307495e-02
-7.912451773881912231e-02
-1.048943251371383667e-01
5.345670506358146667e-02
3.813311830163002014e-02
1.049917563796043396e-01
1.162248477339744568e-01
-6.581690162420272827e-02
-7.757281512022018433e-02
-1.433061808347702026e-01
6.101187318563461304e-02
6.114488467574119568e-02
-5.203148350119590759e-03
-4.171901568770408630e-02
-8.041186630725860596e-02
8.228946477174758911e-02
7.924073189496994019e-02
-6.704153120517730713e-02
7.162550091743469238e-02
-8.291859179735183716e-02
8.492861688137054443e-02
