-5.015153810381889343e-02
-4.353246465325355530e-02
-1.588718593120574951e-01
1.029735505580902100e-01
-8.089306205511093140e-02
6.010263040661811829e-02
-1.664588898420333862e-01
-4.472258314490318298e-02
-1.932644248008728027e-01
-3.596545895561575890e-03
-7.375659793615341187e-02
-5.527837574481964111e-02
-1.832524873316287994e-02
-7.792779803276062012e-02
-8.744216524064540863e-03
5.744916200637817383e-02
4.726980626583099365e-02
-1.296000927686691284e-01
4.213096573948860168e-03
9.243073873221874237e-03
-2.798326127231121063e-02
1.977045238018035889e-01
1.028105467557907104e-01
-1.113108024001121521e-01
-1.837233304977416992e-01
1.269344091415405273e-01
4.766863957047462463e-02
-9.477376192808151245e-02
6.494475901126861572e-02
7.928731292486190796e-02
7.282920181751251221e-02
3.802748396992683411e-02
-1.446235924959182739e-02
-4.138344898819923401e-02
-1.285754740238189697e-01
6.285049021244049072e-02
4.089859873056411743e-02
1.064872145652770996e-01
-2.351246774196624756e-02
8.872994035482406616e-02
-7.889720797538757324e-02
1.481424318626523018e-03
-9.745354950428009033e-02
1.225237846374511719e-01
-1.218327358365058899e-01
-1.046475172042846680e-01
-3.605510294437408447e-02
-5.247344449162483215e-02
-1.830343343317508698e-02
1.765508949756622314e-02
1.230783388018608093e-01
5.270059779286384583e-02
-4.497212171554565430e-02
1.654862798750400543e-02
8.101607859134674072e-02
6.533696502447128296e-02
6.489869952201843262e-02
1.755404658615589142e-02
-2.960593206807971001e-03
1.039931550621986389e-02
-2.445654943585395813e-02
1.386940032243728638e-01
-4.609635844826698303e-02
2.483739517629146576e-02
-3.593928739428520203e-02
1.405275333672761917e-02
1.385610643774271011e-02
8.394604921340942383e-02
1.932344436645507812e-01
-5.333669832907617092e-04
4.885163903236389160e-02
-3.596002236008644104e-02
-8.203924447298049927e-02
4.368848353624343872e-02
6.023979187011718750e-02
-1.017276346683502197e-01
-2.018136531114578247e-02
-1.192310452461242676e-01
7.948144525289535522e-02
-1.493601649999618530e-01
6.487767398357391357e-02
-2.173405885696411133e-01
-1.586681753396987915e-01
-4.559996724128723145e-02
-5.959450826048851013e-02
1.440075784921646118e-01
-8.860515058040618896e-02
2.091423422098159790e-02
7.063040882349014282e-02
5.522326380014419556e-02
-8.944211900234222412e-02
1.003264077007770538e-02
-1.094341371208429337e-02
-1.371384412050247192e-01
-3.040120936930179596e-02
-1.308417767286300659e-01
5.818056315183639526e-02
-2.935263514518737793e-02
5.361692979931831360e-02
8.482761681079864502e-02
2.982764877378940582e-02
2.568856067955493927e-02
-1.358452737331390381e-01
1.710031330585479736e-01
3.700404614210128784e-02
4.141682758927345276e-02
-2.681479975581169128e-02
-2.282161824405193329e-02
-2.757214009761810303e-01
-1.550985127687454224e-02
-9.607335552573204041e-03
6.927423179149627686e-02
1.773130595684051514e-01
-7.857959717512130737e-02
-1.458315849304199219e-01
6.026190891861915588e-02
-5.419837683439254761e-02
-5.782026797533035278e-02
-1.232176460325717926e-02
1.069786027073860168e-01
9.880278259515762329e-02
7.769335061311721802e-02
-4.137811437249183655e-02
9.593906253576278687e-02
-4.743673279881477356e-02
4.532255977392196655e-02
-9.804810397326946259e-03
-3.013820387423038483e-03
