3.788186237215995789e-02
-8.143326640129089355e-02
8.684323169291019440e-03
1.497108787298202515e-01
2.070826664566993713e-02
9.287555515766143799e-02
-2.944200672209262848e-02
-1.347071677446365356e-01
-8.068614453077316284e-02
1.837366260588169098e-02
1.077601686120033264e-02
-1.224256381392478943e-01
-1.509487330913543701e-01
1.106813848018646240e-01
3.617372363805770874e-02
8.432592451572418213e-02
4.159906506538391113e-02
5.337793007493019104e-02
9.119428694248199463e-02
-2.229838669300079346e-01
1.851217076182365417e-02
1.480733454227447510e-01
3.236578404903411865e-02
-7.007954269647598267e-02
-9.733396768569946289e-02
1.632006838917732239e-02
-6.427220255136489868e-02
2.904449589550495148e-02
1.132228150963783264e-01
1.221014559268951416e-01
1.705098003149032593e-01
-1.609660685062408447e-02
2.737020514905452728e-02
3.134412318468093872e-02
4.132345318794250488e-02
5.923270434141159058e-02
-1.539909690618515015e-01
-1.315987482666969299e-02
-6.010971218347549438e-02
2.233262658119201660e-01
-3.027474693953990936e-02
-1.233060583472251892e-01
1.076067145913839340e-02
2.764494530856609344e-02
7.191390544176101685e-02
-5.165752489119768143e-03
7.478386163711547852e-02
-1.085536628961563110e-01
7.318882644176483154e-02
5.409503355622291565e-02
1.345816403627395630e-01
-8.458639681339263916e-02
-1.028853505849838257e-01
4.158353433012962341e-02
1.258131265640258789e-01
2.403887920081615448e-02
1.232147142291069031e-01
5.393472313880920410e-02
1.086723506450653076e-01
-3.460032492876052856e-02
-8.220868185162544250e-03
1.030155345797538757e-01
1.038181856274604797e-01
4.199770744889974594e-03
6.601240485906600952e-02
1.007820889353752136e-01
-5.140558630228042603e-02
-5.737916752696037292e-02
6.140426918864250183e-02
6.578492373228073120e-02
1.783652156591415405e-01
1.786899939179420471e-02
-1.224890947341918945e-01
3.100349754095077515e-02
1.915071532130241394e-02
-2.006340539082884789e-03
2.957798913121223450e-02
1.787611842155456543e-02
-4.231414198875427246e-02
-6.229112297296524048e-02
1.326342672109603882e-01
-1.875617802143096924e-01
-3.858082741498947144e-02
-5.323370546102523804e-02
3.495913371443748474e-02
7.375060021877288818e-02
-8.080055005848407745e-03
3.731612861156463623e-02
7.176292687654495239e-02
-8.974688127636909485e-03
-1.908653378486633301e-01
1.488158702850341797e-01
-1.549817156046628952e-02
-8.719232678413391113e-02
-8.404525369405746460e-02
-1.633610278367996216e-01
-6.702649593353271484e-02
9.691134095191955566e-02
1.319635659456253052e-01
-8.120287954807281494e-02
-5.793473497033119202e-02
-5.524665117263793945e-02
-1.518118940293788910e-02
1.262028366327285767e-01
8.444681018590927124e-02
-5.396649613976478577e-02
6.468687206506729126e-02
-1.350027173757553101e-01
-1.563059389591217041e-01
-7.779850065708160400e-02
-1.089079007506370544e-01
-2.810209430754184723e-02
2.650880254805088043e-02
8.921863138675689697e-02
-9.059273451566696167e-02
-4.952535033226013184e-02
-1.823656819760799408e-02
-7.027868181467056274e-02
-5.427209660410881042e-02
-6.791625171899795532e-02
4.929074272513389587e-02
8.248990029096603394e-02
-6.919039040803909302e-02
5.664482340216636658e-02
-9.598600864410400391e-02
4.450943693518638611e-02
-1.531372964382171631e-01
6.142990663647651672e-03
