-2.952852286398410797e-02
-7.809621747583150864e-03
-1.385515630245208740e-01
1.380556076765060425e-01
4.522775113582611084e-02
1.176935732364654541e-01
-1.560839563608169556e-01
-6.366548687219619751e-02
-1.718771308660507202e-01
-5.028223618865013123e-02
-1.976189669221639633e-03
-1.250882893800735474e-01
-5.271139368414878845e-02
-2.989974431693553925e-02
-8.506241440773010254e-02
-5.156382545828819275e-02
-2.457414008677005768e-02
-8.013552427291870117e-02
3.836262598633766174e-02
-3.134599328041076660e-02
-1.127900704741477966e-01
1.997619569301605225e-01
5.801745876669883728e-02
-1.487364619970321655e-01
-3.361455351114273071e-02
6.048347800970077515e-03
4.057884216308593750e-02
4.362165462225675583e-03
2.084001339972019196e-02
9.202202409505844116e-02
4.383525624871253967e-02
8.798629790544509888e-02
-5.234602838754653931e-02
-2.667239494621753693e-02
-1.757224351167678833e-01
9.016878902912139893e-02
-7.670235633850097656e-02
1.553844008594751358e-02
-1.828424632549285889e-01
5.015577003359794617e-02
3.839796641841530800e-03
-1.897632889449596405e-02
9.551998972892761230e-02
6.912725418806076050e-02
-9.083599783480167389e-03
-7.645902037620544434e-02
-5.012728646397590637e-02
-1.083701550960540771e-01
-4.038178920745849609e-02
7.168424874544143677e-02
1.007441654801368713e-01
4.155548289418220520e-02
4.260837286710739136e-02
1.352089364081621170e-02
6.626763194799423218e-02
1.444839984178543091e-01
1.047608777880668640e-01
7.403727620840072632e-02
1.292810440063476562e-01
2.126921527087688446e-02
3.426701202988624573e-02
1.646514534950256348e-01
1.189423631876707077e-02
-7.404267042875289917e-02
-7.710252702236175537e-02
-2.497171796858310699e-02
5.591295287013053894e-02
1.739056259393692017e-01
1.928827911615371704e-01
9.339381009340286255e-02
1.573210060596466064e-01
-4.770373925566673279e-02
-1.327328234910964966e-01
7.249754667282104492e-02
1.010897476226091385e-02
-2.496319636702537537e-02
5.869605019688606262e-02
-1.391683667898178101e-01
1.028937026858329773e-01
-1.365617364645004272e-01
9.023948013782501221e-02
-1.647408604621887207e-01
-3.426846861839294434e-02
-8.296409994363784790e-02
1.798329688608646393e-02
-1.414070371538400650e-02
4.682589787989854813e-03
-8.499889820814132690e-02
4.614524543285369873e-02
7.975805550813674927e-02
-1.035888418555259705e-01
1.255486812442541122e-02
-1.981113338842988014e-03
-2.018699645996093750e-01
-3.975287545472383499e-03
-1.127960607409477234e-01
4.601277038455009460e-02
9.993714839220046997e-02
-1.092324964702129364e-02
5.819319933652877808e-02
-3.611891716718673706e-02
-1.590487360954284668e-02
-1.195108145475387573e-01
1.825137883424758911e-01
1.012643054127693176e-01
9.134597331285476685e-02
-2.847464568912982941e-02
1.677471026778221130e-02
-1.750597804784774780e-01
3.624190017580986023e-02
1.952131744474172592e-03
-3.126933798193931580e-02
7.814145088195800781e-02
-1.029888167977333069e-01
-1.217462643980979919e-01
8.630448579788208008e-02
-9.952955693006515503e-02
-2.229699864983558655e-02
-6.499245017766952515e-02
2.256410755217075348e-02
5.573561880737543106e-03
1.899189315736293793e-02
7.722676545381546021e-02
7.313358131796121597e-03
-1.299007087945938110e-01
-6.452452391386032104e-02
-2.947144582867622375e-02
-3.783296793699264526e-02
