-9.191903471946716309e-02
2.459050528705120087e-02
-4.206916689872741699e-02
1.116985529661178589e-01
5.395004898309707642e-02
3.292932361364364624e-02
-1.158379670232534409e-02
-1.443211436271667480e-01
-8.699785172939300537e-02
-4.393444210290908813e-02
1.994419610127806664e-03
-7.025056332349777222e-02
-1.235936060547828674e-01
-1.451469063758850098e-01
-9.396073967218399048e-02
-4.027149826288223267e-02
-6.373382359743118286e-02
2.561048418283462524e-02
1.941763795912265778e-02
-6.775530427694320679e-02
-1.004513129591941833e-01
1.758233159780502319e-01
-8.206150680780410767e-02
-2.896638397942297161e-05
-1.180617958307266235e-01
1.510326564311981201e-01
-4.924248903989791870e-02
1.482349354773759842e-02
2.769930660724639893e-02
-6.531361490488052368e-02
8.355441689491271973e-02
-3.196718543767929077e-02
1.143812462687492371e-01
1.916214637458324432e-02
-7.251809537410736084e-02
-2.554242126643657684e-02
-1.659869551658630371e-01
-5.133003741502761841e-02
-1.997887790203094482e-01
1.527848243713378906e-01
-1.239997893571853638e-01
-4.939521476626396179e-02
1.354437408735975623e-04
4.028247296810150146e-02
7.526750117540359497e-02
1.149863302707672119e-01
1.070860773324966431e-01
-5.158466100692749023e-02
9.143848717212677002e-02
1.051056236028671265e-01
1.622772365808486938e-01
2.620311686769127846e-03
-7.563307881355285645e-02
-7.582610938698053360e-03
5.154806002974510193e-02
5.024951323866844177e-02
-2.905434556305408478e-02
1.966274902224540710e-02
-6.599688529968261719e-02
-3.454738110303878784e-02
1.549560129642486572e-01
3.251238539814949036e-02
-5.117218568921089172e-02
-4.740452021360397339e-02
-5.108792334794998169e-02
8.741661906242370605e-02
-3.093357197940349579e-02
4.093695804476737976e-02
-2.548366598784923553e-02
8.694084733724594116e-02
1.905244775116443634e-02
3.739659860730171204e-02
-1.907358765602111816e-01
6.407947093248367310e-02
2.041232883930206299e-01
-7.009362429380416870e-02
1.349526806734502316e-03
4.043060541152954102e-02
-4.278885200619697571e-02
-1.358547359704971313e-01
2.383115887641906738e-01
-1.175306364893913269e-01
-1.441079191863536835e-02
-1.811691820621490479e-01
1.095879822969436646e-01
7.138966768980026245e-02
5.822321400046348572e-02
3.782081976532936096e-02
1.807859688997268677e-01
4.015932604670524597e-02
-8.840597420930862427e-02
1.231115460395812988e-01
-6.322012841701507568e-02
-9.876640141010284424e-02
-9.790419787168502808e-02
-1.198960319161415100e-01
-1.736936345696449280e-02
-2.786132320761680603e-02
2.210483513772487640e-02
-6.091932579874992371e-02
-5.837267637252807617e-02
-1.083096563816070557e-01
-1.422664150595664978e-02
8.345036208629608154e-02
-6.570698320865631104e-02
3.824200108647346497e-02
-4.093313962221145630e-02
-1.660948060452938080e-02
-6.729844957590103149e-02
5.227478966116905212e-02
-4.336768016219139099e-02
-3.342171385884284973e-02
7.396955043077468872e-02
5.934585630893707275e-02
-5.222896486520767212e-02
-9.329359233379364014e-02
-1.076835542917251587e-01
1.583724655210971832e-02
4.948212578892707825e-02
-5.358084570616483688e-03
-6.401524692773818970e-02
-8.299949765205383301e-02
-1.014965027570724487e-01
5.681284517049789429e-02
-2.521626651287078857e-01
8.268606849014759064e-03
3.242045268416404724e-02
-6.533996667712926865e-03
