2.968519460409879684e-03
-1.012576669454574585e-01
-5.697827413678169250e-02
1.986063867807388306e-01
2.844883874058723450e-02
1.190275624394416809e-01
6.665233522653579712e-02
-1.767912656068801880e-01
-1.397064775228500366e-01
2.575267851352691650e-02
-6.337747722864151001e-02
-1.514458060264587402e-01
-1.484561115503311157e-01
-6.658558733761310577e-03
3.474169224500656128e-02
1.064574252814054489e-02
5.939839035272598267e-02
1.116338893771171570e-01
1.688678115606307983e-01
-1.186311990022659302e-01
4.231619462370872498e-02
1.485050171613693237e-01
4.136155545711517334e-02
-3.798482567071914673e-02
-4.881805554032325745e-02
1.230406202375888824e-02
-1.301109232008457184e-02
2.909630723297595978e-02
4.199938103556632996e-02
1.230830997228622437e-01
7.808034121990203857e-02
1.295453030616044998e-02
1.769860647618770599e-02
7.804994285106658936e-02
-1.015677899122238159e-01
2.965529274661093950e-04
-1.195803657174110413e-01
1.322092395275831223e-02
-1.699801534414291382e-01
1.567265093326568604e-01
-5.364840477705001831e-02
-1.161893010139465332e-01
2.690629288554191589e-02
-4.639816470444202423e-03
1.095903217792510986e-01
-4.591440409421920776e-02
2.653970196843147278e-02
-7.790504395961761475e-02
5.446008592844009399e-02
1.133966743946075439e-01
1.800559163093566895e-01
1.445013767806813121e-04
-2.006839774549007416e-02
-1.676926156505942345e-03
1.310327649116516113e-01
5.919548496603965759e-02
9.065970033407211304e-02
1.238658949732780457e-01
2.130121178925037384e-02
-1.375858951359987259e-02
2.684841305017471313e-02
1.566389054059982300e-01
3.832366317510604858e-02
-5.615347623825073242e-02
1.120051443576812744e-01
1.491016447544097900e-01
-2.498172782361507416e-02
-4.116006940603256226e-02
3.191332891583442688e-02
8.592082560062408447e-02
1.998515576124191284e-01
3.309343382716178894e-02
-1.666412651538848877e-01
-4.090149328112602234e-02
4.410634562373161316e-02
4.293151665478944778e-03
2.650291286408901215e-02
-1.743632927536964417e-02
-2.102165296673774719e-02
-4.919696226716041565e-02
1.683917641639709473e-01
-1.904593259096145630e-01
-3.527479246258735657e-02
-5.255445465445518494e-02
2.486211992800235748e-02
1.871027611196041107e-02
3.001452609896659851e-02
6.568152457475662231e-03
1.438625007867813110e-01
1.901827380061149597e-02
-1.172042712569236755e-01
1.493541598320007324e-01
-3.483924642205238342e-02
-7.870992273092269897e-02
-8.916876465082168579e-02
-3.623686730861663818e-02
-9.121671319007873535e-02
1.220535114407539368e-01
7.192708551883697510e-02
-1.597468741238117218e-02
7.521767169237136841e-02
-1.407576818019151688e-02
7.757272571325302124e-03
1.172684729099273682e-01
4.962228983640670776e-02
3.970769792795181274e-02
-7.926544547080993652e-02
-8.240459859371185303e-02
-8.111811429262161255e-02
-4.183146730065345764e-02
-1.141271889209747314e-01
-5.712638050317764282e-02
-4.097328986972570419e-03
-5.696136038750410080e-03
-1.134659051895141602e-01
-1.880189962685108185e-02
5.114994943141937256e-03
-6.823254283517599106e-03
-9.670823067426681519e-02
-4.293179884552955627e-02
-1.742310635745525360e-02
9.904123842716217041e-02
-6.160311400890350342e-02
3.903353214263916016e-02
-2.062842696905136108e-01
-8.106929063796997070e-02
-1.485159099102020264e-01
-1.095084287226200104e-02
