-1.939514465630054474e-02
-1.221568584442138672e-01
-1.689144968986511230e-02
1.440425515174865723e-01
-7.496787607669830322e-02
2.675035782158374786e-02
-1.195615530014038086e-01
-1.416580080986022949e-01
-1.652510017156600952e-01
-2.652737684547901154e-02
1.176354065537452698e-01
-1.595957949757575989e-02
-2.426752075552940369e-02
-9.217496961355209351e-02
7.244282960891723633e-02
2.105668373405933380e-02
3.523350879549980164e-02
3.786468133330345154e-02
1.952994987368583679e-02
-9.153437614440917969e-02
-1.460586190223693848e-01
1.195632591843605042e-01
8.161139488220214844e-02
3.446835651993751526e-02
-3.999850153923034668e-02
4.365188628435134888e-02
-3.321930021047592163e-02
-5.704721435904502869e-02
-8.593446761369705200e-02
-6.853919476270675659e-02
1.433925777673721313e-01
-6.645980291068553925e-03
9.151167422533035278e-02
-8.897441625595092773e-02
-1.089453473687171936e-01
-1.270090433536097407e-04
-1.342332661151885986e-01
7.645582407712936401e-02
-3.067095205187797546e-02
1.913362890481948853e-01
-2.406614460051059723e-02
-4.861505329608917236e-02
-1.477810144424438477e-01
1.088712066411972046e-01
1.809596642851829529e-02
-4.372706636786460876e-02
-1.049120202660560608e-01
-3.538218140602111816e-02
2.027880549430847168e-01
-9.683461859822273254e-03
2.033655047416687012e-01
3.003761637955904007e-03
-5.174870137125253677e-03
-4.604409262537956238e-02
1.428805943578481674e-02
-1.087162271142005920e-02
2.783969603478908539e-02
1.244575306773185730e-01
1.000035926699638367e-01
4.990165680646896362e-02
-9.409511089324951172e-02
1.146391481161117554e-01
1.925495453178882599e-02
8.931547403335571289e-02
1.002495959401130676e-01
7.683669030666351318e-02
-3.409949317574501038e-02
-4.168919473886489868e-02
1.334233283996582031e-01
9.286434948444366455e-02
1.136173233389854431e-01
1.254995167255401611e-01
-2.797448541969060898e-04
6.863895803689956665e-02
9.712771512567996979e-03
-7.865705341100692749e-02
5.919827893376350403e-02
4.220372810959815979e-02
-8.090864121913909912e-02
-5.078461766242980957e-02
1.629610061645507812e-01
-9.300306439399719238e-02
-3.913640230894088745e-02
7.804965972900390625e-02
5.139252543449401855e-02
-1.003378350287675858e-02
-1.600524038076400757e-01
-7.878889888525009155e-02
1.083902046084403992e-01
-7.015664596110582352e-03
-1.283448487520217896e-01
1.029458940029144287e-01
-8.888495713472366333e-02
-9.839849174022674561e-02
-7.939292490482330322e-02
9.641631913837045431e-05
9.944633394479751587e-02
7.825590670108795166e-02
-9.036681801080703735e-02
-2.854413725435733795e-02
4.213007912039756775e-02
-5.983800627291202545e-03
4.863790795207023621e-02
1.447980105876922607e-01
6.591714918613433838e-02
4.175239801406860352e-02
3.193248063325881958e-02
-1.175407916307449341e-01
-1.385827660560607910e-01
-1.919047236442565918e-01
-5.255870521068572998e-03
-3.771771118044853210e-02
-1.503296103328466415e-02
6.525620818138122559e-02
-8.514411002397537231e-02
-5.833486095070838928e-02
7.118039764463901520e-03
8.726064860820770264e-02
4.369879513978958130e-02
6.821613293141126633e-03
7.751870155334472656e-02
-2.269759587943553925e-02
5.205107107758522034e-02
5.326293408870697021e-02
-5.192722193896770477e-03
1.985774636268615723e-01
-1.940181106328964233e-01
-6.163502857089042664e-02
