-1.820576041936874390e-01
1.746637560427188873e-02
2.335311099886894226e-02
7.179341465234756470e-02
-2.960973791778087616e-02
4.695051535964012146e-02
8.830071240663528442e-02
-1.178358122706413269e-01
-1.515715569257736206e-01
3.362815082073211670e-02
-3.713505342602729797e-02
-1.660633385181427002e-01
-3.565717861056327820e-02
4.063547030091285706e-02
1.192596927285194397e-01
-9.860560297966003418e-02
-9.349596500396728516e-02
-6.974528077989816666e-04
3.888776898384094238e-02
-8.041243255138397217e-02
-1.179754063487052917e-01
9.601499140262603760e-02
4.576161503791809082e-02
-1.024027690291404724e-01
-1.332115940749645233e-02
1.979839615523815155e-02
-6.219976022839546204e-02
4.735000804066658020e-02
-6.680551916360855103e-02
8.518127351999282837e-02
1.161628067493438721e-01
3.411703929305076599e-02
1.187883093953132629e-01
-1.676937378942966461e-02
-1.060952898114919662e-02
9.054087847471237183e-02
-1.783094257116317749e-01
5.451198085211217403e-04
-7.080877572298049927e-02
8.309490233659744263e-02
-8.042874932289123535e-02
-1.190121024847030640e-01
4.245563223958015442e-02
9.807559847831726074e-02
4.773723706603050232e-02
1.417931448668241501e-02
1.095415093004703522e-02
1.120954938232898712e-02
1.489902883768081665e-01
1.018027961254119873e-01
1.144547462463378906e-01
-3.846032172441482544e-02
-4.194757714867591858e-02
-8.935640007257461548e-02
-6.746345316059887409e-04
6.574989855289459229e-02
1.856780797243118286e-02
8.769898861646652222e-02
9.506002068519592285e-02
8.196353912353515625e-02
-5.564209818840026855e-02
1.245656535029411316e-01
-7.384522818028926849e-03
8.389370888471603394e-02
3.392580896615982056e-02
1.017797365784645081e-01
-1.444323211908340454e-01
-5.555191636085510254e-02
7.627748697996139526e-02
1.501864641904830933e-01
9.544527530670166016e-02
9.393647313117980957e-02
-6.123042851686477661e-02
6.978931277990341187e-02
6.477117538452148438e-02
-3.241801867261528969e-03
7.596606016159057617e-02
-4.785975813865661621e-02
-4.171860590577125549e-02
-1.332664489746093750e-01
1.730959862470626831e-01
-1.092451959848403931e-01
-1.318253129720687866e-01
-7.130792737007141113e-02
1.332086175680160522e-01
-5.262520164251327515e-02
-1.063853427767753601e-01
-4.197458550333976746e-02
1.388454735279083252e-01
1.064642518758773804e-01
-1.613673865795135498e-01
1.862367242574691772e-01
-8.068729937076568604e-02
-1.194890402257442474e-02
-1.728272885084152222e-01
-1.851535886526107788e-01
1.010628044605255127e-02
6.985909491777420044e-02
1.275297701358795166e-01
-2.189756929874420166e-02
-2.912111347541213036e-03
7.028418779373168945e-02
-1.157093122601509094e-01
6.704067438840866089e-02
4.419830441474914551e-02
-8.443392813205718994e-02
4.371399991214275360e-03
-3.319160267710685730e-02
-7.528479397296905518e-02
-1.345644593238830566e-01
-1.981773413717746735e-02
-1.296130716800689697e-01
5.116996541619300842e-02
2.895309776067733765e-02
3.367781266570091248e-02
-9.609477221965789795e-02
-3.642548993229866028e-02
-1.120729669928550720e-01
-8.309116959571838379e-02
-8.549134433269500732e-02
-6.119103357195854187e-02
4.626528546214103699e-02
7.174924015998840332e-02
-1.474954336881637573e-01
-3.944487497210502625e-02
3.800183907151222229e-02
-5.508667975664138794e-02
-6.473558954894542694e-03
