2.455754950642585754e-02
-1.347902268171310425e-01
-8.384677022695541382e-02
5.395220965147018433e-02
-4.563565179705619812e-02
7.937387377023696899e-02
-3.870673850178718567e-02
-9.679299592971801758e-02
-1.522434353828430176e-01
4.541116952896118164e-02
-2.390077523887157440e-02
-7.142126560211181641e-02
-9.826049953699111938e-02
-9.078363329172134399e-02
1.006425693631172180e-01
7.188338041305541992e-02
8.094549179077148438e-02
-3.015272505581378937e-02
1.368532925844192505e-01
-1.490045785903930664e-01
-1.316315531730651855e-01
8.606976270675659180e-02
6.118984892964363098e-02
-5.240866541862487793e-02
6.113156210631132126e-03
9.814564138650894165e-02
1.884449087083339691e-02
3.237094730138778687e-02
2.226342633366584778e-02
-1.129879616200923920e-02
1.168852522969245911e-01
1.205772534012794495e-02
-1.949321851134300232e-02
-3.663482889533042908e-02
-3.988439217209815979e-02
-2.299627475440502167e-02
-4.289861395955085754e-02
1.169567704200744629e-01
-3.676135092973709106e-02
1.357858777046203613e-01
-2.984327077865600586e-02
-3.121860884130001068e-02
1.041189283132553101e-01
7.987271249294281006e-02
-5.969372391700744629e-02
1.878003217279911041e-02
6.095500662922859192e-03
-3.377960622310638428e-02
1.029050722718238831e-01
4.272371158003807068e-02
7.760906219482421875e-02
-9.561239928007125854e-02
-8.763091266155242920e-02
6.238012015819549561e-02
1.656136065721511841e-01
7.867845147848129272e-02
1.041372418403625488e-01
2.383076772093772888e-02
1.106842458248138428e-01
-3.918539732694625854e-02
3.601573174819350243e-03
1.203555911779403687e-01
5.642349831759929657e-03
-5.461854860186576843e-02
8.550202846527099609e-02
-2.344224415719509125e-02
-4.983932711184024811e-03
-5.267633125185966492e-02
1.370216161012649536e-01
-1.017481647431850433e-02
9.395352751016616821e-02
-4.732260480523109436e-02
-1.701602190732955933e-01
6.402165628969669342e-03
2.351643145084381104e-01
-1.090113446116447449e-01
2.713235840201377869e-02
3.131624311208724976e-02
-8.329419419169425964e-03
-6.516794860363006592e-02
2.243959307670593262e-01
-1.732184439897537231e-01
-6.669732928276062012e-02
-9.112443774938583374e-02
7.882893085479736328e-02
7.631393522024154663e-02
-8.503511548042297363e-02
-2.336757630109786987e-02
1.360370367765426636e-01
-2.765337005257606506e-03
-1.454416960477828979e-01
6.362327933311462402e-02
-6.874441355466842651e-02
-1.726191490888595581e-01
-1.550911813974380493e-01
-7.987064868211746216e-02
3.982078656554222107e-02
6.853891909122467041e-02
5.836534127593040466e-02
-7.750446349382400513e-02
7.021004706621170044e-02
-6.446315348148345947e-02
-4.018963128328323364e-02
8.493226021528244019e-02
1.668198704719543457e-01
8.039567619562149048e-02
1.011657435446977615e-02
-7.633553445339202881e-02
-2.149523198604583740e-01
-1.458692736923694611e-02
3.996954485774040222e-02
-7.110369205474853516e-02
1.244962513446807861e-01
8.045031875371932983e-02
-1.448910683393478394e-01
-1.833062432706356049e-02
-1.475470662117004395e-01
-7.060174643993377686e-02
2.656690590083599091e-02
3.150352835655212402e-02
5.476113036274909973e-02
-6.794286519289016724e-02
-5.623763054609298706e-02
9.331470727920532227e-02
-8.156099170446395874e-02
5.962683260440826416e-02
-8.368585258722305298e-02
-6.504917144775390625e-02
