-7.031068950891494751e-02
-6.147915124893188477e-02
-4.404686763882637024e-02
6.940554082393646240e-02
-1.507987617515027523e-03
8.116101473569869995e-02
-5.472714081406593323e-02
-9.159819036722183228e-02
-8.378571271896362305e-02
-4.001395404338836670e-02
2.943750284612178802e-02
-1.700881868600845337e-02
-9.611543267965316772e-02
1.700542680919170380e-02
8.199624717235565186e-02
-6.046677008271217346e-03
-1.039893254637718201e-01
-4.144738242030143738e-02
5.421718582510948181e-02
-1.485389918088912964e-01
4.233623854815959930e-03
1.478498578071594238e-01
1.041429564356803894e-01
-7.949007302522659302e-02
-1.821290254592895508e-01
1.812340319156646729e-01
6.599538773298263550e-02
-8.415598422288894653e-02
-8.156215399503707886e-02
5.896273627877235413e-02
1.615303456783294678e-01
8.316379971802234650e-04
6.828282028436660767e-02
-9.737394750118255615e-02
-5.236892402172088623e-02
-4.464745894074440002e-02
-1.095776334404945374e-01
-8.218103088438510895e-03
3.053932636976242065e-02
8.803373575210571289e-02
-1.713463962078094482e-01
-1.948752105236053467e-01
-5.664130300283432007e-02
1.470667719841003418e-01
4.923467710614204407e-02
-5.045601725578308105e-02
5.078584421426057816e-03
4.882596433162689209e-02
5.955216661095619202e-02
-1.562927849590778351e-02
2.656794190406799316e-01
-6.678918749094009399e-02
2.779036946594715118e-02
-3.262740373611450195e-02
-2.176245488226413727e-02
1.289332751184701920e-02
1.070254445075988770e-01
4.794562608003616333e-02
7.930466532707214355e-02
6.968954205513000488e-02
3.192623704671859741e-02
1.325994879007339478e-01
-3.848544880747795105e-02
8.954313397407531738e-02
-7.902523130178451538e-02
5.195502191781997681e-02
1.028847098350524902e-01
-3.424461185932159424e-02
1.013502776622772217e-01
3.249889612197875977e-02
7.563439011573791504e-02
7.413326948881149292e-02
-7.599327713251113892e-02
1.698030680418014526e-01
1.430491805076599121e-01
-1.303898245096206665e-01
3.679208457469940186e-02
-5.751304328441619873e-02
-7.980963215231895447e-03
-2.117655724287033081e-01
5.805710703134536743e-02
-1.259500086307525635e-01
-1.022956594824790955e-01
-1.718606986105442047e-02
2.732881344854831696e-02
-9.358716011047363281e-02
-1.627395153045654297e-01
3.826905786991119385e-02
1.566776782274246216e-01
1.068080030381679535e-02
-7.498909533023834229e-02
1.494786739349365234e-01
-1.244446113705635071e-01
-4.577187821269035339e-02
-8.030723780393600464e-02
-1.502576321363449097e-01
1.073895320296287537e-01
-2.063866332173347473e-02
4.095165990293025970e-03
2.503800205886363983e-02
1.916085183620452881e-02
-2.283612638711929321e-02
-6.580425053834915161e-02
4.854326322674751282e-02
-3.210045397281646729e-02
-2.324942313134670258e-02
-8.549271523952484131e-02
-4.597530514001846313e-02
-7.922299951314926147e-02
4.417359828948974609e-03
2.087709680199623108e-02
7.941346615552902222e-02
1.032123118638992310e-01
4.831710085272789001e-02
6.923615187406539917e-02
-7.287126779556274414e-02
-1.150581464171409607e-01
-1.165790557861328125e-01
-1.400783751159906387e-02
9.506425261497497559e-02
1.622295975685119629e-01
1.549674011766910553e-02
-8.932620286941528320e-03
-3.707865253090858459e-02
-6.825225800275802612e-02
1.087246648967266083e-02
-9.465131163597106934e-02
-6.143103353679180145e-03
