-1.426815688610076904e-01
-8.423916995525360107e-02
-8.012806624174118042e-02
3.555954620242118835e-02
1.406609360128641129e-02
3.130868822336196899e-02
1.208825316280126572e-02
-3.173558786511421204e-02
-3.716415911912918091e-02
-2.585734799504280090e-02
-1.022329553961753845e-01
-1.426478773355484009e-01
-7.764092087745666504e-02
3.738712146878242493e-02
2.299086749553680420e-02
3.005676902830600739e-02
-5.216187238693237305e-02
-4.596320912241935730e-02
1.271956712007522583e-01
3.332144347950816154e-03
-9.697211533784866333e-02
1.418666541576385498e-01
-3.619529306888580322e-02
-1.715868711471557617e-01
7.380778342485427856e-02
1.305070519447326660e-01
8.403997123241424561e-02
-9.874226897954940796e-02
7.134340703487396240e-02
4.358888417482376099e-02
1.226539611816406250e-01
1.073697581887245178e-01
3.139479458332061768e-02
-1.701494157314300537e-01
-1.579696983098983765e-01
-3.013109043240547180e-02
2.677108906209468842e-02
4.019488766789436340e-02
-6.747844163328409195e-03
2.921173290815204382e-04
-1.117183566093444824e-01
-8.433661609888076782e-02
3.723178058862686157e-02
1.550248861312866211e-01
-1.421765834093093872e-01
4.831962287425994873e-02
-4.346707835793495178e-02
-4.981441795825958252e-02
1.656992919743061066e-02
-1.818376593291759491e-02
9.656385332345962524e-02
6.354807317256927490e-02
6.865158211439847946e-03
-8.178224414587020874e-02
-7.544994354248046875e-03
-6.799539551138877869e-04
8.236790448427200317e-02
3.090079315006732941e-02
8.337908238172531128e-02
1.023291051387786865e-01
-1.066093817353248596e-01
1.076275333762168884e-01
-1.541875004768371582e-01
-5.151393357664346695e-03
3.063475899398326874e-02
3.553836047649383545e-02
2.713993564248085022e-02
2.036836929619312286e-02
1.064283549785614014e-01
2.373400516808032990e-02
1.204105317592620850e-01
-8.172611892223358154e-02
2.578070014715194702e-02
5.999771133065223694e-02
1.186499372124671936e-01
-1.344693452119827271e-01
-6.757044792175292969e-02
-1.459276825189590454e-01
-7.510475348681211472e-03
-5.990369617938995361e-02
4.234985634684562683e-02
-1.089242473244667053e-01
-1.519516855478286743e-01
-1.491468697786331177e-01
-5.965153127908706665e-02
2.076448313891887665e-02
-1.991697847843170166e-01
8.138843812048435211e-03
5.986522138118743896e-02
1.797084063291549683e-01
-8.098201826214790344e-03
1.081820726394653320e-01
-1.152477934956550598e-01
-1.305940002202987671e-01
-6.511963158845901489e-02
-3.837429732084274292e-02
-1.101559400558471680e-02
7.132497429847717285e-02
1.023509874939918518e-01
1.332711726427078247e-01
3.535002470016479492e-02
6.083086133003234863e-02
-1.426821053028106689e-01
-1.163731981068849564e-02
1.128264442086219788e-01
6.251929327845573425e-03
-1.001498997211456299e-01
-3.158782422542572021e-02
-1.175067424774169922e-01
-4.229544475674629211e-02
9.827946126461029053e-02
4.734188318252563477e-02
8.167804032564163208e-02
-1.576862484216690063e-02
-9.996135532855987549e-02
1.204124689102172852e-01
-5.056489631533622742e-02
-2.124778032302856445e-01
-1.200427263975143433e-01
8.116333186626434326e-02
-4.741616919636726379e-02
1.326183378696441650e-01
-4.468483105301856995e-02
-5.506189167499542236e-02
-9.000156074762344360e-02
-4.354245215654373169e-02
1.060559414327144623e-02
9.922511875629425049e-02
