-1.278486847877502441e-01
-3.294233232736587524e-02
8.838588371872901917e-03
1.307163983583450317e-01
-3.827131167054176331e-02
6.180379912257194519e-02
7.424808293581008911e-02
-1.404929757118225098e-01
-1.269745826721191406e-01
-2.305905707180500031e-02
-5.469032004475593567e-02
-1.451036781072616577e-01
8.844445645809173584e-02
3.831663727760314941e-02
1.269772797822952271e-01
-1.076674088835716248e-01
-9.440086036920547485e-02
1.530483551323413849e-02
1.489892322570085526e-02
-3.644806519150733948e-02
-1.151272580027580261e-01
1.043832972645759583e-01
-3.482540696859359741e-02
-1.285796463489532471e-01
-1.435713749378919601e-02
7.684933394193649292e-02
1.752142980694770813e-02
-3.476625680923461914e-02
-2.437131293118000031e-02
1.272186636924743652e-01
1.724325567483901978e-01
6.427422631531953812e-03
9.372407197952270508e-02
-9.796281903982162476e-02
-4.182115942239761353e-02
1.272530406713485718e-01
-1.450209319591522217e-01
6.364440917968750000e-02
-1.192226819694042206e-02
1.020050197839736938e-01
-8.144682645797729492e-02
-6.509006768465042114e-02
-3.945676609873771667e-02
1.322566866874694824e-01
-7.018115371465682983e-02
6.873285747133195400e-04
5.111738573759794235e-03
-8.650952950119972229e-03
1.018421202898025513e-01
2.505705133080482483e-02
1.122317314147949219e-01
-8.713572472333908081e-02
-6.193521246314048767e-02
6.423807889223098755e-02
1.415180414915084839e-02
8.527491241693496704e-02
8.738407492637634277e-02
8.328949660062789917e-02
1.720725893974304199e-01
3.626759350299835205e-02
-1.496814191341400146e-01
1.140393614768981934e-01
-7.330743968486785889e-02
7.961792498826980591e-02
1.877594180405139923e-02
7.563583552837371826e-02
4.763066768646240234e-03
-6.432572007179260254e-02
1.374776512384414673e-01
7.790789753198623657e-02
6.142045930027961731e-02
6.052554771304130554e-02
-1.113949902355670929e-02
5.031243339180946350e-02
1.556175500154495239e-01
-1.176681593060493469e-01
6.193248927593231201e-02
-8.153127878904342651e-02
-4.200518503785133362e-02
-1.647011339664459229e-01
1.561119258403778076e-01
-1.384174972772598267e-01
-7.395348697900772095e-02
-1.141710057854652405e-01
1.204646155238151550e-01
-3.284457698464393616e-02
-1.861387342214584351e-01
8.965635299682617188e-02
1.548238545656204224e-01
-7.308012340217828751e-03
-1.322724670171737671e-01
1.392133384943008423e-01
-6.165957078337669373e-02
-1.072103530168533325e-01
-1.465170532464981079e-01
-8.902348577976226807e-02
1.058568358421325684e-01
9.724206477403640747e-02
4.633533582091331482e-02
1.372257713228464127e-02
-2.517767250537872314e-02
3.417837619781494141e-02
-6.603699177503585815e-02
1.040953770279884338e-01
1.636817934922873974e-03
-6.020557135343551636e-02
-3.870433196425437927e-02
-2.360496111214160919e-02
-9.280084818601608276e-02
-1.841255575418472290e-01
6.543047726154327393e-02
-7.498428225517272949e-02
6.711078435182571411e-02
2.600845508277416229e-02
3.391779959201812744e-02
-6.369902193546295166e-02
-1.362018883228302002e-01
-6.081943586468696594e-02
-3.830630332231521606e-02
-1.795110292732715607e-02
-6.412262155208736658e-05
8.352060802280902863e-03
9.943515807390213013e-02
-1.697571203112602234e-02
2.347305230796337128e-02
6.042642146348953247e-02
-8.680155128240585327e-02
-3.335770964622497559e-02
