-9.151975810527801514e-02
-6.153408437967300415e-03
-9.161520004272460938e-02
8.388384431600570679e-02
-7.850329577922821045e-02
2.081309817731380463e-02
-6.176229938864707947e-02
-3.278293088078498840e-02
-1.212356984615325928e-01
1.160414144396781921e-01
6.615093350410461426e-02
2.349576540291309357e-02
-1.226993501186370850e-01
-7.915282249450683594e-02
6.281148642301559448e-02
1.104615554213523865e-01
-2.557950094342231750e-02
-6.951896101236343384e-02
1.703472882509231567e-01
-1.132513508200645447e-01
5.021546408534049988e-02
1.461506634950637817e-01
2.017321810126304626e-02
-7.612104061990976334e-03
-2.552549587562680244e-03
1.936565488576889038e-01
7.339595258235931396e-02
-6.906759738922119141e-02
-5.827659741044044495e-02
2.825041115283966064e-02
4.910552129149436951e-02
4.784654453396797180e-02
6.257486343383789062e-02
-1.547255665063858032e-01
1.541390921920537949e-02
-1.022268906235694885e-01
3.290263190865516663e-02
5.534764379262924194e-02
-5.812006443738937378e-02
7.069881539791822433e-03
-1.543498933315277100e-01
-7.002620398998260498e-02
-4.306168295443058014e-03
1.459760814905166626e-01
2.604728750884532928e-02
2.322902902960777283e-02
7.637535035610198975e-02
4.411478713154792786e-02
-3.065821900963783264e-02
-1.326772756874561310e-02
1.867036521434783936e-01
1.051180735230445862e-01
1.283590495586395264e-02
-1.531208753585815430e-01
8.688567578792572021e-02
1.951483264565467834e-02
6.133788079023361206e-02
1.842774450778961182e-02
3.035034984350204468e-02
1.039742752909660339e-01
6.972439587116241455e-02
6.490639597177505493e-02
-1.130485460162162781e-01
1.475844718515872955e-02
-9.042995423078536987e-02
-1.030281931161880493e-01
3.922772780060768127e-02
-1.986491493880748749e-02
7.723491638898849487e-02
-7.185600697994232178e-02
1.928565800189971924e-01
-1.166201476007699966e-02
-2.408677786588668823e-01
1.857494562864303589e-02
1.982462704181671143e-01
-1.271425038576126099e-01
-1.378687769174575806e-01
-1.070075854659080505e-01
-1.214288398623466492e-01
-1.033836379647254944e-01
-1.649867184460163116e-02
-7.684818655252456665e-02
-1.233645081520080566e-01
-1.184900701045989990e-01
-7.746274024248123169e-02
-1.269169850274920464e-03
1.859642937779426575e-02
-1.671689213253557682e-03
-1.812936365604400635e-02
-1.764163002371788025e-02
-1.094104256480932236e-02
9.553159773349761963e-02
-1.492242813110351562e-01
-7.890476845204830170e-03
-7.859375327825546265e-02
-1.243785098195075989e-01
1.490217298269271851e-01
-1.632415875792503357e-02
-2.357154525816440582e-02
-3.265090053901076317e-03
1.737062782049179077e-01
3.785190731287002563e-02
-1.416973676532506943e-02
6.768792867660522461e-02
1.388941109180450439e-01
1.789885386824607849e-02
-6.078151986002922058e-02
6.550854444503784180e-02
-3.016235865652561188e-02
2.032378315925598145e-02
9.011311829090118408e-02
6.200622394680976868e-02
1.951912939548492432e-01
6.295107305049896240e-02
-1.119689866900444031e-01
5.187419429421424866e-02
-5.314792692661285400e-02
-7.861404120922088623e-02
-1.360269077122211456e-02
1.898241043090820312e-02
5.807188525795936584e-02
-2.996258065104484558e-02
-5.016858130693435669e-02
-4.714036732912063599e-02
-9.437850862741470337e-02
-1.287070959806442261e-01
1.523454952985048294e-02
8.836067467927932739e-02
