-1.157955899834632874e-01
-9.284404665231704712e-02
-2.913298085331916809e-02
8.552344143390655518e-02
-2.584889158606529236e-02
1.476566493511199951e-02
-5.900849029421806335e-02
-1.101676970720291138e-01
-8.593600988388061523e-02
-5.359829589724540710e-02
-1.745879277586936951e-02
-1.968028768897056580e-02
-7.121539115905761719e-02
-9.460600465536117554e-02
4.302393645048141479e-02
4.077625647187232971e-02
-5.526423826813697815e-02
2.587082050740718842e-02
8.067800849676132202e-02
-1.135361641645431519e-01
-6.352695822715759277e-02
1.072634086012840271e-01
1.213896498084068298e-01
-1.002685949206352234e-01
-9.225421398878097534e-02
1.224808245897293091e-01
-3.234526887536048889e-02
-5.819801613688468933e-02
-4.144682735204696655e-02
-3.908579703420400620e-03
2.139409929513931274e-01
-1.401024498045444489e-02
1.501950323581695557e-01
-1.355419009923934937e-01
-6.610725540667772293e-03
9.195212274789810181e-03
-9.558645635843276978e-02
-1.604219339787960052e-02
-2.394245006144046783e-02
1.120964959263801575e-01
-8.734150230884552002e-02
-1.168799623847007751e-01
-5.634966865181922913e-02
1.656493544578552246e-01
3.188897296786308289e-02
5.129632726311683655e-02
-4.682702198624610901e-02
7.585092913359403610e-03
6.273641437292098999e-02
3.298024460673332214e-02
3.523339927196502686e-01
6.032192334532737732e-02
1.267575006932020187e-02
-5.289549753069877625e-02
1.681073941290378571e-02
-1.994835957884788513e-02
4.712826386094093323e-02
1.631296128034591675e-01
1.252276450395584106e-01
1.145145967602729797e-01
-1.711322553455829620e-02
9.219337254762649536e-02
-3.787821531295776367e-02
3.470121324062347412e-02
-3.732534497976303101e-02
6.019025668501853943e-02
1.433037803508341312e-03
1.046114880591630936e-02
8.852934837341308594e-02
1.023961380124092102e-01
2.011625021696090698e-01
3.392979502677917480e-02
-4.670444503426551819e-02
2.155185192823410034e-01
1.238047406077384949e-01
-1.530601829290390015e-01
-7.466654479503631592e-02
-4.490608349442481995e-02
-7.012069970369338989e-02
-7.129118591547012329e-02
5.734449997544288635e-02
-7.264123111963272095e-02
-1.102000474929809570e-01
-9.439013898372650146e-02
1.670577935874462128e-02
-2.941091731190681458e-02
-1.632581353187561035e-01
-4.044449701905250549e-02
9.194897860288619995e-02
6.800975650548934937e-02
-5.752861499786376953e-02
1.854313760995864868e-01
-1.223483532667160034e-01
-8.773124963045120239e-02
-8.100900799036026001e-02
-1.153932884335517883e-01
1.476367413997650146e-01
3.633677586913108826e-02
-9.513663244433701038e-04
2.382539957761764526e-02
9.759432822465896606e-02
-4.027738049626350403e-02
-1.715991459786891937e-02
9.728851914405822754e-02
3.068370558321475983e-02
1.893041841685771942e-02
-2.484069019556045532e-02
-1.056538149714469910e-01
-1.201448589563369751e-01
-6.968904286623001099e-02
4.584657400846481323e-02
2.915452979505062103e-02
9.926190227270126343e-02
5.167797580361366272e-02
-8.487640880048274994e-03
-1.291350368410348892e-02
-1.291275173425674438e-01
-7.704414427280426025e-02
-6.563857197761535645e-02
-2.376082725822925568e-02
-4.283006861805915833e-02
1.420876290649175644e-02
-4.103405028581619263e-02
-8.371063508093357086e-03
-1.653480716049671173e-02
1.490774936974048615e-02
-4.533625766634941101e-02
9.954943507909774780e-02
