-1.383206993341445923e-01
5.312775447964668274e-02
3.741474077105522156e-02
4.754811525344848633e-02
-2.869431395083665848e-03
5.070745479315519333e-03
2.781984582543373108e-02
-1.492181718349456787e-01
-1.399723887443542480e-01
-7.616137713193893433e-02
-1.508184522390365601e-02
-1.082095056772232056e-01
-3.670464456081390381e-02
-2.409678325057029724e-02
6.822969019412994385e-02
-1.033149063587188721e-01
-9.818165004253387451e-02
3.023866750299930573e-02
-2.443785406649112701e-02
-1.070370599627494812e-01
-1.196909546852111816e-01
1.568969935178756714e-01
-5.674285814166069031e-02
-1.274577230215072632e-01
6.514930725097656250e-02
5.356062203645706177e-02
-7.545555382966995239e-02
4.918751865625381470e-02
4.239973053336143494e-02
3.099340945482254028e-02
5.473264679312705994e-02
-5.407032556831836700e-03
1.567855924367904663e-01
-3.765872493386268616e-02
-7.321148365736007690e-02
5.686215683817863464e-02
-1.549183428287506104e-01
-7.014238275587558746e-03
-1.544276177883148193e-01
1.654791682958602905e-01
-9.974306821823120117e-02
-1.234429702162742615e-01
-1.249156706035137177e-02
7.929299026727676392e-02
4.680789634585380554e-02
7.315670698881149292e-02
8.646658807992935181e-02
2.630776725709438324e-02
1.449303328990936279e-01
1.221024990081787109e-01
1.462053358554840088e-01
-5.874031409621238708e-02
-1.165552064776420593e-01
-1.535236556082963943e-02
3.206539899110794067e-03
1.280454639345407486e-02
2.171458676457405090e-03
2.798093855381011963e-02
5.068769678473472595e-02
2.645868435502052307e-02
4.972803220152854919e-02
7.180448621511459351e-02
-3.639437630772590637e-02
2.382002025842666626e-02
1.541945058852434158e-02
-2.374116703867912292e-02
-1.341630667448043823e-01
4.439838230609893799e-02
7.675738632678985596e-02
1.323949247598648071e-01
1.244188398122787476e-01
1.057632789015769958e-01
-8.959971368312835693e-02
1.211660653352737427e-01
1.650168448686599731e-01
-6.660412251949310303e-02
9.987527132034301758e-02
-7.992802187800407410e-03
-3.488957881927490234e-02
-1.158989518880844116e-01
2.329592555761337280e-01
-9.819659590721130371e-02
-8.638221770524978638e-02
-1.172897070646286011e-01
7.903385907411575317e-02
-2.271203882992267609e-02
-3.895248472690582275e-02
-6.874382030218839645e-03
1.578284054994583130e-01
2.484483271837234497e-02
-1.538365930318832397e-01
1.856745481491088867e-01
-7.943962700664997101e-03
-1.055841427296400070e-02
-1.956297606229782104e-01
-9.673544764518737793e-02
-6.642931257374584675e-04
1.274103522300720215e-01
1.573721170425415039e-01
-2.074944227933883667e-02
4.563796520233154297e-02
-1.404454410076141357e-01
-7.917311787605285645e-02
8.833587914705276489e-02
-3.730166330933570862e-02
-7.530356943607330322e-02
-1.464936044067144394e-02
-4.315815120935440063e-02
-5.979058891534805298e-02
-2.831315621733665466e-02
4.274130333214998245e-03
-7.175581902265548706e-02
3.237229958176612854e-02
7.220306992530822754e-02
-7.024943828582763672e-03
-9.603211283683776855e-02
-1.762457042932510376e-01
-5.236891284584999084e-02
-5.375379230827093124e-03
-3.720740601420402527e-02
-1.145080551505088806e-01
8.080690167844295502e-03
4.000525921583175659e-02
-4.406482353806495667e-02
-1.011387482285499573e-01
-1.706954278051853180e-02
-4.043231252580881119e-03
1.782298088073730469e-02
