2.866980433464050293e-02
-1.335117872804403305e-02
-9.580846875905990601e-02
1.553224921226501465e-01
1.835457608103752136e-02
1.482750922441482544e-01
-1.288564056158065796e-01
-1.148343682289123535e-01
-1.226530820131301880e-01
-6.077085807919502258e-02
1.158577622845768929e-03
-6.250242888927459717e-02
-2.819215413182973862e-03
-1.473443489521741867e-02
-5.350083112716674805e-02
-4.988178238272666931e-02
-1.313825231045484543e-02
-7.614399306476116180e-03
6.362662464380264282e-02
-2.017849311232566833e-02
-7.706440240144729614e-02
2.519578933715820312e-01
4.402726888656616211e-02
-2.273525595664978027e-01
1.053214166313409805e-02
9.804510325193405151e-02
5.439213290810585022e-02
2.097689174115657806e-02
4.977144673466682434e-02
9.216360747814178467e-02
1.827416941523551941e-02
1.327079236507415771e-01
-7.988112419843673706e-02
-5.243145674467086792e-02
-1.666843742132186890e-01
-1.007927022874355316e-02
-6.156265363097190857e-02
1.456472277641296387e-02
-9.274707734584808350e-02
7.948312908411026001e-02
-1.139965467154979706e-02
-4.336646199226379395e-02
8.387488126754760742e-02
4.535269737243652344e-02
-5.068695172667503357e-02
-1.688684672117233276e-01
-5.619385093450546265e-02
-6.038221344351768494e-02
1.558309700340032578e-02
2.990471199154853821e-02
9.450990706682205200e-02
1.745830662548542023e-02
5.314710363745689392e-02
-1.956230029463768005e-03
3.319338709115982056e-02
8.705289661884307861e-02
9.099344164133071899e-02
7.544360309839248657e-02
7.899508625268936157e-02
-4.793997108936309814e-02
-4.349915683269500732e-02
1.528616398572921753e-01
4.475945979356765747e-02
-1.146418675780296326e-01
-2.510559745132923126e-02
2.814873121678829193e-03
3.692091628909111023e-02
1.486414670944213867e-01
1.605105102062225342e-01
5.962936207652091980e-02
7.454117387533187866e-02
-8.131407201290130615e-02
-1.277188807725906372e-01
4.133943468332290649e-02
1.096070110797882080e-01
-1.334210671484470367e-02
5.750331282615661621e-02
-1.192385107278823853e-01
6.996215134859085083e-02
-1.360972225666046143e-01
1.282675564289093018e-01
-2.244184315204620361e-01
-1.547866128385066986e-02
-1.018311008810997009e-01
1.505092252045869827e-02
-1.526552252471446991e-02
-7.288241386413574219e-02
-3.864953294396400452e-02
6.266214698553085327e-02
5.337274074554443359e-02
-1.295158714056015015e-01
-6.125846877694129944e-03
-1.395717710256576538e-01
-1.865642070770263672e-01
2.674456313252449036e-02
-9.324656426906585693e-02
1.959351450204849243e-02
1.136162057518959045e-01
-1.098666805773973465e-02
6.592519581317901611e-02
-5.130201950669288635e-02
-5.452680215239524841e-02
-8.025547116994857788e-02
2.118708789348602295e-01
4.398689419031143188e-02
7.785524427890777588e-02
-1.214692965149879456e-01
-2.745130471885204315e-02
-1.482989937067031860e-01
-8.001000620424747467e-03
-1.664285548031330109e-02
-2.584899961948394775e-02
1.027942448854446411e-02
-6.767860054969787598e-02
-1.145992875099182129e-01
1.311647705733776093e-02
-2.351421676576137543e-02
-2.593261376023292542e-02
-5.456968024373054504e-02
1.188971996307373047e-01
5.465235933661460876e-02
-6.791539490222930908e-02
3.931369632482528687e-02
6.973228603601455688e-02
-1.250213533639907837e-01
-6.080438941717147827e-02
-6.547579914331436157e-02
-1.483067125082015991e-01
