-7.326673716306686401e-02
-7.298588752746582031e-02
-1.305799633264541626e-01
6.033424660563468933e-02
4.422293603420257568e-02
1.730459742248058319e-02
-9.608263522386550903e-02
-1.208953186869621277e-02
1.344642229378223419e-02
1.202136576175689697e-01
3.879913315176963806e-02
-7.038681954145431519e-02
-1.533931493759155273e-01
-9.334690868854522705e-02
7.842108025215566158e-04
9.410925954580307007e-02
-1.354773640632629395e-01
-1.307528913021087646e-01
1.119905337691307068e-01
1.958066783845424652e-02
-5.990174040198326111e-02
1.903005689382553101e-01
-6.886592507362365723e-02
-2.937403880059719086e-02
-2.753028646111488342e-02
1.488370746374130249e-01
1.055479794740676880e-01
-1.650587916374206543e-01
-7.538604736328125000e-02
-1.057603862136602402e-02
7.076053321361541748e-02
5.894223973155021667e-02
2.335166744887828827e-02
-1.223181784152984619e-01
4.857111722230911255e-02
-1.758138649165630341e-02
3.338647633790969849e-02
1.071348339319229126e-01
-4.472640901803970337e-02
-1.552471239119768143e-02
-1.110060289502143860e-01
3.935770690441131592e-02
-2.666070312261581421e-02
1.586806625127792358e-01
-1.113154888153076172e-01
2.744587836787104607e-03
7.954689115285873413e-02
-5.947482958436012268e-02
-5.514783784747123718e-02
-2.326506376266479492e-02
8.646012097597122192e-02
1.289587169885635376e-01
-4.443981125950813293e-02
-5.390075594186782837e-02
4.905451461672782898e-02
7.389318197965621948e-02
4.176899790763854980e-02
1.051572114229202271e-01
8.807408064603805542e-02
6.687197089195251465e-02
-1.354004815220832825e-02
9.180203080177307129e-02
-1.462961435317993164e-01
-2.373928762972354889e-02
3.444992750883102417e-02
-1.047210860997438431e-02
-3.109089843928813934e-02
-1.028041448444128036e-02
1.270688176155090332e-01
-5.405418574810028076e-02
1.534455567598342896e-01
2.197438292205333710e-02
-1.810583323240280151e-01
9.773468598723411560e-03
1.198241040110588074e-01
-1.173419877886772156e-01
-1.040717661380767822e-01
-6.338406354188919067e-02
-8.715037256479263306e-02
-2.348403446376323700e-02
3.984407335519790649e-02
-1.142388582229614258e-01
-9.361480176448822021e-02
-1.430512219667434692e-01
-1.082220524549484253e-01
9.831605851650238037e-02
-4.644473642110824585e-02
-1.168789416551589966e-01
8.231902867555618286e-02
6.178123131394386292e-02
5.890478193759918213e-02
7.445938885211944580e-02
-7.215669006109237671e-02
-2.309478446841239929e-02
-2.477180771529674530e-02
-1.516960263252258301e-01
1.006145924329757690e-01
3.310171887278556824e-02
1.846254803240299225e-02
3.731846809387207031e-02
1.824459880590438843e-01
8.555599302053451538e-02
-1.174367070198059082e-01
3.533513471484184265e-02
8.973790705204010010e-02
1.009823828935623169e-01
-8.584479242563247681e-02
1.215303018689155579e-01
-1.787946373224258423e-01
6.446292251348495483e-02
9.106841683387756348e-02
8.230469375848770142e-02
1.658845394849777222e-01
-1.496127806603908539e-02
-1.570010334253311157e-01
1.242398470640182495e-01
-9.452991932630538940e-02
3.448047442361712456e-03
-6.518051493912935257e-03
-1.946739852428436279e-02
-7.452166080474853516e-02
1.227490487508475780e-03
-7.445029914379119873e-02
3.041226044297218323e-02
-1.218251436948776245e-01
2.550253411754965782e-03
7.354439795017242432e-02
7.212777435779571533e-02
