-4.812953621149063110e-02
-6.442389637231826782e-02
-1.373067349195480347e-01
7.801634073257446289e-02
-1.992623507976531982e-02
8.753137663006782532e-03
-1.034148130565881729e-02
-1.470586806535720825e-01
-1.043735444545745850e-01
4.432350769639015198e-02
7.189858704805374146e-02
-1.126237437129020691e-01
-5.245990119874477386e-03
-1.444565355777740479e-01
1.122740954160690308e-01
-2.657449513208121061e-04
1.496470160782337189e-02
-2.594715729355812073e-02
2.340172976255416870e-02
-4.709557816386222839e-02
-1.571290343999862671e-01
1.610867232084274292e-01
9.141783416271209717e-02
-5.692813172936439514e-02
-1.003483757376670837e-01
9.899329394102096558e-02
5.917007848620414734e-02
-4.529744386672973633e-02
1.105759013444185257e-02
-1.766937412321567535e-02
1.930764615535736084e-01
-4.966694861650466919e-02
9.871479123830795288e-02
-1.005115453153848648e-02
2.490690536797046661e-02
-8.995305746793746948e-03
-9.391598403453826904e-02
7.773189246654510498e-02
-4.605009779334068298e-02
1.496427506208419800e-01
-1.768716573715209961e-01
-7.998746633529663086e-02
-9.277314692735671997e-02
1.794606596231460571e-01
5.325580481439828873e-03
4.516385961323976517e-03
-1.012062840163707733e-02
-7.436289638280868530e-02
1.012827903032302856e-01
-7.473960518836975098e-02
1.363278031349182129e-01
-6.630256026983261108e-02
-2.344533428549766541e-02
2.392650395631790161e-02
3.470384702086448669e-02
1.062852889299392700e-01
4.624054208397865295e-02
5.830695852637290955e-02
5.377061665058135986e-02
-4.813905432820320129e-02
1.218863800168037415e-01
1.579215228557586670e-01
-6.562779098749160767e-02
5.843997001647949219e-02
4.608846828341484070e-02
9.107389301061630249e-02
2.029794082045555115e-02
-3.342411480844020844e-03
8.428059518337249756e-02
9.508968330919742584e-03
8.934561163187026978e-02
3.532023727893829346e-02
-1.173774152994155884e-01
5.088439211249351501e-02
1.368834823369979858e-01
-1.601775735616683960e-01
8.732563257217407227e-02
4.984275996685028076e-02
2.757207490503787994e-02
-1.104953363537788391e-01
1.385115981101989746e-01
-1.236699819564819336e-01
-8.832642436027526855e-02
1.841529458761215210e-02
6.600681692361831665e-02
7.748914510011672974e-02
-3.568477556109428406e-02
3.511239588260650635e-02
2.234554737806320190e-01
4.073108732700347900e-02
-1.390796452760696411e-01
1.587930321693420410e-01
-1.864002645015716553e-02
-1.314649283885955811e-01
-1.763352602720260620e-01
-2.136394977569580078e-01
-1.106176245957612991e-02
1.460043434053659439e-02
-1.456288993358612061e-02
-3.846778720617294312e-02
5.003660172224044800e-02
-9.671918302774429321e-02
7.817383855581283569e-02
7.452417165040969849e-02
-8.699091151356697083e-03
2.204857952892780304e-02
-3.951891139149665833e-02
8.916734717786312103e-03
-1.438373774290084839e-01
3.485741559416055679e-03
3.027299232780933380e-02
-3.705967217683792114e-02
1.353202164173126221e-01
5.694665387272834778e-02
-9.664288908243179321e-02
-3.071609325706958771e-02
-1.798582226037979126e-01
4.689151048660278320e-02
3.559013456106185913e-02
-4.673933610320091248e-02
1.423973869532346725e-02
5.039155110716819763e-02
-9.199734032154083252e-02
9.788167476654052734e-02
-6.614936143159866333e-02
4.001743346452713013e-02
-3.421701118350028992e-02
1.533330325037240982e-02
