-7.361993938684463501e-02
-1.128842607140541077e-01
-1.543331891298294067e-01
-1.620833948254585266e-02
3.543687984347343445e-02
3.769312519580125809e-03
-1.386666391044855118e-02
5.283695831894874573e-02
-1.125894561409950256e-01
-1.608110964298248291e-02
-8.086924254894256592e-02
6.216555088758468628e-02
-1.338057070970535278e-01
-6.726758927106857300e-02
8.508798480033874512e-02
4.610352590680122375e-02
-4.655142128467559814e-02
2.384104067459702492e-03
6.340554356575012207e-02
-8.425631374120712280e-02
-7.831741124391555786e-02
9.818503260612487793e-02
1.918203942477703094e-02
-3.981770202517509460e-02
-1.367526501417160034e-01
1.768930107355117798e-01
1.090041920542716980e-01
-9.837916493415832520e-02
-1.455691363662481308e-02
4.740962013602256775e-02
2.040822654962539673e-01
4.340344294905662537e-02
1.379140317440032959e-01
-1.138987019658088684e-01
-7.406121492385864258e-02
-9.517440944910049438e-02
3.545347973704338074e-02
2.444899640977382660e-02
1.681208051741123199e-02
-8.170894347131252289e-03
-1.686502844095230103e-01
-9.443233162164688110e-02
-4.887680709362030029e-02
1.558906435966491699e-01
-5.177117139101028442e-02
8.139124512672424316e-02
-5.498321726918220520e-02
1.132018957287073135e-02
5.746386945247650146e-02
-7.107552140951156616e-02
1.726964116096496582e-01
1.128888428211212158e-01
1.046474277973175049e-01
-3.474289551377296448e-02
8.149400353431701660e-02
5.205562920309603214e-04
8.522240072488784790e-02
9.569059312343597412e-02
1.114580109715461731e-01
8.550178259611129761e-02
6.054335832595825195e-02
1.340470314025878906e-01
-6.704690307378768921e-02
8.361347764730453491e-02
-2.842751145362854004e-02
1.910416595637798309e-02
9.335536509752273560e-02
6.013986468315124512e-02
1.112197488546371460e-01
-1.256160996854305267e-02
7.780107855796813965e-02
-5.289676412940025330e-02
-1.150677278637886047e-01
1.209502890706062317e-01
1.854035258293151855e-01
-1.907293945550918579e-01
-8.753050863742828369e-02
-5.846336483955383301e-02
-8.513329178094863892e-02
-1.332027018070220947e-01
2.442847564816474915e-02
-2.245774306356906891e-02
-1.730937510728836060e-01
-8.768741786479949951e-02
-7.378110289573669434e-02
5.796849727630615234e-02
-1.549385935068130493e-01
-7.605406641960144043e-02
3.900864347815513611e-02
4.187449440360069275e-02
2.180402725934982300e-02
1.058112904429435730e-01
-1.378781646490097046e-01
-1.071195900440216064e-01
-8.098981529474258423e-02
-1.168174594640731812e-01
5.835381522774696350e-02
1.818726584315299988e-02
-3.059107623994350433e-02
4.345610365271568298e-02
8.111481368541717529e-02
4.520222544670104980e-02
-4.697799310088157654e-02
3.190278541296720505e-03
2.521688118577003479e-02
3.825063630938529968e-02
-8.116999268531799316e-02
-5.889672413468360901e-02
-7.683137059211730957e-02
-1.257378887385129929e-02
1.178431361913681030e-01
6.692939996719360352e-02
1.564463526010513306e-01
4.138460010290145874e-02
-8.406218141317367554e-02
2.115323208272457123e-02
-7.842183113098144531e-02
-1.100879907608032227e-01
3.890227293595671654e-03
8.063630014657974243e-02
1.167868897318840027e-01
5.111711472272872925e-02
-1.146748661994934082e-01
5.480258166790008545e-02
-8.047414571046829224e-02
-7.549106329679489136e-02
-1.213200110942125320e-02
1.256983131170272827e-01
