-1.069692596793174744e-01
3.331179730594158173e-03
-1.142333261668682098e-02
4.849572479724884033e-02
-5.883336067199707031e-02
2.709362655878067017e-02
4.430001601576805115e-02
-1.719600409269332886e-01
-1.312138587236404419e-01
4.673663061112165451e-03
-1.013758108019828796e-01
-6.043970584869384766e-02
3.118230961263179779e-02
-2.396423369646072388e-03
4.959880560636520386e-02
-5.267969518899917603e-02
1.611219495534896851e-01
1.132971346378326416e-01
1.932096853852272034e-02
-5.415077134966850281e-02
-9.670393541455268860e-03
1.212103962898254395e-01
5.144226923584938049e-02
-4.045143723487854004e-02
-1.722305431030690670e-03
6.707954406738281250e-02
-6.970737129449844360e-02
6.828787177801132202e-02
7.598239928483963013e-02
-3.822259977459907532e-02
2.766819484531879425e-02
2.910764887928962708e-02
1.527145951986312866e-01
-1.117216888815164566e-02
-5.633362755179405212e-02
6.702756881713867188e-02
-1.228506788611412048e-01
-5.445584282279014587e-02
-1.347460895776748657e-01
1.654172837734222412e-01
-1.293480545282363892e-01
-2.921657450497150421e-02
-5.504385009407997131e-02
5.945001915097236633e-02
-1.567912846803665161e-02
3.461783751845359802e-02
1.399873793125152588e-01
2.023785933852195740e-02
1.393630057573318481e-01
1.176352649927139282e-01
1.086463257670402527e-01
-3.863621130585670471e-02
-6.839989870786666870e-02
-1.750536076724529266e-02
-6.619106233119964600e-02
2.195866592228412628e-02
6.773757189512252808e-02
-3.901896253228187561e-02
3.528683260083198547e-02
6.545747164636850357e-03
-2.282572910189628601e-02
6.600538641214370728e-02
-8.882700651884078979e-02
-9.074749425053596497e-03
8.055526018142700195e-02
1.097626164555549622e-01
-1.210132166743278503e-01
3.706127032637596130e-02
7.998655736446380615e-02
6.773963570594787598e-02
9.638478606939315796e-02
1.410462111234664917e-01
-5.948809906840324402e-02
3.030006401240825653e-02
1.128703355789184570e-01
-4.543802142143249512e-02
2.923240186646580696e-03
4.054258018732070923e-02
-5.613902583718299866e-03
-2.130930721759796143e-01
2.408900111913681030e-01
-1.297216564416885376e-01
-1.933221071958541870e-01
-4.984363168478012085e-02
1.329587846994400024e-01
6.308864802122116089e-02
-7.450360804796218872e-02
-1.883248984813690186e-02
1.543773114681243896e-01
1.062521412968635559e-01
-1.895710676908493042e-01
4.774271324276924133e-02
-1.025700122117996216e-01
1.045231800526380539e-02
-1.377959996461868286e-01
-7.297708094120025635e-02
-9.598238766193389893e-02
-2.332601696252822876e-02
1.599200367927551270e-01
-9.848895668983459473e-02
2.845484577119350433e-02
-4.172262549400329590e-02
-1.298339385539293289e-02
1.838448792695999146e-01
-7.055349647998809814e-02
-9.616224467754364014e-02
-3.124256618320941925e-02
-1.760412603616714478e-01
-8.401467651128768921e-02
-6.748951971530914307e-02
-6.837496906518936157e-02
-6.917601078748703003e-02
7.458138465881347656e-02
8.878606557846069336e-02
1.706205867230892181e-02
-9.759784489870071411e-02
1.032885815948247910e-02
-5.612446367740631104e-02
-1.405473798513412476e-02
-4.362234845757484436e-02
7.213778328150510788e-03
8.797080814838409424e-02
2.895606495440006256e-02
-5.794730037450790405e-02
-1.499401032924652100e-01
8.148294687271118164e-02
-4.209871590137481689e-02
4.005497321486473083e-03
