-8.157632499933242798e-02
3.320063278079032898e-02
-9.068346768617630005e-02
9.729243814945220947e-02
-6.604956835508346558e-02
1.284156590700149536e-01
-9.089343249797821045e-02
-6.831289827823638916e-02
-1.220665201544761658e-01
1.046860888600349426e-01
7.359693944454193115e-02
2.782550873234868050e-04
-1.101604029536247253e-01
-3.018846176564693451e-02
5.512052401900291443e-02
1.600060462951660156e-01
6.556235998868942261e-02
-4.877986013889312744e-02
1.077096760272979736e-01
-6.788900494575500488e-02
1.031876280903816223e-01
2.086548507213592529e-01
1.851078495383262634e-02
-4.911521449685096741e-02
-3.566190600395202637e-02
2.262461781501770020e-01
8.545584231615066528e-02
-7.791564613580703735e-02
6.077736616134643555e-04
-4.588052257895469666e-02
7.672519981861114502e-02
3.682252764701843262e-02
2.964494004845619202e-02
-1.114079058170318604e-01
-9.054822474718093872e-02
-1.129484474658966064e-01
2.257476933300495148e-02
4.663290083408355713e-02
-5.488418787717819214e-02
5.028509348630905151e-02
-1.381191909313201904e-01
-7.057718932628631592e-02
-2.275515347719192505e-02
1.234657168388366699e-01
1.440768092870712280e-01
2.200444974005222321e-02
1.137525588274002075e-01
4.708501324057579041e-02
-3.371905535459518433e-02
-5.074364691972732544e-02
2.235976308584213257e-01
4.786680266261100769e-02
-6.561548262834548950e-02
-1.169863417744636536e-01
1.870986260473728180e-02
3.553729911800473928e-04
1.052193492650985718e-01
-4.719611257314682007e-03
-8.029121905565261841e-02
3.207230195403099060e-02
3.337180614471435547e-02
2.074517123401165009e-02
-6.763425469398498535e-02
5.820734426379203796e-03
-1.139961555600166321e-01
-3.628540784120559692e-02
6.010465696454048157e-02
-6.491665542125701904e-02
3.216756507754325867e-02
-5.553910136222839355e-02
1.870948523283004761e-01
7.263986021280288696e-02
-2.029579579830169678e-01
4.652786999940872192e-02
1.392974704504013062e-01
-7.832635939121246338e-02
-1.066798493266105652e-01
-9.877391904592514038e-02
-8.735264837741851807e-02
-1.855941712856292725e-01
-2.756501082330942154e-03
-1.237983480095863342e-01
-8.994270116090774536e-02
-5.017004162073135376e-02
-2.355181612074375153e-02
-1.326524559408426285e-02
2.218187041580677032e-02
4.201265424489974976e-02
-7.044568192213773727e-03
-5.940146744251251221e-02
-5.162443593144416809e-02
-5.304426304064691067e-04
-1.740909963846206665e-01
6.863525509834289551e-02
-2.688135765492916107e-02
-9.234850853681564331e-02
1.731932759284973145e-01
-1.894892752170562744e-02
-5.154613777995109558e-02
-8.026196062564849854e-02
1.447387933731079102e-01
-1.199760381132364273e-02
-8.940876577980816364e-04
7.497324794530868530e-02
1.032031998038291931e-01
2.905221469700336456e-02
-5.559749156236648560e-02
1.994806155562400818e-02
-1.062414124608039856e-01
8.482062071561813354e-02
4.351823404431343079e-02
4.167358577251434326e-02
1.170900464057922363e-01
8.933386206626892090e-02
-8.193726092576980591e-02
-1.084169372916221619e-02
-4.183488339185714722e-02
-6.704363226890563965e-02
-1.828967593610286713e-02
1.653524674475193024e-02
1.490002125501632690e-01
-3.108527883887290955e-02
-5.636849999427795410e-02
-7.426256686449050903e-02
-8.007470518350601196e-02
-1.810854077339172363e-01
6.358318030834197998e-02
-5.669778585433959961e-02
