1.020486839115619659e-02
-3.970348462462425232e-02
-1.063917204737663269e-02
1.523774564266204834e-01
5.825133528560400009e-03
1.415351778268814087e-01
5.755988415330648422e-03
-1.158227846026420593e-01
-1.848142594099044800e-01
6.736160721629858017e-03
5.576960029429756105e-05
-7.731107622385025024e-02
-8.757273852825164795e-02
-3.353840438649058342e-03
2.038455940783023834e-02
-1.029867120087146759e-02
8.725020289421081543e-02
-3.960821032524108887e-02
3.589094430208206177e-02
-1.088753938674926758e-01
2.135427203029394150e-03
1.522240340709686279e-01
1.422831267118453979e-01
-1.096894666552543640e-01
6.984064355492591858e-03
7.875115424394607544e-02
-4.169631749391555786e-02
3.583144024014472961e-02
5.909398943185806274e-02
1.226044520735740662e-01
3.116958960890769958e-02
7.628731429576873779e-02
1.952146738767623901e-02
4.928907752037048340e-02
-6.089764460921287537e-02
-3.511710092425346375e-03
-1.051022335886955261e-01
-5.466223880648612976e-02
-1.023830398917198181e-01
1.963705867528915405e-01
3.660903498530387878e-02
2.242853306233882904e-02
-9.561565704643726349e-03
-1.398321893066167831e-02
3.934390842914581299e-02
3.837053477764129639e-02
6.242901086807250977e-03
-4.088366404175758362e-02
6.269273906946182251e-02
8.635752648115158081e-02
9.362570196390151978e-02
-6.770176440477371216e-02
-5.811285227537155151e-02
1.557289529591798782e-02
1.096907407045364380e-01
3.720396384596824646e-02
9.633067995309829712e-02
1.000384241342544556e-01
-8.135109208524227142e-03
1.361795887351036072e-02
9.097157977521419525e-03
1.334193050861358643e-01
2.592296339571475983e-02
-2.214514836668968201e-02
5.936618149280548096e-02
-5.246823653578758240e-03
-3.002302162349224091e-02
6.916877627372741699e-02
6.932037323713302612e-02
1.456431150436401367e-01
1.880452632904052734e-01
1.067277789115905762e-01
-1.546356081962585449e-01
8.092524111270904541e-02
9.751641750335693359e-02
-1.239407435059547424e-02
3.658528998494148254e-02
-5.800061672925949097e-02
2.282430976629257202e-02
-2.358069270849227905e-01
1.349816918373107910e-01
-2.217063605785369873e-01
-1.122118607163429260e-01
-1.087194383144378662e-01
3.663379326462745667e-02
2.791611663997173309e-02
3.534403443336486816e-02
-5.663237720727920532e-02
-1.749370247125625610e-02
3.156235069036483765e-02
-2.263872623443603516e-01
2.621920593082904816e-02
-4.118238016963005066e-02
-2.058810740709304810e-02
-3.093462251126766205e-02
-2.406775951385498047e-01
-3.914945200085639954e-02
1.076749339699745178e-01
1.157818585634231567e-01
-9.356462210416793823e-02
1.415325980633497238e-02
-2.510353922843933105e-02
-4.095368832349777222e-02
1.172219365835189819e-01
5.625645816326141357e-02
-3.494692966341972351e-03
8.726619184017181396e-02
-1.054235696792602539e-01
-2.128565609455108643e-01
-1.506360247731208801e-02
-1.343435421586036682e-02
-1.152963563799858093e-01
8.475547283887863159e-02
-9.844265878200531006e-03
-5.828305706381797791e-02
-5.319557338953018188e-02
-5.838817358016967773e-02
-1.183942146599292755e-02
-6.952597945928573608e-02
-5.623408034443855286e-02
3.381953388452529907e-02
4.067860916256904602e-02
2.684371918439865112e-02
3.010328672826290131e-02
-1.797835379838943481e-01
-5.890591442584991455e-02
-9.751278907060623169e-02
-1.452774405479431152e-01
