-1.188361495733261108e-01
2.716167643666267395e-02
-1.431252993643283844e-02
1.407352685928344727e-01
-8.432315662503242493e-03
2.026080898940563202e-02
-1.344520449638366699e-01
-9.264273196458816528e-02
-1.886628419160842896e-01
-7.972581312060356140e-03
-2.522008866071701050e-02
-5.426234379410743713e-02
-9.153386205434799194e-02
-3.077208437025547028e-02
-2.116063423454761505e-02
-2.885267883539199829e-02
-4.224101826548576355e-02
3.716922551393508911e-02
2.590743126347661018e-03
-4.216066002845764160e-02
-4.961496591567993164e-02
1.998841762542724609e-01
1.295724213123321533e-01
-1.137863621115684509e-01
-2.287052720785140991e-01
1.415641605854034424e-01
-2.962140552699565887e-02
-2.480730228126049042e-02
5.291135609149932861e-02
2.463559433817863464e-02
9.587837010622024536e-02
-1.853026216849684715e-03
9.294282644987106323e-03
1.645924150943756104e-02
-2.106448262929916382e-02
4.050406813621520996e-02
-1.443287134170532227e-01
-8.364619314670562744e-02
-1.251000165939331055e-01
1.285453438758850098e-01
-9.893730282783508301e-02
-6.866744905710220337e-02
-1.157845184206962585e-01
9.915149956941604614e-02
8.115658909082412720e-02
-5.446567013859748840e-02
5.086643993854522705e-02
-8.243642002344131470e-02
3.617402166128158569e-02
7.043670117855072021e-02
2.572555541992187500e-01
1.552206557244062424e-02
6.034537777304649353e-02
-1.033164188265800476e-02
-4.224133491516113281e-02
5.576453357934951782e-02
7.806202024221420288e-02
3.311751782894134521e-02
-1.995603181421756744e-02
1.346285641193389893e-02
5.532669275999069214e-02
8.050216734409332275e-02
2.609903924167156219e-03
3.717980871442705393e-04
-7.822059839963912964e-02
7.213970273733139038e-02
-1.178966276347637177e-02
1.010626778006553650e-01
5.119225382804870605e-02
5.678369849920272827e-02
5.829855427145957947e-02
2.834789454936981201e-02
-1.090991720557212830e-01
2.118329405784606934e-01
6.231841072440147400e-02
-1.645064540207386017e-02
-6.156417541205883026e-03
-6.780907511711120605e-02
7.409507036209106445e-02
-1.022942513227462769e-01
1.743048131465911865e-01
-1.588612496852874756e-01
-8.012001216411590576e-02
-1.001412048935890198e-01
4.401364177465438843e-02
3.294297726824879646e-03
-4.983362182974815369e-02
1.665245890617370605e-01
1.562632918357849121e-01
-6.003311276435852051e-02
-1.806264966726303101e-01
4.938350990414619446e-02
-3.551334142684936523e-02
-1.078277155756950378e-01
-4.582696408033370972e-02
-2.546656429767608643e-01
1.110350340604782104e-01
-3.254141286015510559e-02
4.182332754135131836e-02
5.444083735346794128e-02
-7.123935222625732422e-02
-1.075210515409708023e-02
-8.901025354862213135e-02
1.191291883587837219e-01
1.181639265269041061e-03
-5.177453160285949707e-02
-6.157719343900680542e-02
-1.923428848385810852e-02
-1.919254474341869354e-02
2.401399239897727966e-02
-2.129067201167345047e-03
3.162810951471328735e-02
1.056171953678131104e-01
5.444582924246788025e-02
-4.106865450739860535e-02
-4.445591196417808533e-02
-1.483201384544372559e-01
-1.227132230997085571e-01
-6.621915847063064575e-03
9.837278723716735840e-02
6.605255603790283203e-02
4.064352437853813171e-02
4.508569091558456421e-02
1.585790328681468964e-02
-1.024124994874000549e-01
4.648413509130477905e-02
-7.492918521165847778e-02
-3.323432430624961853e-02
