-1.175618171691894531e-01
2.417345717549324036e-02
-9.949512034654617310e-02
1.170526593923568726e-01
5.246956273913383484e-02
1.206686943769454956e-01
-1.873904094099998474e-02
-1.825486272573471069e-01
-1.649449318647384644e-01
7.819372415542602539e-02
-1.340032815933227539e-01
-1.736443042755126953e-01
-1.568044573068618774e-01
4.954510927200317383e-02
-5.632760375738143921e-02
-6.664881855249404907e-02
-2.016370184719562531e-02
9.029834717512130737e-02
7.339958846569061279e-02
-4.494482651352882385e-02
-6.298775970935821533e-02
1.439802050590515137e-01
9.509280323982238770e-02
-1.070652753114700317e-01
-4.956140369176864624e-02
3.999197483062744141e-02
-8.691028505563735962e-02
1.221084222197532654e-02
-7.175837457180023193e-02
7.273995131254196167e-02
2.071046829223632812e-02
1.151516381651163101e-02
9.199243783950805664e-02
5.092798173427581787e-02
-1.425133645534515381e-01
7.086469978094100952e-02
-6.902606040239334106e-02
-4.171242192387580872e-02
-1.603368669748306274e-01
6.005555018782615662e-02
-8.831389248371124268e-02
-1.171606257557868958e-01
5.573911219835281372e-02
1.743270840961486101e-04
5.586154758930206299e-02
-4.641117528080940247e-02
4.314487427473068237e-02
-9.504169225692749023e-02
7.279328256845474243e-02
8.206943422555923462e-02
1.384350657463073730e-01
8.448052406311035156e-02
1.131132617592811584e-02
1.073022931814193726e-02
6.942395120859146118e-02
1.576100736856460571e-01
2.489837072789669037e-02
1.272215545177459717e-01
6.035140715539455414e-03
1.878681033849716187e-02
7.904145121574401855e-02
1.308181136846542358e-01
-1.870139269158244133e-03
-5.170752853155136108e-02
-4.570641741156578064e-02
1.352273523807525635e-01
-1.388507056981325150e-02
8.886934816837310791e-02
-8.050152100622653961e-03
1.382424384355545044e-01
1.514165103435516357e-01
3.975073993206024170e-02
4.886114969849586487e-03
2.068511769175529480e-02
6.511203944683074951e-03
4.970150813460350037e-02
2.524355798959732056e-02
-1.162486448884010315e-01
7.568021118640899658e-02
-1.292897313833236694e-01
1.361843794584274292e-01
-1.696670055389404297e-01
-8.263330161571502686e-02
-8.714330196380615234e-02
9.482070058584213257e-02
-5.361897498369216919e-02
-4.844173043966293335e-02
6.665783375501632690e-02
1.622018814086914062e-01
1.865509152412414551e-01
-1.155385375022888184e-01
8.982697874307632446e-02
3.580162301659584045e-02
-7.780907303094863892e-02
5.006584152579307556e-02
-4.698041453957557678e-02
-1.590741984546184540e-02
1.445251703262329102e-01
2.787746489048004150e-02
8.558671921491622925e-02
2.984883030876517296e-03
2.563645504415035248e-02
-9.039436280727386475e-02
1.231653764843940735e-01
-8.196356892585754395e-02
-6.534147076308727264e-03
-1.238806992769241333e-01
-2.706005051732063293e-02
-6.052438914775848389e-02
-1.085697859525680542e-01
-7.231727987527847290e-02
-4.477091133594512939e-02
1.300422847270965576e-02
-6.307858228683471680e-02
-9.507431089878082275e-02
-4.466116428375244141e-02
-5.493233352899551392e-02
-4.881559684872627258e-02
-1.216694191098213196e-01
-8.639726787805557251e-02
-4.235060513019561768e-02
1.153987050056457520e-01
7.141983509063720703e-02
-1.059780716896057129e-01
-1.467748731374740601e-01
-3.496127575635910034e-02
-5.891346186399459839e-02
2.247731387615203857e-02
