-7.800082117319107056e-02
-6.042696535587310791e-02
-1.671191677451133728e-02
6.547594815492630005e-02
-7.385526597499847412e-02
2.395635005086660385e-03
-1.030042767524719238e-01
-2.767193876206874847e-02
-3.658893704414367676e-02
4.637252539396286011e-02
2.212457172572612762e-02
-2.990912459790706635e-02
-1.249913200736045837e-01
-5.246165767312049866e-02
6.391938775777816772e-02
8.923663198947906494e-02
-1.363963186740875244e-01
5.350187886506319046e-03
1.083545312285423279e-01
-1.250475198030471802e-01
-4.127416014671325684e-02
1.339974850416183472e-01
2.294327877461910248e-02
-2.961318939924240112e-02
-9.739135950803756714e-02
1.946367174386978149e-01
1.310268230736255646e-02
-9.621522575616836548e-02
6.151127070188522339e-02
2.478439174592494965e-02
1.241394653916358948e-01
4.531412571668624878e-02
6.210285797715187073e-02
-1.270045042037963867e-01
1.096710264682769775e-01
-4.581205174326896667e-02
-2.682893723249435425e-02
-3.818861022591590881e-02
-7.995835691690444946e-02
7.404071837663650513e-02
-1.274057328701019287e-01
-1.644468456506729126e-01
-6.581078469753265381e-02
1.846605539321899414e-01
3.607257083058357239e-02
-5.759136751294136047e-02
9.186720103025436401e-02
4.629368335008621216e-02
-3.472695499658584595e-02
1.444331370294094086e-03
2.501185536384582520e-01
5.767416208982467651e-02
-1.506665255874395370e-02
-7.229728996753692627e-02
1.511296480894088745e-01
-1.646430417895317078e-02
1.393957436084747314e-01
1.048914715647697449e-01
4.900289699435234070e-02
9.848291426897048950e-02
-1.673189178109169006e-02
4.768759477883577347e-03
-1.055842414498329163e-01
4.423296079039573669e-02
-6.849998980760574341e-02
-3.767116693779826164e-03
-5.381998792290687561e-02
-2.198044210672378540e-02
6.568571925163269043e-02
-2.152839116752147675e-02
1.663657575845718384e-01
-4.711408540606498718e-02
-1.417341977357864380e-01
7.504753768444061279e-02
1.763110756874084473e-01
-1.615510284900665283e-01
-1.423937827348709106e-01
-5.537406727671623230e-02
-4.139444977045059204e-02
-4.076633974909782410e-02
-6.806964054703712463e-03
-1.356587111949920654e-01
-6.340076774358749390e-02
-8.988177776336669922e-02
-2.621695771813392639e-02
4.264422878623008728e-02
-4.888882115483283997e-02
4.934937227517366409e-03
-1.259249821305274963e-02
-8.750650100409984589e-03
-1.462636888027191162e-02
2.049813717603683472e-01
-1.794750094413757324e-01
-3.565019741654396057e-02
-1.074895486235618591e-01
-1.693406701087951660e-01
1.105158925056457520e-01
-8.175654709339141846e-02
-1.274386048316955566e-02
2.247841842472553253e-02
1.210508719086647034e-01
-1.138037070631980896e-02
-6.601479649543762207e-02
3.025821596384048462e-02
1.344377249479293823e-01
-2.733563818037509918e-02
-8.781556785106658936e-02
-2.144622988998889923e-02
-7.644046097993850708e-02
2.543121762573719025e-02
4.871836304664611816e-02
1.558405905961990356e-01
1.087287887930870056e-01
1.002151444554328918e-01
-2.681401930749416351e-02
1.472813542932271957e-02
-9.971227496862411499e-02
-1.467700600624084473e-01
5.162850394845008850e-02
2.784226089715957642e-04
3.442252054810523987e-02
-5.455573089420795441e-03
-5.795285850763320923e-02
6.054973695427179337e-03
-1.029895916581153870e-01
1.087572798132896423e-02
-1.625895872712135315e-02
1.217180341482162476e-01
