-4.179719462990760803e-02
-4.365589097142219543e-02
-7.362983375787734985e-02
2.088833898305892944e-01
2.716378774493932724e-03
8.930198103189468384e-02
1.188539266586303711e-01
-1.758221834897994995e-01
-1.633529365062713623e-01
1.038482598960399628e-02
-1.978898048400878906e-01
-1.398838311433792114e-01
-1.691451519727706909e-01
1.991719566285610199e-02
-3.116964129731059074e-03
-3.268150612711906433e-02
5.128546804189682007e-02
1.021154224872589111e-01
1.173091456294059753e-01
-1.229261755943298340e-01
-9.251114912331104279e-03
2.846293710172176361e-02
-1.222092565149068832e-02
-4.958600550889968872e-02
-8.736725896596908569e-02
-1.657052896916866302e-02
-9.094309806823730469e-02
3.347816690802574158e-02
7.083166390657424927e-02
1.134744137525558472e-01
9.926987439393997192e-02
-4.528027400374412537e-02
6.937643885612487793e-02
7.316645234823226929e-02
-5.840058997273445129e-02
1.087262853980064392e-01
-1.483517885208129883e-01
1.290465705096721649e-02
-1.318116486072540283e-01
2.050220966339111328e-01
-8.454804867506027222e-02
-3.607746586203575134e-02
-1.620174944400787354e-02
-2.661902271211147308e-02
6.133344396948814392e-02
9.903120808303356171e-03
4.970746114850044250e-02
-1.111738085746765137e-01
4.709487408399581909e-02
1.633372455835342407e-01
9.336152672767639160e-02
-5.848445743322372437e-02
-1.184061840176582336e-01
4.163382947444915771e-02
8.107998967170715332e-02
9.450104832649230957e-02
3.598117455840110779e-02
5.854818597435951233e-02
9.290950372815132141e-03
-6.072032824158668518e-02
-4.103725031018257141e-02
4.577951505780220032e-02
2.457399107515811920e-02
-1.613429933786392212e-02
6.259039789438247681e-02
1.372939795255661011e-01
-3.714582324028015137e-02
-2.126786299049854279e-02
1.086877100169658661e-02
9.638547897338867188e-02
1.275884062051773071e-01
6.708847731351852417e-02
-1.042515337467193604e-01
2.908022701740264893e-02
5.854107439517974854e-02
2.891765534877777100e-02
-2.885400084778666496e-03
1.222477108240127563e-02
-1.661377726122736931e-03
-7.204853743314743042e-02
2.114086747169494629e-01
-1.866627782583236694e-01
-5.584532022476196289e-02
-9.099385142326354980e-02
1.100500300526618958e-01
4.281772300601005554e-02
-2.654354460537433624e-02
4.220591112971305847e-02
1.810653507709503174e-01
2.700924128293991089e-02
-1.904780566692352295e-01
1.026168093085289001e-01
-3.537240624427795410e-02
-9.286096692085266113e-02
-6.228990852832794189e-02
-6.088581308722496033e-02
-1.191734522581100464e-01
1.167258620262145996e-02
8.963049948215484619e-02
-6.246450170874595642e-02
3.943753615021705627e-02
3.726983070373535156e-02
4.082868993282318115e-02
1.365790963172912598e-01
2.528725378215312958e-02
-1.726401271298527718e-03
-5.536454916000366211e-02
-9.558393806219100952e-02
-4.007399454712867737e-02
-7.120773196220397949e-02
-1.083981767296791077e-01
-1.689691282808780670e-02
2.699207141995429993e-02
3.077744133770465851e-02
-7.202599197626113892e-02
-6.864055246114730835e-02
-2.600564621388912201e-02
-4.345189034938812256e-02
-1.319206207990646362e-01
-8.058411628007888794e-02
4.214776679873466492e-02
1.269213408231735229e-01
-2.930789440870285034e-02
-1.516159344464540482e-02
-1.890161037445068359e-01
2.276577427983283997e-02
-9.687364846467971802e-02
2.461839094758033752e-02
