-5.147460103034973145e-02
-8.059959113597869873e-02
-4.802387580275535583e-02
1.714679151773452759e-01
1.810624450445175171e-02
8.605215698480606079e-02
6.916274875402450562e-02
-1.629642844200134277e-01
-1.248991042375564575e-01
3.210876509547233582e-02
-1.959166973829269409e-01
-7.887781411409378052e-02
-2.064764052629470825e-01
-2.244025096297264099e-02
-2.196291834115982056e-02
-2.647099643945693970e-02
8.363106846809387207e-02
1.532518267631530762e-01
1.583085507154464722e-01
-6.924286484718322754e-02
2.452804520726203918e-02
8.531309664249420166e-03
1.783780194818973541e-02
3.021752089262008667e-02
-7.690495252609252930e-02
-5.152274854481220245e-03
-9.645152091979980469e-02
-3.460266860201954842e-03
5.149562656879425049e-02
1.015400961041450500e-01
5.820761993527412415e-02
1.785172894597053528e-02
1.000879779458045959e-01
2.681545726954936981e-02
-9.897074848413467407e-02
5.544040724635124207e-02
-1.309407204389572144e-01
-7.036970462650060654e-03
-1.084932908415794373e-01
1.789537817239761353e-01
-9.033659845590591431e-02
-3.383798524737358093e-03
-3.956077620387077332e-02
4.024005495011806488e-03
8.101895451545715332e-02
-7.456177845597267151e-03
3.730405122041702271e-02
-7.645466178655624390e-02
6.660729646682739258e-03
1.592660099267959595e-01
1.427136510610580444e-01
6.113506108522415161e-02
-1.970784366130828857e-02
6.356140226125717163e-02
6.332139670848846436e-02
3.802534937858581543e-02
9.284902364015579224e-02
8.290937542915344238e-02
3.272789716720581055e-02
-4.450239706784486771e-03
-7.183982431888580322e-02
8.067068457603454590e-02
3.348470851778984070e-02
-1.405940949916839600e-02
9.115481376647949219e-02
1.783136725425720215e-01
-7.861673086881637573e-02
-3.003069758415222168e-02
7.831399887800216675e-02
1.078121662139892578e-01
9.676352888345718384e-02
1.265068948268890381e-01
-7.292813807725906372e-02
3.106842003762722015e-02
4.301023483276367188e-02
9.844194166362285614e-03
-2.155788242816925049e-02
-6.020704167895019054e-04
-6.413067877292633057e-02
-1.379354000091552734e-01
1.997559815645217896e-01
-1.957360804080963135e-01
-7.107109576463699341e-02
-6.994175165891647339e-02
9.084910154342651367e-02
2.458843030035495758e-02
-8.342976123094558716e-02
-1.933626644313335419e-02
1.355204284191131592e-01
4.013501852750778198e-02
-1.365930140018463135e-01
1.119525656104087830e-01
-4.444025456905364990e-02
-4.031939432024955750e-02
-6.913954019546508789e-02
-2.239489369094371796e-02
-9.898300468921661377e-02
-2.699347026646137238e-02
1.994808018207550049e-02
-1.212771758437156677e-01
7.155142724514007568e-02
4.269850626587867737e-02
2.473497018218040466e-02
1.245169267058372498e-01
9.207563474774360657e-03
-1.358595327474176884e-03
-5.891580134630203247e-02
-1.474401801824569702e-01
-7.320626825094223022e-02
-6.062341108918190002e-02
-1.281891316175460815e-01
1.129711978137493134e-02
-1.914325542747974396e-02
6.821390241384506226e-02
-6.274512410163879395e-02
-9.354179352521896362e-02
2.231914922595024109e-02
1.108723785728216171e-02
-1.592658311128616333e-01
-6.897903978824615479e-02
7.230579853057861328e-02
1.738373935222625732e-01
-3.851114958524703979e-02
-2.913314662873744965e-02
-2.091454863548278809e-01
2.023506164550781250e-02
-7.504796236753463745e-02
3.209758177399635315e-02
