-1.148294378072023392e-02
-1.220165565609931946e-01
-1.757677942514419556e-01
1.616650633513927460e-02
-8.267586119472980499e-03
4.452283307909965515e-02
1.602610200643539429e-02
-1.457190960645675659e-01
-1.332394033670425415e-01
9.793516248464584351e-02
-9.841033816337585449e-02
-7.362431287765502930e-02
-5.859318375587463379e-02
-9.441116452217102051e-02
1.478081047534942627e-01
2.102279849350452423e-02
-1.743691973388195038e-02
1.620315387845039368e-02
1.482016295194625854e-01
-3.676736354827880859e-02
-1.428789347410202026e-01
1.598786711692810059e-01
-2.918468788266181946e-02
2.017707936465740204e-02
-1.469511240720748901e-01
8.213695138692855835e-02
8.580380678176879883e-02
-1.214039847254753113e-01
-4.477041214704513550e-02
-5.808746814727783203e-02
2.170211672782897949e-01
4.739402607083320618e-02
3.906478732824325562e-02
-1.380587071180343628e-01
-1.045440509915351868e-02
-5.987405776977539062e-02
-6.413790583610534668e-02
6.741357594728469849e-02
-2.171501889824867249e-02
8.314236253499984741e-02
-1.849627941846847534e-01
2.396209910511970520e-02
-1.236679255962371826e-01
1.409099698066711426e-01
7.111172191798686981e-03
-3.174618259072303772e-02
-1.601931825280189514e-02
-3.213613759726285934e-03
8.315191417932510376e-02
-7.368507236242294312e-02
1.543900519609451294e-01
-1.428426895290613174e-02
5.392202362418174744e-02
5.483330041170120239e-02
-2.781566791236400604e-02
6.592668592929840088e-02
3.745749592781066895e-02
8.479522168636322021e-02
1.094661578536033630e-01
5.842334032058715820e-02
6.431497633457183838e-02
1.717111319303512573e-01
-3.957860171794891357e-02
4.072171822190284729e-02
3.140619769692420959e-02
8.322411775588989258e-02
1.084819063544273376e-01
3.902341425418853760e-02
9.037719666957855225e-02
3.990900143980979919e-02
8.379479497671127319e-02
8.922527730464935303e-02
-6.378076970577239990e-02
4.072612524032592773e-02
8.496138453483581543e-02
-1.534217149019241333e-01
6.640300154685974121e-02
-2.218367159366607666e-02
-1.595420204102993011e-02
-8.512694388628005981e-02
1.505881845951080322e-01
-7.123748213052749634e-02
-7.360850274562835693e-02
-3.790905699133872986e-03
-4.485867917537689209e-02
4.519907385110855103e-02
-1.911655664443969727e-01
-9.684990346431732178e-02
1.778691560029983521e-01
2.640898153185844421e-02
-5.110723897814750671e-02
5.155544728040695190e-02
-1.002888157963752747e-01
-1.058874130249023438e-01
-1.222072169184684753e-01
-7.033099979162216187e-02
8.275478333234786987e-02
7.757549732923507690e-02
-7.667853683233261108e-02
1.357615739107131958e-02
-1.158370822668075562e-02
3.631836548447608948e-02
9.890826046466827393e-02
5.083424970507621765e-02
-6.865837145596742630e-03
9.736494719982147217e-02
-1.613727062940597534e-01
-4.248181730508804321e-02
-1.482151150703430176e-01
3.185952547937631607e-03
5.258541181683540344e-02
-2.840356528759002686e-02
1.037899553775787354e-01
1.609736308455467224e-02
-5.701501294970512390e-02
-1.958636753261089325e-02
-1.548782140016555786e-01
-8.942040055990219116e-02
-3.065225109457969666e-02
5.190777033567428589e-02
3.912923485040664673e-02
8.689189702272415161e-02
-7.211960107088088989e-02
8.510202914476394653e-02
2.261503413319587708e-02
1.821951009333133698e-02
-1.759562343358993530e-01
-3.227418288588523865e-02
