-8.073212206363677979e-02
-1.043108776211738586e-01
-8.724711835384368896e-02
2.528437878936529160e-03
-1.734804548323154449e-02
2.650701627135276794e-02
-9.608220309019088745e-03
2.245018817484378815e-02
-2.481294423341751099e-02
9.010725654661655426e-03
1.648565381765365601e-02
9.526164270937442780e-03
-1.786965131759643555e-01
-8.749115280807018280e-03
8.550411462783813477e-02
-3.069761022925376892e-02
-4.390860348939895630e-02
3.587156906723976135e-02
2.842932753264904022e-02
-1.059629395604133606e-01
-7.710760831832885742e-02
1.298169344663619995e-01
5.307183414697647095e-02
-4.157175123691558838e-02
-8.678055554628372192e-02
1.428711116313934326e-01
6.113383173942565918e-02
-7.800019532442092896e-02
-1.632457133382558823e-03
7.190143316984176636e-02
2.439780831336975098e-01
8.686954528093338013e-02
1.068537607789039612e-01
-5.528592318296432495e-02
-7.711932808160781860e-02
-1.742742396891117096e-02
-5.168916285037994385e-02
1.772105880081653595e-02
-5.213994905352592468e-02
3.112754039466381073e-02
-1.622057408094406128e-01
-1.771804094314575195e-01
-9.154052473604679108e-03
1.460126787424087524e-01
-7.969118654727935791e-02
-3.182569285854697227e-03
-5.799810588359832764e-02
1.650299876928329468e-02
5.554763972759246826e-02
-7.160107046365737915e-02
1.595062166452407837e-01
3.292937949299812317e-02
8.405388146638870239e-02
-5.399330705404281616e-02
1.374656409025192261e-01
-2.304264344274997711e-03
2.177451848983764648e-01
6.944328546524047852e-02
1.141966208815574646e-01
9.108074009418487549e-02
-4.304865002632141113e-02
1.812872588634490967e-01
-7.204209268093109131e-02
1.213154569268226624e-01
-3.700604662299156189e-02
2.850744500756263733e-02
2.909948304295539856e-02
-2.460595406591892242e-02
1.373808830976486206e-01
2.890954725444316864e-02
1.062138602137565613e-01
-2.565580978989601135e-02
-1.954419538378715515e-02
1.427345871925354004e-01
1.387537121772766113e-01
-1.561011523008346558e-01
-2.233088202774524689e-02
-8.520527929067611694e-02
2.266606083139777184e-03
-1.939680129289627075e-01
-1.979398727416992188e-02
-6.466869264841079712e-02
-1.445531696081161499e-01
-8.995597809553146362e-02
-3.572969138622283936e-02
-1.155623979866504669e-02
-1.848451197147369385e-01
-2.462173067033290863e-02
6.364926695823669434e-02
5.261759087443351746e-02
-6.033580750226974487e-02
1.506600528955459595e-01
-1.422339975833892822e-01
-6.715075671672821045e-02
-9.898233413696289062e-02
-1.342160105705261230e-01
2.162605710327625275e-02
3.112564794719219208e-02
-3.502795845270156860e-02
9.237394481897354126e-02
2.866496890783309937e-02
4.242755100131034851e-02
-9.882281720638275146e-02
6.004510447382926941e-03
3.048135899007320404e-02
-3.579736128449440002e-02
-6.417148560285568237e-02
-9.948682785034179688e-02
-1.163216754794120789e-01
-6.375129520893096924e-02
4.737412184476852417e-02
1.520932838320732117e-02
1.348176002502441406e-01
1.076336205005645752e-01
-1.190234557725489140e-03
-3.256575763225555420e-02
-9.356503933668136597e-02
-1.668975055217742920e-01
-5.633541196584701538e-02
7.862325757741928101e-02
1.292729675769805908e-01
7.589380443096160889e-02
-3.266389295458793640e-02
-5.345571320503950119e-03
-5.658273398876190186e-02
-1.453176885843276978e-02
-7.638018578290939331e-02
3.344100713729858398e-02
