-7.568301260471343994e-02
-7.314001023769378662e-02
-1.426638811826705933e-01
3.144798055291175842e-02
9.818800725042819977e-03
1.819813624024391174e-02
-7.884645462036132812e-02
2.947432547807693481e-02
-1.477665305137634277e-01
-4.004789143800735474e-02
-8.817382901906967163e-02
1.401168294250965118e-02
-9.592714905738830566e-02
-1.713917255401611328e-01
6.948538869619369507e-02
9.611874818801879883e-02
-9.083492681384086609e-03
-8.670210093259811401e-02
8.548400551080703735e-02
-4.574253410100936890e-02
-1.502764411270618439e-02
1.184320896863937378e-01
-5.656096711754798889e-02
-3.175369650125503540e-02
-1.472262144088745117e-01
1.928057521581649780e-01
1.001952737569808960e-01
-1.162549555301666260e-01
1.592245884239673615e-03
-3.533108159899711609e-02
1.503815352916717529e-01
-5.456588417291641235e-02
3.217643499374389648e-02
-1.595630794763565063e-01
-5.029977858066558838e-02
-8.971631526947021484e-02
-9.450076147913932800e-03
8.731952309608459473e-02
2.005033567547798157e-02
6.776650901883840561e-03
-1.920673549175262451e-01
-3.912297636270523071e-02
-5.910391360521316528e-02
1.810616999864578247e-01
-9.445431642234325409e-03
6.562043447047472000e-03
6.414660811424255371e-02
3.384476527571678162e-02
1.486797444522380829e-02
-5.876681208610534668e-02
1.746089458465576172e-01
4.664724692702293396e-02
4.918970540165901184e-02
-3.846427425742149353e-02
3.687918186187744141e-02
2.486387453973293304e-02
-2.770440280437469482e-02
-4.121435806155204773e-03
9.112537652254104614e-02
6.310211867094039917e-02
9.667409956455230713e-02
8.302555233240127563e-02
-2.843873202800750732e-02
3.614322096109390259e-02
-7.761295884847640991e-02
4.134965594857931137e-03
1.061470881104469299e-01
5.464125052094459534e-02
1.637965440750122070e-01
-5.939636752009391785e-02
-5.033050663769245148e-03
1.025753654539585114e-02
-1.570921838283538818e-01
1.024507656693458557e-01
1.678048521280288696e-01
-1.552952378988265991e-01
-2.093109488487243652e-02
-6.285676360130310059e-02
-8.621858060359954834e-02
-8.324514329433441162e-02
1.130987331271171570e-01
-7.386928796768188477e-02
-1.226787120103836060e-01
-4.396531358361244202e-02
-8.245348930358886719e-02
1.375945061445236206e-01
-9.887758642435073853e-02
4.303985461592674255e-02
1.202799230813980103e-01
1.079787220805883408e-02
1.029752939939498901e-02
5.220419168472290039e-02
-4.213075339794158936e-02
-1.191938295960426331e-01
-1.137388274073600769e-01
-1.481863707304000854e-01
5.923778191208839417e-02
-3.260352462530136108e-02
1.648920588195323944e-03
-6.740583921782672405e-04
3.908997029066085815e-02
4.681317508220672607e-02
-2.165110968053340912e-02
8.014867454767227173e-02
4.193765297532081604e-02
7.197773456573486328e-02
-8.713429421186447144e-02
4.901388660073280334e-02
-1.293869465589523315e-01
2.030095644295215607e-02
1.019027978181838989e-01
9.802252054214477539e-02
2.325761020183563232e-01
1.533194631338119507e-02
-1.480797082185745239e-01
1.552060805261135101e-02
-1.902410686016082764e-01
-4.723704978823661804e-02
7.740248739719390869e-02
9.861901402473449707e-02
7.058685272932052612e-02
-3.162615001201629639e-02
-1.108551770448684692e-01
1.025102809071540833e-01
-2.330699004232883453e-02
-5.407663993537425995e-03
4.510272666811943054e-02
5.642858147621154785e-02
