-5.580234155058860779e-02
-1.379532963037490845e-01
-1.429753899574279785e-01
-5.241602193564176559e-03
-3.475224226713180542e-02
-4.338948987424373627e-03
-6.285019218921661377e-02
-3.995035961270332336e-02
-1.965207010507583618e-01
-9.415778331458568573e-03
-5.329561606049537659e-02
3.563937917351722717e-02
-7.786895334720611572e-02
-1.334590017795562744e-01
1.401511281728744507e-01
6.708557158708572388e-02
1.238643773831427097e-03
-5.426042899489402771e-02
3.334800153970718384e-02
-1.080215722322463989e-01
-8.557664602994918823e-02
1.479889303445816040e-01
5.653013288974761963e-02
-3.718929132446646690e-03
-1.382286101579666138e-01
1.296990960836410522e-01
8.954894542694091797e-02
-6.921096146106719971e-02
-2.193886041641235352e-02
-3.067193366587162018e-02
1.729580312967300415e-01
-9.154694527387619019e-02
7.539004087448120117e-02
-1.011488288640975952e-01
-5.409276112914085388e-02
-4.497147351503372192e-02
-3.095748834311962128e-02
6.615394353866577148e-02
8.972323685884475708e-02
6.616663932800292969e-02
-1.520472764968872070e-01
-1.857084780931472778e-02
-9.489841759204864502e-02
2.027914673089981079e-01
-1.586385630071163177e-02
3.113988041877746582e-02
4.923703894019126892e-02
5.078246071934700012e-02
7.160297036170959473e-02
-2.239758893847465515e-02
2.120344042778015137e-01
1.548714563250541687e-02
4.470296576619148254e-02
4.754759836941957474e-03
1.110556535422801971e-02
8.295509032905101776e-03
6.279597990214824677e-03
2.447787299752235413e-02
1.289600580930709839e-01
7.920686155557632446e-02
8.367391675710678101e-02
1.086230278015136719e-01
-3.059215471148490906e-02
3.695003315806388855e-02
-1.017316617071628571e-02
-5.516106262803077698e-03
7.677508890628814697e-02
4.642058629542589188e-03
1.340559422969818115e-01
3.785110078752040863e-03
1.039690338075160980e-02
3.070356138050556183e-02
-1.334915012121200562e-01
8.667327463626861572e-02
1.795615702867507935e-01
-1.573922634124755859e-01
-1.239648088812828064e-03
-2.893639355897903442e-02
-7.273824512958526611e-02
-9.851358830928802490e-02
1.586732864379882812e-01
-9.144021570682525635e-02
-1.116863265633583069e-01
-1.769029162824153900e-02
5.078043323010206223e-03
9.000103920698165894e-02
-1.317323148250579834e-01
4.980560764670372009e-02
1.482614129781723022e-01
-1.114101987332105637e-02
-5.371975153684616089e-02
3.207246959209442139e-02
-2.731014043092727661e-02
-1.291581392288208008e-01
-1.529685705900192261e-01
-1.197843477129936218e-01
9.880582988262176514e-02
-4.801630042493343353e-03
-4.962322860956192017e-02
-3.264150815084576607e-03
5.393537506461143494e-02
3.403395786881446838e-02
4.322364181280136108e-02
9.944802522659301758e-02
6.480552256107330322e-02
1.625040546059608459e-02
-5.290941521525382996e-02
-2.203109860420227051e-02
-1.530896425247192383e-01
-8.160321041941642761e-03
8.316816389560699463e-02
3.485760092735290527e-02
2.275746315717697144e-01
7.926043123006820679e-02
-9.716092050075531006e-02
3.473460674285888672e-02
-2.194158583879470825e-01
-3.685545921325683594e-02
4.868514835834503174e-02
8.200484514236450195e-02
1.382355242967605591e-01
-6.023995205760002136e-02
-3.617565333843231201e-02
6.246456131339073181e-02
-5.145259574055671692e-02
3.437088429927825928e-02
-3.963729366660118103e-02
1.228488329797983170e-02
