-4.236370325088500977e-02
-2.304963953793048859e-02
-1.409879773855209351e-01
2.151044458150863647e-01
8.370053768157958984e-02
1.119526922702789307e-01
-8.554634451866149902e-02
-1.623706519603729248e-01
1.690536737442016602e-03
4.069801419973373413e-02
6.522741168737411499e-02
-1.019883826375007629e-01
-1.366048604249954224e-01
1.088349148631095886e-03
-8.075346797704696655e-02
5.181635171175003052e-02
-3.434314578771591187e-02
-9.969559311866760254e-02
1.754847168922424316e-01
-4.159403592348098755e-02
5.552793294191360474e-02
1.621835231781005859e-01
1.794441230595111847e-02
-1.626843661069869995e-01
-1.378251016139984131e-01
9.413702785968780518e-02
6.874163448810577393e-02
-1.088689938187599182e-01
-2.656750194728374481e-02
-6.351459026336669922e-02
3.044528886675834656e-02
1.698228567838668823e-01
-4.017255455255508423e-02
-8.311508595943450928e-02
-8.827084302902221680e-02
-1.960450597107410431e-02
-2.877818979322910309e-02
3.654716908931732178e-02
-5.964003130793571472e-02
7.083683460950851440e-02
-3.054633922874927521e-02
-2.884534746408462524e-02
8.591405302286148071e-02
9.900297224521636963e-02
7.959177717566490173e-03
-5.733689665794372559e-02
1.825144328176975250e-02
-5.172830447554588318e-02
-4.820848349481821060e-03
-3.951073065400123596e-02
1.406996697187423706e-01
2.829790674149990082e-02
-6.959628313779830933e-02
2.511325292289257050e-02
6.198557838797569275e-02
1.125559359788894653e-01
1.198115721344947815e-01
-7.618780434131622314e-02
6.403984874486923218e-02
-5.766145419329404831e-03
-6.164560839533805847e-02
8.383750915527343750e-02
2.695294562727212906e-03
-1.322920322418212891e-01
4.855255410075187683e-02
1.206481549888849258e-02
2.397876977920532227e-02
3.389651328325271606e-02
1.964563280344009399e-01
-1.569704036228358746e-03
1.643556952476501465e-01
7.976445369422435760e-03
-1.932709068059921265e-01
7.049994170665740967e-02
3.244664147496223450e-02
-2.245311811566352844e-02
-5.705473199486732483e-02
-1.444697082042694092e-01
4.592786729335784912e-02
-9.044365584850311279e-02
6.553193181753158569e-02
-1.841191798448562622e-01
-1.976661384105682373e-02
-9.461177885532379150e-02
-3.253035247325897217e-02
5.519867688417434692e-02
-6.535892933607101440e-02
-1.168822199106216431e-01
4.476161301136016846e-02
5.553921684622764587e-02
-9.123980998992919922e-02
2.644385444000363350e-03
-4.400863498449325562e-02
-1.356749087572097778e-01
6.424300372600555420e-02
-6.519713252782821655e-02
1.015275642275810242e-01
-2.695295400917530060e-02
9.920554608106613159e-02
4.769136384129524231e-02
-3.185875713825225830e-02
7.035337388515472412e-02
-9.923338145017623901e-02
1.990735381841659546e-01
1.209537312388420105e-01
1.455096900463104248e-01
-6.261890381574630737e-02
4.436130821704864502e-02
-1.812060177326202393e-01
5.062214657664299011e-02
-5.944429337978363037e-02
-2.393449656665325165e-02
1.230629459023475647e-01
2.563119679689407349e-02
-1.079337522387504578e-01
9.244980663061141968e-02
-1.691059395670890808e-02
6.117764860391616821e-03
4.808707162737846375e-02
3.992692008614540100e-02
3.329174965620040894e-02
-3.265662491321563721e-02
1.353781786747276783e-03
4.408911243081092834e-02
-1.925322562456130981e-01
-6.160092726349830627e-02
2.178421989083290100e-02
-2.067694440484046936e-02
