-1.443927288055419922e-01
6.910032033920288086e-02
5.295023694634437561e-02
6.391756236553192139e-02
-1.190877705812454224e-01
1.716051809489727020e-02
-6.671557668596506119e-03
-1.470178067684173584e-01
-8.792710304260253906e-02
-2.509858459234237671e-03
3.273338824510574341e-02
-5.409275740385055542e-02
-1.174643039703369141e-01
-2.380796894431114197e-02
-2.247154340147972107e-02
-7.995565980672836304e-02
-3.525300323963165283e-02
9.800598025321960449e-02
-1.029011234641075134e-02
-1.249782368540763855e-02
-4.184358194470405579e-02
1.296189576387405396e-01
-6.415211595594882965e-03
-9.543283283710479736e-02
1.442183367908000946e-02
1.177702546119689941e-01
-8.889563381671905518e-02
6.425832957029342651e-02
5.301697552204132080e-02
-3.899209201335906982e-02
3.009973093867301941e-02
9.331297129392623901e-03
1.461692601442337036e-01
-2.228874899446964264e-02
-7.419179379940032959e-02
5.082174763083457947e-02
-2.072598636150360107e-01
-6.465481966733932495e-02
-1.830378472805023193e-01
1.572058945894241333e-01
-1.186229214072227478e-01
-1.802925914525985718e-01
-4.904757067561149597e-02
4.070667922496795654e-02
6.596579402685165405e-02
5.233104154467582703e-02
1.743628084659576416e-01
4.189857840538024902e-02
1.241796314716339111e-01
1.249524876475334167e-01
1.620598584413528442e-01
9.068053215742111206e-03
-1.059322506189346313e-01
-1.186843495815992355e-02
-1.388501096516847610e-02
2.026167511940002441e-02
2.213176107034087181e-03
4.925007000565528870e-02
-4.959277808666229248e-02
2.997804619371891022e-02
9.807398542761802673e-03
5.092063453048467636e-03
-6.429137289524078369e-02
-9.216939099133014679e-03
-1.497313566505908966e-02
5.602469667792320251e-02
-1.723816543817520142e-01
5.353652313351631165e-02
3.290070593357086182e-02
8.536302298307418823e-02
1.387523561716079712e-01
1.349026113748550415e-01
-1.171635240316390991e-01
1.070615053176879883e-01
6.179391592741012573e-02
-6.295911222696304321e-02
4.336962103843688965e-02
-3.261495381593704224e-02
1.366103813052177429e-02
-2.317168712615966797e-01
1.893889307975769043e-01
-9.554862976074218750e-02
-7.428222894668579102e-02
-1.081284657120704651e-01
1.207284405827522278e-01
3.520613163709640503e-02
7.420207560062408447e-02
-2.730293758213520050e-02
8.355351537466049194e-02
1.256939321756362915e-01
-1.984496712684631348e-01
1.326036453247070312e-01
-1.066311150789260864e-01
3.304388001561164856e-02
-1.200231984257698059e-01
-1.580251604318618774e-01
-1.824321970343589783e-02
4.028043523430824280e-02
9.174033999443054199e-02
-5.666696280241012573e-02
5.618122965097427368e-02
-7.308501005172729492e-02
-6.393540650606155396e-02
6.976480782032012939e-02
-7.930959761142730713e-02
-1.169906705617904663e-01
-5.563928931951522827e-02
-9.228426218032836914e-02
1.998343691229820251e-02
-9.282870590686798096e-02
-6.988232582807540894e-02
-1.279655098915100098e-02
9.701655060052871704e-02
7.459377497434616089e-02
-7.413336075842380524e-03
-9.266918152570724487e-02
-5.745397880673408508e-02
-9.980658069252967834e-03
1.795777119696140289e-02
-7.379274070262908936e-02
-7.071205973625183105e-02
3.999427333474159241e-02
3.628988564014434814e-02
-6.892114877700805664e-02
-1.151815429329872131e-01
-8.916260674595832825e-03
1.997213065624237061e-02
1.172971446067094803e-02
