-4.016063734889030457e-02
-2.519612014293670654e-02
-4.618734121322631836e-02
1.713515371084213257e-01
3.248043358325958252e-02
1.653828024864196777e-01
-3.171750530600547791e-02
-1.642936319112777710e-01
-1.465017795562744141e-01
7.835369557142257690e-02
-2.511809580028057098e-02
-1.818597912788391113e-01
-1.407512277364730835e-01
4.560990631580352783e-02
-4.225505143404006958e-02
7.316354662179946899e-02
-5.917974561452865601e-02
7.860894314944744110e-03
1.410011053085327148e-01
-1.799413114786148071e-01
-4.987098742276430130e-03
1.354431957006454468e-01
1.109238043427467346e-01
-6.360614299774169922e-02
-1.168128401041030884e-01
2.777905762195587158e-02
-1.220146007835865021e-02
1.329985796473920345e-03
5.779905244708061218e-02
7.825675606727600098e-02
1.497826427221298218e-01
-2.122486941516399384e-02
-1.126492209732532501e-02
-2.104619517922401428e-03
-1.829630136489868164e-02
3.023963235318660736e-02
-8.093994110822677612e-02
-1.566166430711746216e-02
-1.062140613794326782e-01
1.434911340475082397e-01
4.409444704651832581e-02
-4.709739610552787781e-02
2.323297411203384399e-02
5.764556303620338440e-02
1.449437141418457031e-01
-1.047449558973312378e-01
-3.887515142560005188e-02
-1.760624200105667114e-01
-1.308595761656761169e-03
4.128414392471313477e-02
1.406378149986267090e-01
-5.751824378967285156e-02
-5.279466882348060608e-02
5.204560980200767517e-02
1.142648905515670776e-01
1.288987696170806885e-01
6.856422871351242065e-02
1.194248795509338379e-01
6.908888369798660278e-02
5.204636254347860813e-04
3.881257399916648865e-02
1.269363015890121460e-01
8.001936972141265869e-02
-4.149553552269935608e-02
-5.872517824172973633e-02
8.365250378847122192e-02
1.039156392216682434e-01
3.828910365700721741e-02
2.635366842150688171e-02
3.494535014033317566e-02
2.358701974153518677e-01
-1.183162792585790157e-03
-1.040756553411483765e-01
4.579628258943557739e-02
-5.705936811864376068e-03
5.915585439652204514e-03
3.485429659485816956e-02
-5.534990131855010986e-02
4.633496701717376709e-02
-1.047556661069393158e-02
9.002240002155303955e-02
-2.344241589307785034e-01
1.883175037801265717e-02
-4.871970787644386292e-02
2.226674929261207581e-02
-3.618241474032402039e-02
-4.124215990304946899e-02
-1.994947437196969986e-03
8.378459513187408447e-02
1.005555391311645508e-01
-1.640623658895492554e-01
8.528325706720352173e-02
-1.201438438147306442e-02
-1.331365406513214111e-01
-7.358480710536241531e-03
-1.814589649438858032e-01
7.992564700543880463e-03
9.586519747972488403e-02
1.055806726217269897e-01
5.215915385633707047e-03
3.941051289439201355e-02
-5.842681974172592163e-03
-5.940295383334159851e-02
1.397188603878021240e-01
1.698189526796340942e-01
4.207902774214744568e-02
4.451740160584449768e-02
-9.359227493405342102e-03
-8.800980448722839355e-02
9.644994884729385376e-02
-7.593711465597152710e-02
-2.752734534442424774e-02
6.643238663673400879e-02
-3.885839134454727173e-02
-4.349042475223541260e-02
1.645632646977901459e-02
-6.365703046321868896e-02
-9.703552722930908203e-02
-7.305491715669631958e-02
-5.761791020631790161e-02
1.199509482830762863e-02
6.014863494783639908e-03
-4.607256129384040833e-02
3.014754690229892731e-02
-1.681115180253982544e-01
-1.293819211423397064e-02
-1.570375561714172363e-01
-3.096492215991020203e-02
