-1.044558361172676086e-02
1.884276047348976135e-02
-9.308139979839324951e-02
1.207042559981346130e-01
4.348077997565269470e-02
-4.777908697724342346e-02
-2.088904008269309998e-02
-1.078473478555679321e-01
-7.315655052661895752e-02
-1.206298707984387875e-03
-2.046514488756656647e-02
-1.389404535293579102e-01
-1.250675022602081299e-01
-7.594295311719179153e-04
-6.850580126047134399e-02
-4.251066967844963074e-02
-8.499300479888916016e-02
1.784783601760864258e-02
1.616588383913040161e-01
-9.515114128589630127e-02
-1.860215961933135986e-01
1.151349917054176331e-01
-1.846985071897506714e-01
-9.198243916034698486e-02
7.345149666070938110e-02
6.619731336832046509e-02
-2.995499782264232635e-02
-3.062574192881584167e-02
-6.642400985583662987e-04
2.218943275511264801e-02
4.372586309909820557e-02
1.774004288017749786e-02
7.379513233900070190e-02
-9.288688004016876221e-02
1.538700424134731293e-02
-5.101731047034263611e-02
-8.837932348251342773e-02
-3.770994022488594055e-03
-9.653032571077346802e-02
1.619122177362442017e-01
-8.433662354946136475e-02
-2.226737886667251587e-02
1.506292223930358887e-01
1.837473176419734955e-02
-4.210451990365982056e-02
1.612602323293685913e-01
5.849012732505798340e-02
-8.844853937625885010e-02
1.665818318724632263e-02
6.290640681982040405e-02
4.126022011041641235e-02
-1.383412163704633713e-03
-1.187964528799057007e-01
-3.084850870072841644e-02
8.195766061544418335e-02
4.959667846560478210e-02
-9.003541618585586548e-02
1.000262722373008728e-01
1.087574511766433716e-01
-4.910964146256446838e-02
4.815390706062316895e-02
4.183594882488250732e-02
2.764486335217952728e-02
-1.391329467296600342e-01
5.072466284036636353e-02
-3.590026870369911194e-02
-1.108899433165788651e-02
-9.195148013532161713e-03
5.458195134997367859e-02
1.513649374246597290e-01
4.121251404285430908e-02
-7.760754227638244629e-02
-1.378586143255233765e-01
4.772353917360305786e-02
1.140203773975372314e-01
-2.764382772147655487e-02
3.170791547745466232e-03
-7.557649910449981689e-02
-2.561099454760551453e-02
6.136150285601615906e-02
2.104095369577407837e-01
-1.624377518892288208e-01
4.707648977637290955e-02
-2.314427793025970459e-01
-8.597751148045063019e-03
1.407671719789505005e-01
-4.102487117052078247e-02
5.796711891889572144e-02
2.154190093278884888e-01
-1.496115792542695999e-02
1.098439213819801807e-03
9.085863083600997925e-02
5.084970220923423767e-02
-1.100259199738502502e-01
-1.712230592966079712e-02
-1.167939882725477219e-02
7.895821332931518555e-02
1.248799264430999756e-01
1.113990321755409241e-01
2.220369130373001099e-02
9.459140710532665253e-03
-9.032259136438369751e-02
-6.715333461761474609e-02
1.896309852600097656e-01
4.572758078575134277e-02
4.619721695780754089e-02
-9.902106970548629761e-02
9.892386151477694511e-04
-8.649581670761108398e-02
-4.696263745427131653e-02
-1.130355335772037506e-02
1.091480068862438202e-02
4.655643180012702942e-02
-3.561011701822280884e-02
-1.566414535045623779e-01
2.448036335408687592e-02
-1.534238085150718689e-02
4.653799347579479218e-03
-8.980911225080490112e-02
-5.864779651165008545e-02
-1.687274575233459473e-01
-1.019088551402091980e-02
3.445032611489295959e-02
1.248900219798088074e-01
-1.453098952770233154e-01
-1.132873222231864929e-01
-9.346698224544525146e-02
9.301827102899551392e-02
