-1.287137717008590698e-01
-1.398788988590240479e-01
-2.547149173915386200e-02
8.555854856967926025e-02
6.095474585890769958e-02
9.111341834068298340e-02
5.846401676535606384e-03
-5.285530909895896912e-02
-3.872315958142280579e-02
2.083002123981714249e-03
1.657546311616897583e-02
-4.707041010260581970e-02
-1.553906500339508057e-01
-3.838356956839561462e-02
1.250426769256591797e-01
-2.633662521839141846e-02
-1.233831420540809631e-01
-4.948340356349945068e-03
2.981509640812873840e-02
1.738311164081096649e-02
-1.388786137104034424e-01
1.000991910696029663e-01
2.723111771047115326e-02
-2.545177191495895386e-02
-3.989852592349052429e-02
1.076053678989410400e-01
9.816875308752059937e-02
-8.512733876705169678e-02
-2.053834497928619385e-02
4.603071138262748718e-02
1.908044964075088501e-01
8.840173482894897461e-02
4.562355950474739075e-02
-1.169578358530998230e-01
-1.564194262027740479e-01
-9.507032111287117004e-03
-9.302365779876708984e-02
1.130306422710418701e-01
-2.296494320034980774e-02
4.175551235675811768e-02
-8.804743736982345581e-02
-1.551810055971145630e-01
-4.595609381794929504e-02
9.755962342023849487e-02
-5.664357170462608337e-02
-7.306490093469619751e-02
-8.469819277524948120e-02
3.583854809403419495e-02
1.046226024627685547e-01
-4.220659285783767700e-02
1.528991013765335083e-01
-8.724042028188705444e-02
7.963405922055244446e-03
7.177964597940444946e-02
7.933561503887176514e-02
-1.898051798343658447e-02
1.661611050367355347e-01
1.140157133340835571e-01
1.106116101145744324e-01
8.711948990821838379e-02
-1.461445838212966919e-01
1.628449261188507080e-01
-1.164262816309928894e-01
1.026666536927223206e-01
6.900630146265029907e-02
9.439827501773834229e-02
3.608027705922722816e-03
-1.147884652018547058e-01
1.670468151569366455e-01
1.026856601238250732e-01
1.149756684899330139e-01
8.681624382734298706e-02
-4.730739071965217590e-02
9.349860996007919312e-02
5.926351994276046753e-02
-1.312202960252761841e-01
2.653269330039620399e-03
-3.691815957427024841e-02
-3.854996524751186371e-03
-1.132189035415649414e-01
8.782060444355010986e-02
-7.325357198715209961e-02
-7.673914730548858643e-02
-4.302559792995452881e-02
3.085371863562613726e-04
-3.354349359869956970e-02
-1.547618806362152100e-01
-1.410569846630096436e-01
3.810950741171836853e-02
8.771228790283203125e-02
-9.101775288581848145e-02
1.574629247188568115e-01
-1.539776176214218140e-01
-3.551525250077247620e-02
-1.383380144834518433e-01
-1.572048068046569824e-01
3.084262087941169739e-02
1.042914465069770813e-01
-7.477696239948272705e-02
1.148766744881868362e-02
4.149642586708068848e-02
5.360421165823936462e-02
-1.138974502682685852e-01
-4.047558084130287170e-02
6.146657466888427734e-02
3.381816670298576355e-02
-1.045293211936950684e-01
-9.210350364446640015e-02
-1.592178642749786377e-01
-1.925427839159965515e-02
5.356988683342933655e-02
-6.485392898321151733e-02
6.832100450992584229e-02
5.493361502885818481e-02
2.170944772660732269e-02
-3.352022543549537659e-02
-2.286800183355808258e-02
-8.375820517539978027e-02
-1.235666871070861816e-02
8.799377083778381348e-02
4.587480425834655762e-02
9.189908206462860107e-02
-5.985583364963531494e-02
1.746309339068830013e-03
-7.975701987743377686e-02
3.492859750986099243e-02
-2.660316415131092072e-02
-9.398566186428070068e-02
