-1.215829607099294662e-02
-1.134935021400451660e-01
5.416040774434804916e-03
9.411797672510147095e-02
-3.228202834725379944e-02
-2.048288658261299133e-02
-8.212827891111373901e-02
-5.111153237521648407e-03
-1.429734256817027926e-04
-7.012566924095153809e-02
2.179501112550497055e-03
-6.950481981039047241e-02
-1.202612668275833130e-01
-9.671199321746826172e-02
-3.894665511325001717e-03
-2.192893996834754944e-03
-1.713439822196960449e-02
5.507447570562362671e-02
-4.820199217647314072e-03
-1.115945056080818176e-01
-1.165687963366508484e-01
1.130244955420494080e-01
-6.128028035163879395e-02
-3.034281730651855469e-02
-4.526187479496002197e-02
8.758378028869628906e-02
-3.130993619561195374e-02
-3.101514279842376709e-02
1.279369592666625977e-01
-5.003051087260246277e-02
8.727077394723892212e-02
-2.936512045562267303e-02
8.005190640687942505e-02
2.087596990168094635e-02
-6.652792543172836304e-02
5.641003139317035675e-03
-1.440373659133911133e-01
4.615245852619409561e-03
-1.341721564531326294e-01
2.583525478839874268e-01
-1.457086056470870972e-01
-1.098346039652824402e-01
4.033902660012245178e-02
5.738341435790061951e-02
-2.751822024583816528e-02
3.323902189731597900e-02
1.084400620311498642e-02
-4.171186592429876328e-03
9.604664891958236694e-02
2.561721578240394592e-02
1.235575750470161438e-01
3.974133729934692383e-02
-2.803261019289493561e-02
7.583552971482276917e-03
1.873085200786590576e-01
-3.856733441352844238e-02
3.720467537641525269e-02
8.673771470785140991e-02
5.048967525362968445e-02
-5.436057224869728088e-02
1.558615174144506454e-02
8.660336583852767944e-02
4.942781105637550354e-02
8.209737017750740051e-03
7.369104772806167603e-02
9.216627478599548340e-02
-1.340514123439788818e-01
-2.219193428754806519e-02
1.274537593126296997e-01
6.477386504411697388e-02
-6.580807734280824661e-03
-6.772610545158386230e-02
-1.360564827919006348e-01
-5.169627722352743149e-03
1.525277793407440186e-01
-1.006475687026977539e-01
5.443098396062850952e-02
1.056917905807495117e-01
-3.616525605320930481e-02
-9.610888548195362091e-03
2.780929803848266602e-01
-1.296891272068023682e-01
-4.382269456982612610e-03
-1.120064556598663330e-01
9.755536168813705444e-02
1.230361312627792358e-01
-8.978214859962463379e-02
1.011818274855613708e-01
1.765431165695190430e-01
-2.595336991362273693e-04
-6.704627722501754761e-02
1.848719716072082520e-01
-3.382871672511100769e-02
-1.312566101551055908e-01
-1.457825899124145508e-01
-3.468122705817222595e-02
-6.453548371791839600e-02
2.843680558726191521e-03
1.237787455320358276e-01
-5.085645988583564758e-02
-9.243171662092208862e-03
-1.097134873270988464e-01
-7.808879762887954712e-02
1.403129845857620239e-01
6.438931077718734741e-02
1.983426697552204132e-02
2.445340529084205627e-02
-1.261762678623199463e-01
-1.708803772926330566e-01
-6.078917160630226135e-02
-6.164123117923736572e-02
7.088532298803329468e-02
2.549128048121929169e-02
7.852099835872650146e-02
-1.897087246179580688e-01
-4.810081049799919128e-02
1.204054895788431168e-02
-1.095795538276433945e-02
1.323386561125516891e-02
5.706380680203437805e-02
-4.046089574694633484e-02
7.055057678371667862e-03
-9.476432949304580688e-02
1.168146729469299316e-01
-1.062976568937301636e-01
8.006405830383300781e-02
-4.731312394142150879e-02
5.885086581110954285e-02
