-8.687978982925415039e-02
8.771754801273345947e-02
-1.549978833645582199e-02
8.530899882316589355e-02
-9.816471487283706665e-02
6.231440231204032898e-02
-3.412574157118797302e-02
-6.770030409097671509e-02
-2.399220913648605347e-01
3.953126817941665649e-02
-4.008904471993446350e-02
-7.865334302186965942e-02
-5.269850790500640869e-02
-1.381213814020156860e-01
1.543688308447599411e-02
-1.720610819756984711e-02
2.497593872249126434e-02
-3.278511390089988708e-02
-2.957744151353836060e-02
2.742159925401210785e-02
-1.282818764448165894e-01
1.588477939367294312e-01
6.318081170320510864e-02
5.667456984519958496e-02
-1.473502665758132935e-01
1.330424994230270386e-01
-5.922471731901168823e-02
8.026484400033950806e-02
1.187229305505752563e-01
-7.745104283094406128e-02
8.988275378942489624e-02
3.709394857287406921e-02
6.329774856567382812e-02
1.984551735222339630e-02
-3.234595060348510742e-02
8.812534809112548828e-02
-1.232666149735450745e-01
-3.760295733809471130e-02
-1.011214479804039001e-01
1.835159808397293091e-01
-1.919075101613998413e-02
1.540371216833591461e-02
-7.724105566740036011e-02
8.076690137386322021e-02
1.837296038866043091e-02
-1.321154995821416378e-03
6.127731874585151672e-02
-1.290478408336639404e-01
1.345727741718292236e-01
1.073171049356460571e-01
1.550014913082122803e-01
-1.801724918186664581e-02
-9.601808339357376099e-02
-8.434952795505523682e-02
9.313752502202987671e-02
8.541288226842880249e-02
-8.067738264799118042e-03
3.326557204127311707e-02
-5.516675859689712524e-02
-6.000676006078720093e-02
3.558833897113800049e-02
3.304410353302955627e-02
-5.174161121249198914e-02
5.597692728042602539e-02
-9.149634093046188354e-02
7.555709779262542725e-02
-6.649910658597946167e-02
1.380804479122161865e-01
1.837396435439586639e-02
1.997658424079418182e-02
1.725561022758483887e-01
4.758799821138381958e-02
-4.159995913505554199e-02
3.580102324485778809e-02
7.758024334907531738e-02
-8.447691798210144043e-02
7.106794510036706924e-03
6.633970886468887329e-02
8.941004052758216858e-03
-1.170129403471946716e-01
2.261596173048019409e-01
-1.465265899896621704e-01
-1.021046042442321777e-01
-1.774934083223342896e-01
1.635563820600509644e-01
5.031796172261238098e-02
6.467616558074951172e-02
-4.120041429996490479e-02
7.017832249402999878e-02
1.291034817695617676e-01
-1.520844250917434692e-01
9.603377431631088257e-02
2.341884747147560120e-02
-1.300456076860427856e-01
-4.528305679559707642e-02
-9.628894180059432983e-02
-4.654129967093467712e-02
6.508404761552810669e-02
6.755916774272918701e-02
-2.522581443190574646e-02
-6.871559191495180130e-03
-1.367327719926834106e-01
-2.638039365410804749e-02
1.439168155193328857e-01
-2.744997292757034302e-02
3.637878689914941788e-03
9.556280076503753662e-02
-1.182670894195325673e-04
-2.354965955018997192e-01
7.622091565281152725e-03
4.326815158128738403e-02
-7.250887900590896606e-02
7.109789550304412842e-02
-5.853069201111793518e-02
-7.142509333789348602e-03
-2.960423566401004791e-02
-4.283658415079116821e-02
3.184550255537033081e-02
8.835192024707794189e-02
-4.910638183355331421e-02
3.208673372864723206e-02
-3.106060996651649475e-02
-5.066849291324615479e-02
2.603678405284881592e-02
-1.460780948400497437e-01
1.218392401933670044e-01
-4.674968123435974121e-02
-1.202923897653818130e-02
