-3.680334612727165222e-02
-4.783392325043678284e-02
-1.405100822448730469e-01
1.913951933383941650e-01
1.145823299884796143e-01
1.418167501688003540e-01
-3.830613940954208374e-02
-1.758858114480972290e-01
-9.968407452106475830e-02
4.948965273797512054e-03
-2.028227318078279495e-03
-1.923674196004867554e-01
-1.022431477904319763e-01
2.962002344429492950e-02
-9.247743338346481323e-02
-4.149711132049560547e-02
-6.543106585741043091e-02
-1.822309754788875580e-02
1.603590697050094604e-01
-3.637798503041267395e-02
-1.182051151990890503e-01
1.635452061891555786e-01
7.067678868770599365e-02
-1.501435786485671997e-01
-6.934612244367599487e-02
-2.545060403645038605e-02
1.322237309068441391e-02
-6.905648112297058105e-02
-6.090266257524490356e-02
9.986826777458190918e-02
-1.559863239526748657e-02
5.608751252293586731e-02
-2.810437232255935669e-02
-1.662500947713851929e-02
-6.944801658391952515e-02
5.413059517741203308e-02
-1.237225718796253204e-02
3.143784403800964355e-02
-1.775550395250320435e-01
4.833071678876876831e-02
-6.161204725503921509e-02
-9.127891622483730316e-03
5.952068790793418884e-02
4.628975689411163330e-02
-8.575237356126308441e-03
-9.798702597618103027e-02
-1.128322780132293701e-01
-1.926314830780029297e-01
-5.137183144688606262e-02
7.450122386217117310e-03
5.968963727355003357e-02
1.644982583820819855e-02
7.791589200496673584e-02
3.045202000066637993e-03
6.028559803962707520e-02
2.014291733503341675e-01
8.736881613731384277e-02
1.502194404602050781e-01
4.214488714933395386e-02
-9.187448886223137379e-04
1.400325354188680649e-02
1.720177233219146729e-01
-1.726100966334342957e-02
-5.158549174666404724e-02
1.705789193511009216e-02
1.005951166152954102e-01
5.461707338690757751e-02
1.124731898307800293e-01
1.162495315074920654e-01
1.187846288084983826e-01
1.238872110843658447e-01
-3.880338743329048157e-02
-2.475777082145214081e-02
3.189987316727638245e-02
-7.452988997101783752e-03
-1.036911737173795700e-02
2.115940302610397339e-02
-1.084005236625671387e-01
1.523802429437637329e-01
-1.677676849067211151e-02
8.464077115058898926e-02
-2.186899036169052124e-01
1.157892867922782898e-02
-2.213896438479423523e-02
6.123898550868034363e-03
-1.765877380967140198e-02
-6.950047612190246582e-02
4.235338419675827026e-02
1.472879797220230103e-01
1.033249869942665100e-01
-8.646058291196823120e-02
5.295010283589363098e-02
1.689423993229866028e-02
-1.102709025144577026e-01
8.403538912534713745e-02
-7.963111624121665955e-03
1.639799028635025024e-02
1.172618418931961060e-01
-7.085269782692193985e-03
1.500479131937026978e-01
4.276186227798461914e-02
2.156356349587440491e-02
-6.124578788876533508e-02
1.291097104549407959e-01
8.021086454391479492e-02
7.994937151670455933e-02
-1.012270674109458923e-01
4.767140001058578491e-02
-9.345056861639022827e-02
-1.380392815917730331e-02
-4.869607836008071899e-02
1.026824209839105606e-02
6.927317008376121521e-03
-7.929547876119613647e-02
-9.730345010757446289e-02
7.984647154808044434e-02
-4.434552416205406189e-02
-3.566014813259243965e-03
-1.222953423857688904e-01
-4.507242143154144287e-02
-6.238598749041557312e-02
6.490161269903182983e-02
7.393328845500946045e-02
3.747751191258430481e-02
-1.834264993667602539e-01
-6.441584229469299316e-02
-1.309331506490707397e-01
6.339827924966812134e-02
