-1.116737723350524902e-01
-8.924315124750137329e-02
-9.348568320274353027e-02
1.421132534742355347e-01
-6.354063749313354492e-02
1.384983062744140625e-01
1.019534692168235779e-01
-1.975310444831848145e-01
-3.644240647554397583e-02
2.728902921080589294e-02
-3.906429558992385864e-02
-1.898701786994934082e-01
-9.510573744773864746e-02
-1.039650291204452515e-01
1.619928330183029175e-02
-4.248832166194915771e-02
-2.301410026848316193e-02
2.790980227291584015e-02
1.145181879401206970e-01
1.639912277460098267e-02
-1.899583637714385986e-02
1.020316183567047119e-01
3.155551850795745850e-02
-6.424082070589065552e-02
-6.702759861946105957e-02
4.092032834887504578e-02
5.711751431226730347e-02
-7.131123542785644531e-02
-1.124988794326782227e-01
1.379784643650054932e-01
1.172912046313285828e-01
5.093721672892570496e-02
6.853395700454711914e-02
-3.187087550759315491e-02
-1.588787138462066650e-01
7.137110084295272827e-02
-1.519398093223571777e-01
7.445029914379119873e-02
-1.872317492961883545e-01
5.834115669131278992e-02
-1.834535896778106689e-01
-5.014972761273384094e-02
-3.673469275236129761e-02
3.290778025984764099e-02
4.391111060976982117e-02
-5.317054316401481628e-02
-1.788515970110893250e-02
-2.710135653614997864e-02
4.113543778657913208e-02
-4.574726894497871399e-02
1.279731243848800659e-01
-6.337189115583896637e-03
-3.581719007343053818e-03
6.370686739683151245e-02
-5.948705598711967468e-02
1.038754358887672424e-01
9.950888156890869141e-02
6.385485827922821045e-02
2.946055307984352112e-02
1.735766790807247162e-02
-9.955521672964096069e-02
2.513943910598754883e-01
-1.528091132640838623e-01
4.374850541353225708e-02
9.554223716259002686e-02
9.719398617744445801e-02
3.744259849190711975e-02
-4.212958738207817078e-02
1.687133461236953735e-01
8.490619063377380371e-02
1.597831994295120239e-01
1.805987209081649780e-01
2.706910250708460808e-03
-1.459878589957952499e-02
1.003351658582687378e-01
-1.099640801548957825e-01
4.174373671412467957e-02
-6.250524520874023438e-02
1.541105564683675766e-02
-1.441499441862106323e-01
9.272886067628860474e-02
-9.505432844161987305e-02
-1.171434000134468079e-01
2.391919121146202087e-02
6.435855478048324585e-02
-7.534116506576538086e-02
-6.625217199325561523e-02
-5.836000666022300720e-02
5.033952742815017700e-02
3.588836267590522766e-02
-1.177739873528480530e-01
1.406080424785614014e-01
-3.139040246605873108e-02
-9.320808947086334229e-02
-1.634186506271362305e-01
-7.435207813978195190e-02
2.732744254171848297e-02
7.007133215665817261e-02
-1.567685417830944061e-02
2.829245850443840027e-02
9.232215583324432373e-02
9.109449386596679688e-02
-2.635206468403339386e-02
4.290242120623588562e-02
-3.767190966755151749e-03
-5.049236863851547241e-02
-1.148731932044029236e-01
-1.558094006031751633e-02
-1.228197515010833740e-01
-3.075733594596385956e-02
-4.704240337014198303e-02
-6.648600846529006958e-02
4.106005281209945679e-02
3.203656990081071854e-03
-6.718024611473083496e-02
-1.765012368559837341e-02
2.752613509073853493e-03
3.331532329320907593e-02
-2.707380615174770355e-02
-5.524974782019853592e-03
-1.218566671013832092e-02
1.424694061279296875e-01
-6.172514334321022034e-02
-5.465055629611015320e-02
-1.474869102239608765e-01
3.862030804157257080e-02
-8.036137372255325317e-02
1.218155957758426666e-03
