6.702184677124023438e-02
-4.197908937931060791e-02
-4.727428033947944641e-02
3.788267821073532104e-02
-8.441396057605743408e-03
4.783940501511096954e-03
-4.422410205006599426e-02
-1.485178321599960327e-01
-5.596555024385452271e-02
5.263166874647140503e-02
-3.036890923976898193e-02
-7.986064255237579346e-02
-9.521865099668502808e-02
-8.364808745682239532e-03
-2.269351854920387268e-02
2.658617682754993439e-02
8.941303938627243042e-03
3.892480581998825073e-02
1.183575168251991272e-01
-1.470745801925659180e-01
-1.109810099005699158e-01
7.961881905794143677e-02
-1.167217493057250977e-01
-8.686137944459915161e-02
4.710317403078079224e-02
1.381996870040893555e-01
-2.991499751806259155e-02
-3.296827897429466248e-02
8.795040845870971680e-02
-3.162134811282157898e-02
1.118480861186981201e-01
-4.349874332547187805e-02
1.282291300594806671e-02
-6.878321617841720581e-02
4.415891889948397875e-04
-7.314171642065048218e-02
-1.374892741441726685e-01
7.977911084890365601e-02
-8.103899657726287842e-02
2.459349930286407471e-01
-5.089352652430534363e-02
-6.279128044843673706e-02
1.214325875043869019e-01
1.963568292558193207e-02
1.006601098924875259e-02
7.891742140054702759e-02
8.413606137037277222e-02
-2.761205285787582397e-02
2.859534136950969696e-02
3.582082688808441162e-02
2.431554906070232391e-02
-8.023487031459808350e-02
-1.486868560314178467e-01
1.446270570158958435e-02
1.835099011659622192e-01
3.516932204365730286e-02
6.896640360355377197e-02
9.778041392564773560e-02
1.057849749922752380e-01
-1.110349670052528381e-01
-3.107520192861557007e-02
2.463023550808429718e-02
5.595631524920463562e-02
-9.501323103904724121e-02
5.159803852438926697e-02
-3.366179764270782471e-02
-2.853499911725521088e-02
-9.868723899126052856e-02
9.730058908462524414e-02
6.100258603692054749e-02
4.845095425844192505e-02
-6.895761936902999878e-02
-1.670543998479843140e-01
-4.633114486932754517e-02
1.182368993759155273e-01
-4.251046106219291687e-02
5.635833367705345154e-02
1.808597333729267120e-02
-5.884611606597900391e-02
-5.446348339319229126e-03
2.270680069923400879e-01
-2.012371271848678589e-01
1.002180650830268860e-01
-1.382862776517868042e-01
3.024255111813545227e-02
1.000867784023284912e-01
-2.761732600629329681e-02
1.925092749297618866e-02
1.772028803825378418e-01
-8.104692399501800537e-02
-5.676986649632453918e-02
1.181362792849540710e-01
-5.153870582580566406e-02
-1.949824839830398560e-01
-6.088670343160629272e-02
-9.469987824559211731e-03
-1.837508939206600189e-02
2.816150151193141937e-02
9.031239897012710571e-02
-8.966447412967681885e-02
1.195788104087114334e-02
-1.292027384042739868e-01
-3.962928801774978638e-02
1.503953635692596436e-01
9.478446841239929199e-02
7.547064870595932007e-02
1.190731953829526901e-02
-6.042305007576942444e-02
-1.475418061017990112e-01
-1.255650911480188370e-02
-4.615056514739990234e-02
-9.076752699911594391e-03
7.401287555694580078e-02
5.492179468274116516e-02
-1.581518948078155518e-01
-6.719320267438888550e-02
4.313872009515762329e-02
7.571582496166229248e-02
-1.328644994646310806e-02
-2.994966134428977966e-02
-5.934355035424232483e-02
-6.934339553117752075e-02
-4.914579540491104126e-02
1.798334866762161255e-01
-1.603083759546279907e-01
-1.613085716962814331e-02
-1.352036893367767334e-01
8.498822897672653198e-02
