-4.812948405742645264e-02
-6.442381441593170166e-02
-1.373066902160644531e-01
7.801631838083267212e-02
-1.992634311318397522e-02
8.753090165555477142e-03
-1.034148689359426498e-02
-1.470585167407989502e-01
-1.043735221028327942e-01
4.432344064116477966e-02
7.189846038818359375e-02
-1.126239076256752014e-01
-5.245968699455261230e-03
-1.444565653800964355e-01
1.122740581631660461e-01
-2.657370932865887880e-04
1.496484410017728806e-02
-2.594705112278461456e-02
2.340159565210342407e-02
-4.709556326270103455e-02
-1.571290045976638794e-01
1.610866189002990723e-01
9.141788631677627563e-02
-5.692818388342857361e-02
-1.003483161330223083e-01
9.899332374334335327e-02
5.917005240917205811e-02
-4.529741406440734863e-02
1.105763297528028488e-02
-1.766922883689403534e-02
1.930765956640243530e-01
-4.966710507869720459e-02
9.871474653482437134e-02
-1.005105674266815186e-02
2.490695565938949585e-02
-8.995236828923225403e-03
-9.391602128744125366e-02
7.773184776306152344e-02
-4.605019092559814453e-02
1.496427506208419800e-01
-1.768716126680374146e-01
-7.998741418123245239e-02
-9.277305006980895996e-02
1.794605851173400879e-01
5.325607489794492722e-03
4.516202490776777267e-03
-1.012037880718708038e-02
-7.436283677816390991e-02
1.012828871607780457e-01
-7.473958283662796021e-02
1.363277882337570190e-01
-6.630257517099380493e-02
-2.344542182981967926e-02
2.392643876373767853e-02
3.470382094383239746e-02
1.062853187322616577e-01
4.624040424823760986e-02
5.830675363540649414e-02
5.377061665058135986e-02
-4.813906177878379822e-02
1.218863576650619507e-01
1.579215228557586670e-01
-6.562777608633041382e-02
5.844000354409217834e-02
4.608837515115737915e-02
9.107384830713272095e-02
2.029783092439174652e-02
-3.342356299981474876e-03
8.428055793046951294e-02
9.508892893791198730e-03
8.934548497200012207e-02
3.532023727893829346e-02
-1.173774003982543945e-01
5.088437721133232117e-02
1.368836015462875366e-01
-1.601775437593460083e-01
8.732567727565765381e-02
4.984267055988311768e-02
2.757207304239273071e-02
-1.104953289031982422e-01
1.385116279125213623e-01
-1.236699372529983521e-01
-8.832640945911407471e-02
1.841538399457931519e-02
6.600672751665115356e-02
7.748926430940628052e-02
-3.568474948406219482e-02
3.511271253228187561e-02
2.234552949666976929e-01
4.073100164532661438e-02
-1.390796303749084473e-01
1.587930172681808472e-01
-1.864002458751201630e-02
-1.314649730920791626e-01
-1.763353496789932251e-01
-2.136393934488296509e-01
-1.106176059693098068e-02
1.460035145282745361e-02
-1.456284150481224060e-02
-3.846779838204383850e-02
5.003649741411209106e-02
-9.671920537948608398e-02
7.817377150058746338e-02
7.452420890331268311e-02
-8.699031546711921692e-03
2.204838581383228302e-02
-3.951893001794815063e-02
8.916687220335006714e-03
-1.438373625278472900e-01
3.485790453851222992e-03
3.027304820716381073e-02
-3.705958649516105652e-02
1.353203505277633667e-01
5.694662779569625854e-02
-9.664304554462432861e-02
-3.071608394384384155e-02
-1.798581928014755249e-01
4.689131677150726318e-02
3.559017926454544067e-02
-4.673929512500762939e-02
1.423963066190481186e-02
5.039135366678237915e-02
-9.199746698141098022e-02
9.788168221712112427e-02
-6.614934653043746948e-02
4.001731425523757935e-02
-3.421681374311447144e-02
1.533330697566270828e-02
