2.965921536087989807e-02
-1.277299672365188599e-01
1.043458878993988037e-01
7.298637926578521729e-02
-7.775113731622695923e-02
1.627552881836891174e-02
-7.948634028434753418e-02
-3.286745026707649231e-02
-1.701176315546035767e-01
-4.136429354548454285e-02
-1.295255776494741440e-02
5.074492190033197403e-03
-7.311628013849258423e-02
-5.480591580271720886e-02
9.817662090063095093e-02
9.943840652704238892e-02
1.052939593791961670e-01
-1.007204130291938782e-02
7.621244527399539948e-03
-1.832981854677200317e-01
-4.643182083964347839e-02
3.449951065704226494e-03
3.056724369525909424e-02
-2.638833038508892059e-02
-9.786456823348999023e-02
3.428936377167701721e-02
-3.221827745437622070e-02
5.281671881675720215e-03
1.278167068958282471e-01
4.840617999434471130e-02
1.323764473199844360e-01
-7.957705110311508179e-02
4.507633671164512634e-02
3.685057861730456352e-03
1.182042155414819717e-02
7.989958673715591431e-02
-2.223525568842887878e-02
-8.225447498261928558e-03
-1.666373573243618011e-02
2.488002479076385498e-01
3.754896298050880432e-02
-4.671842977404594421e-02
-1.985880360007286072e-02
6.964841485023498535e-02
3.206931054592132568e-03
3.454039990901947021e-02
2.400371246039867401e-02
-4.935066401958465576e-02
7.575573027133941650e-02
8.284049481153488159e-02
1.357517093420028687e-01
-2.141348458826541901e-02
-1.378432959318161011e-01
1.935280673205852509e-02
1.647012978792190552e-01
-4.467302560806274414e-02
1.133271530270576477e-01
4.341722652316093445e-02
8.387450128793716431e-03
-2.123717404901981354e-02
-4.141042381525039673e-02
9.561612270772457123e-03
2.177687920629978180e-02
4.511811584234237671e-02
1.662459038197994232e-02
1.788811571896076202e-02
-1.051967665553092957e-01
-6.853478401899337769e-02
1.540687233209609985e-01
-1.107163913547992706e-02
8.965861797332763672e-02
2.728420868515968323e-02
-4.732278734445571899e-02
-1.453315839171409607e-02
1.757571846246719360e-01
-8.668604493141174316e-02
-4.796744883060455322e-02
9.107180684804916382e-02
-5.449398979544639587e-02
-9.649685025215148926e-02
1.592442393302917480e-01
-2.015089541673660278e-01
-5.089878663420677185e-02
-3.669769316911697388e-02
6.063890829682350159e-02
1.101238578557968140e-01
-5.702726542949676514e-02
2.046000771224498749e-02
-2.298289723694324493e-02
-8.451274037361145020e-02
-1.521848291158676147e-01
8.600813150405883789e-02
-3.394537046551704407e-02
-4.624236747622489929e-02
-8.759886771440505981e-02
-2.942804945632815361e-03
-9.902417659759521484e-03
-1.887107151560485363e-03
8.176407963037490845e-02
-1.297178864479064941e-01
3.154790028929710388e-03
-7.769127190113067627e-02
-3.521591052412986755e-02
1.733838170766830444e-01
1.734988391399383545e-01
-4.250676557421684265e-02
2.077983170747756958e-01
-1.640840619802474976e-01
-2.909383773803710938e-01
-8.724149316549301147e-02
-1.043786574155092239e-02
5.081861466169357300e-02
6.369700282812118530e-02
1.126707419753074646e-01
-1.171604916453361511e-01
-5.704904720187187195e-02
-9.092183411121368408e-02
-5.890378728508949280e-02
-7.720121741294860840e-02
4.063767939805984497e-02
7.708711922168731689e-02
1.677191443741321564e-02
-5.274579301476478577e-02
9.881511330604553223e-02
-9.081836044788360596e-02
1.126244813203811646e-01
-6.498540937900543213e-02
-3.172330185770988464e-02
