-8.058841340243816376e-03
-2.409291826188564301e-02
1.948062703013420105e-02
9.849823266267776489e-02
-5.489848926663398743e-02
4.770916700363159180e-02
-1.400392130017280579e-02
-1.108282953500747681e-01
-7.756225019693374634e-02
-1.812978647649288177e-02
-1.054150015115737915e-01
4.988839384168386459e-03
-5.164220929145812988e-02
-2.038248069584369659e-02
-1.163828279823064804e-02
-1.097222138196229935e-02
6.162815541028976440e-02
1.612408906221389771e-01
7.261201739311218262e-02
-1.394420415163040161e-01
8.045914024114608765e-02
1.340789534151554108e-02
1.103412881493568420e-01
2.207567915320396423e-02
-1.163773983716964722e-01
5.162225663661956787e-02
-7.933677732944488525e-02
-1.600399985909461975e-02
1.149864494800567627e-01
3.417673334479331970e-02
5.268963426351547241e-02
5.209703370928764343e-02
1.087020337581634521e-01
-3.069246187806129456e-02
-1.341877579689025879e-01
5.303141847252845764e-02
-1.287061572074890137e-01
-9.382355213165283203e-02
-3.182025626301765442e-02
2.073881030082702637e-01
-1.205230280756950378e-01
-3.873821720480918884e-02
-7.159243524074554443e-02
-3.970032557845115662e-03
1.267424225807189941e-01
4.892060678685083985e-05
1.057674288749694824e-01
-2.735040895640850067e-02
2.209488069638609886e-03
8.719865977764129639e-02
2.690837979316711426e-01
1.173058450222015381e-01
-2.171751484274864197e-02
7.295422255992889404e-02
2.920322865247726440e-02
-2.037362568080425262e-02
7.990718632936477661e-02
-4.289919044822454453e-03
5.456632748246192932e-02
3.065073862671852112e-02
-5.882205441594123840e-02
8.852244913578033447e-02
1.170483534224331379e-03
-3.668113425374031067e-02
5.176585912704467773e-02
1.067818105220794678e-01
-1.879848539829254150e-02
-1.168745802715420723e-03
1.053637489676475525e-01
5.510590597987174988e-02
1.085562109947204590e-01
1.857950836420059204e-01
-8.661457151174545288e-02
4.876181483268737793e-02
9.154851734638214111e-02
-1.058353669941425323e-02
-1.238525286316871643e-02
1.465812046080827713e-02
-4.530148580670356750e-02
-1.776245236396789551e-01
1.594288945198059082e-01
-1.599979996681213379e-01
-1.479770839214324951e-01
-3.440049290657043457e-02
6.787665933370590210e-02
4.012339562177658081e-02
-1.955130696296691895e-01
-5.716132000088691711e-02
1.133015453815460205e-01
-5.736869759857654572e-03
-1.149524897336959839e-01
6.998338550329208374e-02
-6.537880003452301025e-02
2.433479763567447662e-02
-9.396286308765411377e-02
-9.618552774190902710e-02
-7.401221245527267456e-02
-8.246496319770812988e-02
4.721888527274131775e-02
-1.230590641498565674e-01
-5.250971019268035889e-02
-1.287788711488246918e-02
2.725589647889137268e-02
1.695799380540847778e-01
-2.697103656828403473e-02
-1.441236287355422974e-01
1.986886933445930481e-02
-2.301294952630996704e-01
-1.512991189956665039e-01
-3.100529871881008148e-02
-1.202764362096786499e-01
4.245799779891967773e-02
4.163844976574182510e-03
1.499042361974716187e-01
-4.336603730916976929e-02
-7.612572610378265381e-02
6.421411037445068359e-02
1.331375725567340851e-02
-5.689541250467300415e-02
-3.199085220694541931e-02
9.807389974594116211e-02
9.273007512092590332e-02
-2.150933071970939636e-02
-7.289673667401075363e-03
-1.414807736873626709e-01
3.497447352856397629e-03
-2.350310236215591431e-02
-1.521042641252279282e-02
