-1.525929868221282959e-01
-1.079639699310064316e-02
-2.510558068752288818e-02
1.546057499945163727e-02
-7.147102802991867065e-02
-4.303151369094848633e-02
2.446962893009185791e-02
-2.220921032130718231e-02
-1.249058768153190613e-01
-7.782208174467086792e-02
-3.322557359933853149e-02
-2.403832040727138519e-02
-6.445994973182678223e-02
-3.654991090297698975e-02
5.680433660745620728e-02
-4.358360171318054199e-02
-1.532265450805425644e-02
2.108980156481266022e-02
3.653173521161079407e-02
-1.051002666354179382e-01
-5.986174941062927246e-02
1.685071140527725220e-01
6.502002943307161331e-03
-7.000829279422760010e-02
-4.957059770822525024e-02
1.436748057603836060e-01
-3.858291544020175934e-03
-9.882557205855846405e-04
2.134326100349426270e-02
6.861824542284011841e-02
1.547138094902038574e-01
1.288215965032577515e-01
1.720227152109146118e-01
-6.717668473720550537e-02
-7.292683422565460205e-02
6.537799257785081863e-03
-7.597901392728090286e-03
-7.655595988035202026e-02
-1.491225790232419968e-02
8.342672139406204224e-02
-1.585735678672790527e-01
-1.468509584665298462e-01
1.516368985176086426e-02
1.787878423929214478e-01
-7.652234286069869995e-02
5.179170146584510803e-02
-3.293677419424057007e-02
6.084817647933959961e-02
7.658622413873672485e-02
3.973631188273429871e-02
2.207432091236114502e-01
6.653936952352523804e-02
2.209219336509704590e-02
-1.489791721105575562e-01
4.771452024579048157e-02
-3.110593184828758240e-02
8.841302990913391113e-02
7.927189767360687256e-02
1.034164130687713623e-01
9.236481785774230957e-02
-2.079218998551368713e-02
6.258600950241088867e-02
-1.070571765303611755e-01
9.491697885096073151e-03
-1.262693479657173157e-02
-1.292299386113882065e-02
-1.825201511383056641e-02
2.174168452620506287e-02
1.426057070493698120e-01
9.219263494014739990e-02
1.270779371261596680e-01
-5.398251488804817200e-02
-2.915289439260959625e-02
1.566179245710372925e-01
2.084195762872695923e-01
-1.363604366779327393e-01
-1.237340122461318970e-01
-7.191728800535202026e-02
-2.095846459269523621e-02
-1.431789547204971313e-01
9.100192040205001831e-02
-7.553745806217193604e-02
-1.565357446670532227e-01
-2.343842983245849609e-01
2.879661507904529572e-02
4.409083351492881775e-02
-1.439078748226165771e-01
-3.336025401949882507e-02
-2.231245301663875580e-02
5.131664127111434937e-02
-4.576242715120315552e-02
1.898655593395233154e-01
-1.496699750423431396e-01
-5.456173792481422424e-02
-1.156971603631973267e-01
-1.000982373952865601e-01
4.137992858886718750e-03
2.790512889623641968e-02
6.075276061892509460e-02
1.671828329563140869e-02
3.010853379964828491e-02
-6.055475771427154541e-02
-3.572494909167289734e-02
1.240038499236106873e-01
4.323336482048034668e-02
-5.079889297485351562e-02
-5.037050321698188782e-02
-1.167123243212699890e-01
-1.659293919801712036e-01
-2.465631254017353058e-02
7.203786820173263550e-02
-5.787432659417390823e-03
8.065783232450485229e-02
1.029013842344284058e-02
6.152601540088653564e-02
5.856088362634181976e-03
9.048544801771640778e-03
-1.475479453802108765e-01
-6.432850658893585205e-02
2.115441672503948212e-02
9.590451605618000031e-03
3.780229389667510986e-02
1.803528401069343090e-03
-6.793816573917865753e-03
-1.447572559118270874e-01
-6.760698556900024414e-02
-3.832264617085456848e-02
5.507064238190650940e-02
