4.816521704196929932e-02
-1.483952105045318604e-01
-5.552779417484998703e-03
7.824009656906127930e-02
-3.177408874034881592e-02
1.458175666630268097e-02
-9.396056085824966431e-02
-1.160061359405517578e-01
2.349815890192985535e-02
1.698553860187530518e-01
-5.110378935933113098e-02
-9.488298743963241577e-02
-3.576510772109031677e-02
-2.083563990890979767e-02
5.074563249945640564e-02
9.273140877485275269e-02
-1.974607259035110474e-02
-3.653212636709213257e-02
1.018781363964080811e-01
-1.259339749813079834e-01
-7.530163228511810303e-02
5.723844096064567566e-02
6.410464178770780563e-03
-9.207607805728912354e-02
-1.685054898262023926e-01
8.674589544534683228e-02
-1.322364667430520058e-03
-6.053858622908592224e-02
1.340708881616592407e-01
-3.733144700527191162e-02
2.702329307794570923e-02
-8.832671493291854858e-02
-3.563732374459505081e-03
2.358056046068668365e-02
6.347773596644401550e-03
5.667345225811004639e-02
-1.069903820753097534e-01
-8.175256662070751190e-03
-1.317109465599060059e-01
1.942434310913085938e-01
-2.172509580850601196e-02
-1.208838894963264465e-01
2.437190152704715729e-02
1.646004021167755127e-01
6.662602722644805908e-02
-5.576831847429275513e-02
3.630078211426734924e-02
-4.440286383032798767e-02
7.692588120698928833e-02
6.213309615850448608e-02
1.468361020088195801e-01
-1.311936695128679276e-02
-1.200103238224983215e-01
8.932683616876602173e-02
1.365680545568466187e-01
5.639382824301719666e-02
1.002897173166275024e-01
5.634713172912597656e-02
1.106030642986297607e-01
-2.329449169337749481e-02
-5.155690014362335205e-02
2.221478149294853210e-02
-2.176762325689196587e-03
2.493156120181083679e-02
3.306009620428085327e-02
1.380068361759185791e-01
-1.054935380816459656e-01
-2.737661451101303101e-02
9.601167589426040649e-02
-1.109039336442947388e-01
1.278817802667617798e-01
-7.276558130979537964e-02
-1.537088602781295776e-01
-7.074462622404098511e-02
1.748298257589340210e-01
-8.787022531032562256e-02
1.755760633386671543e-03
5.272809416055679321e-02
-7.507347501814365387e-03
-5.096588283777236938e-02
1.819681078195571899e-01
-1.826577037572860718e-01
-2.637358754873275757e-02
-5.227252468466758728e-02
8.780667930841445923e-02
8.043253421783447266e-02
-1.024084985256195068e-01
1.089909859001636505e-02
1.221703886985778809e-01
-2.141799218952655792e-02
-4.556059092283248901e-02
1.685966551303863525e-01
-4.671479016542434692e-02
-1.341123580932617188e-01
-1.296767890453338623e-01
-1.083732619881629944e-01
-4.618030786514282227e-02
-8.562344312667846680e-02
1.731110662221908569e-01
-9.523517452180385590e-03
-1.429468300193548203e-02
-1.370709668844938278e-02
-8.225275576114654541e-02
1.165429577231407166e-01
8.146377652883529663e-02
1.823571696877479553e-02
2.141554467380046844e-02
-7.268782705068588257e-02
-7.260127365589141846e-02
2.562128938734531403e-02
-5.185337364673614502e-02
9.810519218444824219e-02
1.017730459570884705e-01
1.167296022176742554e-01
-9.228676557540893555e-02
-3.399267047643661499e-02
2.260410226881504059e-02
-7.149962335824966431e-02
6.899890303611755371e-02
3.006649203598499298e-02
2.198473364114761353e-02
-5.703597143292427063e-02
-1.148339658975601196e-01
4.101498425006866455e-02
-1.356317102909088135e-01
1.470081061124801636e-01
-2.856110781431198120e-02
1.312067806720733643e-01
