4.776158556342124939e-02
-1.055498793721199036e-01
-9.394127875566482544e-02
1.292030364274978638e-01
5.813152343034744263e-02
5.404942482709884644e-02
-7.242882996797561646e-02
-1.448683142662048340e-01
-3.832968324422836304e-02
6.545116007328033447e-02
-6.647462397813796997e-02
-8.309802412986755371e-02
-1.137016620486974716e-02
-3.277558460831642151e-02
-4.092640429735183716e-02
-6.400258094072341919e-02
6.631226837635040283e-02
2.838758751749992371e-03
4.624698311090469360e-02
-6.561817973852157593e-02
-3.320087864995002747e-02
1.019322574138641357e-01
-8.338598161935806274e-02
-6.168188527226448059e-02
-5.496204271912574768e-02
1.055568307638168335e-01
-5.733957048505544662e-03
-2.591679804027080536e-02
8.883671462535858154e-02
2.537940163165330887e-03
8.478613942861557007e-02
4.632538557052612305e-02
-1.499383244663476944e-02
-1.702214218676090240e-02
-1.197177767753601074e-01
9.381764382123947144e-02
-1.348392367362976074e-01
6.032608449459075928e-02
-8.051270991563796997e-02
1.656036525964736938e-01
-5.729264765977859497e-02
-5.070534721016883850e-02
1.005688160657882690e-01
3.931640461087226868e-02
-4.531992971897125244e-02
5.355301871895790100e-02
-2.478613331913948059e-02
-2.050518803298473358e-02
3.016507998108863831e-02
-3.323297202587127686e-02
1.136235054582357407e-02
-9.682997316122055054e-02
-1.217804327607154846e-01
8.450509607791900635e-02
1.374117136001586914e-01
9.589882940053939819e-02
1.371913999319076538e-01
-3.735841810703277588e-02
1.122649908065795898e-01
-1.506324708461761475e-01
-1.327285766601562500e-01
1.283414661884307861e-01
4.761762544512748718e-02
-8.617413043975830078e-02
7.434369623661041260e-02
7.218090444803237915e-02
1.700786873698234558e-02
-1.579468511044979095e-02
2.082760483026504517e-01
5.309686809778213501e-02
9.773232787847518921e-02
-2.905911952257156372e-02
-1.303489357233047485e-01
2.800467482302337885e-04
1.165125891566276550e-01
-6.602217257022857666e-02
2.895348146557807922e-02
-6.835831701755523682e-02
1.591558754444122314e-02
-9.263451397418975830e-02
1.907756179571151733e-01
-2.079059332609176636e-01
3.157224878668785095e-02
-9.744393825531005859e-02
9.133677184581756592e-02
1.278384178876876831e-01
-4.904964938759803772e-02
1.484806835651397705e-02
1.365966647863388062e-01
4.278769250959157944e-03
-1.082968264818191528e-01
1.548781432211399078e-02
-1.904472708702087402e-02
-2.762596607208251953e-01
-3.714808449149131775e-02
-2.513529732823371887e-02
-9.557562880218029022e-03
-3.417785465717315674e-02
8.986500650644302368e-02
7.235216442495584488e-03
-9.669247269630432129e-02
2.319379243999719620e-03
-1.743907667696475983e-02
2.243311107158660889e-01
3.866774495691061020e-03
1.036491021513938904e-01
-3.199519217014312744e-02
-9.589713066816329956e-02
-2.209581136703491211e-01
-1.043349355459213257e-01
-3.341995179653167725e-02
-4.064992070198059082e-02
7.915395498275756836e-02
3.816938772797584534e-02
-1.535517126321792603e-01
3.754701092839241028e-02
-7.915823906660079956e-02
7.382667809724807739e-02
-2.171295229345560074e-03
3.993326425552368164e-02
3.041346790269017220e-03
-3.190872445702552795e-02
4.779585078358650208e-02
6.715260446071624756e-02
-1.385340094566345215e-01
4.444486647844314575e-02
-5.345305427908897400e-02
3.104201890528202057e-02
