-2.340341545641422272e-02
2.801865898072719574e-02
-9.108784794807434082e-02
6.907783448696136475e-02
1.118627265095710754e-01
5.443445220589637756e-02
-1.170029565691947937e-01
-1.006959453225135803e-01
-1.169364377856254578e-01
-1.020002993755042553e-03
-7.597716990858316422e-03
-1.009766012430191040e-01
-5.805852264165878296e-02
7.320509850978851318e-02
-9.977900981903076172e-02
-4.024450108408927917e-02
1.221011765301227570e-02
4.866688698530197144e-02
1.218129470944404602e-01
-1.249517798423767090e-01
-5.638002231717109680e-02
2.692280411720275879e-01
-1.222871337085962296e-02
-1.724122166633605957e-01
-4.039984568953514099e-02
1.388694345951080322e-02
1.131444703787565231e-03
-1.574826613068580627e-02
8.129804395139217377e-03
1.356231272220611572e-01
6.407070159912109375e-02
1.905037760734558105e-01
-7.449437398463487625e-03
-6.022393703460693359e-02
-2.215710654854774475e-02
-7.048544287681579590e-02
-7.057985663414001465e-02
-6.179318577051162720e-02
-7.085333764553070068e-02
1.120507344603538513e-01
-1.847452833317220211e-03
-1.983196474611759186e-02
1.323900520801544189e-01
9.346048533916473389e-02
2.885396964848041534e-02
-7.089050114154815674e-02
-2.717017754912376404e-02
-1.532846242189407349e-01
-7.535392791032791138e-02
6.983710825443267822e-02
9.533354640007019043e-02
1.288222074508666992e-01
6.849400699138641357e-02
-8.936128020286560059e-02
3.281524032354354858e-02
7.277608662843704224e-02
6.475815922021865845e-02
1.826982945203781128e-01
1.291386485099792480e-01
4.133403673768043518e-02
-1.904272660613059998e-02
1.195787265896797180e-01
4.057562351226806641e-02
-1.141201630234718323e-01
-1.548755075782537460e-02
-1.736567914485931396e-02
3.005437552928924561e-02
5.614264309406280518e-02
7.371766865253448486e-02
1.389260590076446533e-01
7.176981121301651001e-02
-7.779440283775329590e-02
-9.377172589302062988e-02
1.427298188209533691e-01
7.889810949563980103e-02
4.030208662152290344e-02
1.469267625361680984e-02
-9.823812544345855713e-02
6.854557991027832031e-02
-5.587784573435783386e-02
1.248638257384300232e-01
-1.991520524024963379e-01
-2.365994267165660858e-02
-1.563529819250106812e-01
1.694556698203086853e-02
2.907752990722656250e-02
-8.873839676380157471e-02
7.407389581203460693e-02
1.205762624740600586e-01
-2.447630278766155243e-02
-3.732311725616455078e-02
5.420001223683357239e-02
-5.263458937406539917e-02
-7.324101030826568604e-02
8.639557659626007080e-02
-3.800464794039726257e-02
4.113877192139625549e-02
1.326338201761245728e-01
3.405994176864624023e-02
7.423506677150726318e-02
-5.924304947257041931e-02
-7.490336149930953979e-02
-1.517761200666427612e-01
1.953226327896118164e-01
6.545589119195938110e-02
3.930959105491638184e-02
-7.852479815483093262e-02
1.004193536937236786e-02
-7.089252769947052002e-02
4.758692812174558640e-03
2.014606725424528122e-03
4.623244330286979675e-02
-1.868815347552299500e-02
-1.420049220323562622e-01
-1.059243977069854736e-01
6.783975660800933838e-02
5.421995371580123901e-02
-7.300923764705657959e-02
-1.206649169325828552e-01
1.979883387684822083e-02
-7.646857947111129761e-02
8.461456000804901123e-02
7.937455922365188599e-02
4.406881332397460938e-02
-1.524119228124618530e-01
-6.026705726981163025e-02
-1.416018009185791016e-01
-2.099185250699520111e-03
