-8.069674670696258545e-02
3.781530261039733887e-02
-1.951723545789718628e-02
4.133452102541923523e-02
-1.159415021538734436e-01
-8.805212378501892090e-02
6.131606176495552063e-02
-9.012054651975631714e-02
-1.199574321508407593e-01
-8.883411437273025513e-02
-5.254055187106132507e-02
-1.845672167837619781e-02
-4.051514714956283569e-02
-8.950942009687423706e-02
1.156040932983160019e-02
-4.979133233428001404e-02
-9.006457775831222534e-02
4.799590632319450378e-02
2.773644775152206421e-02
-1.172661930322647095e-01
-9.518500417470932007e-02
1.583517044782638550e-01
4.620819911360740662e-02
-1.463007926940917969e-01
-7.188890874385833740e-02
1.572061479091644287e-01
-3.484705835580825806e-02
-1.107602100819349289e-02
-3.394871205091476440e-02
4.372837394475936890e-02
1.214309409260749817e-01
7.380053400993347168e-02
1.828281730413436890e-01
-9.272720664739608765e-02
-1.478336472064256668e-02
4.658011719584465027e-02
2.858489984646439552e-03
-1.125559732317924500e-01
2.060189872281625867e-04
8.268883079290390015e-02
-1.261340230703353882e-01
-8.018444478511810303e-02
-5.555071681737899780e-02
1.049085780978202820e-01
-4.545096307992935181e-02
2.402338758111000061e-02
4.598297923803329468e-02
2.437958493828773499e-02
7.587756961584091187e-02
7.027802616357803345e-02
2.896357774734497070e-01
4.577494785189628601e-02
-3.654293715953826904e-02
-1.588678956031799316e-01
-3.073906712234020233e-02
-1.182545907795429230e-02
2.585221081972122192e-02
-4.756446182727813721e-02
1.233540549874305725e-01
6.106808036565780640e-02
3.007774986326694489e-02
3.053690493106842041e-02
-1.053780317306518555e-01
-4.200356081128120422e-02
-1.689501851797103882e-02
-2.478345483541488647e-02
-3.044163063168525696e-02
3.017005510628223419e-02
1.036897823214530945e-01
5.625569820404052734e-02
1.571897864341735840e-01
2.360118739306926727e-02
-3.738627955317497253e-02
1.588070690631866455e-01
1.939378678798675537e-01
-1.354819685220718384e-01
-8.987053483724594116e-02
-1.430975943803787231e-01
-4.383594542741775513e-02
-1.706747710704803467e-01
1.114272624254226685e-01
-8.600577712059020996e-02
-1.219165474176406860e-01
-2.066703438758850098e-01
3.480146452784538269e-02
2.819102257490158081e-02
-1.179456040263175964e-01
-2.182931452989578247e-02
1.161925792694091797e-01
1.098170969635248184e-02
-7.154929637908935547e-02
2.281853705644607544e-01
-7.837320119142532349e-02
-5.166586488485336304e-02
-7.230394333600997925e-02
-6.005518138408660889e-02
7.254592329263687134e-02
-7.454897277057170868e-03
8.193583786487579346e-02
-1.570668444037437439e-02
4.260717332363128662e-02
-9.631122648715972900e-02
3.665534406900405884e-02
1.162571385502815247e-01
-1.291329273954033852e-03
-5.059190467000007629e-02
-8.745601028203964233e-02
-7.293276488780975342e-02
-1.606536507606506348e-01
-6.302971392869949341e-02
7.096669077873229980e-02
3.423499315977096558e-02
8.000224828720092773e-02
4.744476079940795898e-02
4.362047836184501648e-02
1.075079664587974548e-03
-7.325440645217895508e-02
-3.147673606872558594e-02
-5.963975097984075546e-03
-3.855917975306510925e-02
-3.308053687214851379e-02
-2.184741012752056122e-02
3.118464350700378418e-02
8.776721544563770294e-03
-1.468651294708251953e-01
-3.938984498381614685e-02
1.516161952167749405e-03
1.234935596585273743e-01
