-4.595695808529853821e-02
-6.296893209218978882e-02
-1.411123275756835938e-01
7.030997658148407936e-04
4.024905338883399963e-02
-6.156432908028364182e-03
-8.629138022661209106e-02
2.608830109238624573e-02
-5.812563002109527588e-02
1.046704500913619995e-02
-5.465050041675567627e-02
5.159584805369377136e-03
-7.303346693515777588e-02
-1.293254345655441284e-01
3.527600318193435669e-02
6.571644544601440430e-02
-3.368392214179039001e-02
-9.145584702491760254e-02
-3.150099515914916992e-02
7.816955447196960449e-03
-1.028304249048233032e-01
9.041661024093627930e-02
-1.044213678687810898e-02
1.483506336808204651e-02
-2.593696117401123047e-01
1.619551926851272583e-01
7.648637145757675171e-02
-1.198367923498153687e-01
6.376485526561737061e-02
3.581833466887474060e-02
1.674813181161880493e-01
1.582884602248668671e-02
3.634228929877281189e-02
-1.291501894593238831e-02
-2.766843698918819427e-02
5.356148816645145416e-03
1.271397899836301804e-02
3.310896083712577820e-02
-1.123330369591712952e-02
6.747952848672866821e-02
-1.796560138463973999e-01
8.823708631098270416e-03
-1.105643138289451599e-01
1.535062342882156372e-01
-1.161196753382682800e-01
7.682298123836517334e-02
-3.759356914088129997e-03
-7.503002882003784180e-02
-4.463732615113258362e-02
-5.441116541624069214e-02
8.993154764175415039e-02
8.313645422458648682e-02
-1.859671249985694885e-02
9.483274817466735840e-02
7.438534498214721680e-02
4.845170304179191589e-02
1.254171133041381836e-01
5.224792659282684326e-02
8.219876885414123535e-02
-1.208191365003585815e-02
6.168951466679573059e-02
1.040994822978973389e-01
-5.567692220211029053e-02
4.755253717303276062e-02
3.655824437737464905e-02
8.935636281967163086e-02
3.718880191445350647e-02
4.076794534921646118e-02
1.796122789382934570e-01
3.652956103906035423e-03
6.010538339614868164e-02
-1.724293269217014313e-02
-1.530718058347702026e-01
2.968550473451614380e-02
1.128629446029663086e-01
-1.661436110734939575e-01
-3.114285506308078766e-02
-1.277535036206245422e-02
1.575703360140323639e-02
-4.839199408888816833e-02
6.072325631976127625e-02
-1.294822841882705688e-01
-1.514029502868652344e-01
-6.089186668395996094e-02
-8.381206425838172436e-04
1.913836449384689331e-01
-1.407549083232879639e-01
6.872575730085372925e-02
1.637889742851257324e-01
8.089666813611984253e-02
7.640406023710966110e-03
1.171444132924079895e-01
-2.267857268452644348e-02
-1.424811482429504395e-01
-9.721232927404344082e-04
-1.287634074687957764e-01
-4.017542302608489990e-02
-8.455300121568143368e-04
1.269203722476959229e-01
6.356471031904220581e-02
1.113113597966730595e-03
1.191231235861778259e-02
-9.962887316942214966e-02
6.954427063465118408e-02
-6.763102114200592041e-02
1.367473881691694260e-02
-2.470941282808780670e-03
-5.187778174877166748e-02
-2.702374756336212158e-01
5.197105556726455688e-02
7.694874703884124756e-02
8.705185353755950928e-02
1.692020595073699951e-01
-2.685182355344295502e-02
-1.071731671690940857e-01
-3.781740367412567139e-02
-5.330104753375053406e-02
2.119096927344799042e-03
-1.686626672744750977e-02
4.967851564288139343e-03
2.253984101116657257e-02
1.426541805267333984e-01
-1.321803182363510132e-01
1.473798006772994995e-01
-7.630774378776550293e-02
1.010496318340301514e-01
4.797983914613723755e-02
4.788016527891159058e-02
