-7.989673875272274017e-03
-6.489741057157516479e-02
3.765580011531710625e-03
1.095781326293945312e-01
-5.455406382679939270e-02
2.155269123613834381e-02
-8.925232291221618652e-02
-8.799247443675994873e-02
-2.173334956169128418e-01
-9.687750786542892456e-02
3.863984346389770508e-02
1.028523896820843220e-03
-9.664205461740493774e-02
-2.687945775687694550e-02
-1.287697441875934601e-02
8.564312011003494263e-03
-6.593651138246059418e-03
2.190889045596122742e-02
-7.986774668097496033e-03
-1.949838697910308838e-01
-8.259265124797821045e-02
1.577157229185104370e-01
-3.205711022019386292e-02
-1.169267371296882629e-01
-2.094066701829433441e-02
6.471483409404754639e-02
-5.296221375465393066e-02
-1.274042297154664993e-02
6.706012040376663208e-02
1.313870996236801147e-01
1.436311453580856323e-01
2.563300356268882751e-02
3.995834663510322571e-02
-1.522672362625598907e-02
-7.744321972131729126e-02
5.708624422550201416e-02
-4.043473675847053528e-02
-8.135437965393066406e-02
-3.594426065683364868e-02
2.626240849494934082e-01
-1.680167019367218018e-02
-1.150832921266555786e-01
1.919139176607131958e-02
2.674505114555358887e-02
-3.034013556316494942e-03
-1.820618286728858948e-02
5.092404410243034363e-02
-1.132930722087621689e-02
-5.701489374041557312e-02
1.667468100786209106e-01
1.487836390733718872e-01
-1.533473469316959381e-02
-1.027422398328781128e-01
-1.088480576872825623e-01
1.093984320759773254e-01
-1.357883098535239697e-03
3.965251147747039795e-02
1.339182555675506592e-01
2.647629193961620331e-02
2.181281708180904388e-02
-5.716214701533317566e-02
5.444930866360664368e-03
7.109601516276597977e-03
-5.091740563511848450e-02
2.909103035926818848e-02
1.532110292464494705e-02
-6.719616800546646118e-02
-4.586718603968620300e-02
1.129079088568687439e-01
1.228542178869247437e-01
4.928857088088989258e-02
3.989920020103454590e-02
-1.036394387483596802e-01
8.769962191581726074e-02
1.260339915752410889e-01
-7.802701741456985474e-02
-1.432420220226049423e-02
-2.882381342351436615e-02
8.752981573343276978e-02
-7.932888716459274292e-02
2.014108747243881226e-01
-1.957984119653701782e-01
-6.059204414486885071e-02
-1.175664737820625305e-01
5.706930533051490784e-02
5.982642993330955505e-02
-1.131816357374191284e-01
1.322321742773056030e-01
5.246401578187942505e-02
-1.052450165152549744e-01
-8.751253783702850342e-02
7.681626081466674805e-02
-9.407830238342285156e-02
-1.089442670345306396e-01
-3.380059078335762024e-02
-4.261726140975952148e-02
3.904870525002479553e-02
2.320660278201103210e-02
5.392939969897270203e-02
-1.007547527551651001e-01
-1.027122046798467636e-02
-1.234491392970085144e-01
-1.147009059786796570e-01
1.500646024942398071e-01
9.367398917675018311e-02
1.182859856635332108e-02
6.083907932043075562e-02
-1.448873579502105713e-01
-2.013057470321655273e-01
-1.136051341891288757e-01
5.850768182426691055e-03
6.679537892341613770e-02
1.234904490411281586e-02
-1.997700147330760956e-02
-1.129160672426223755e-01
3.753903880715370178e-02
-7.316787540912628174e-02
-1.458964049816131592e-01
-1.295017600059509277e-01
-1.402700878679752350e-02
-2.824920788407325745e-02
6.785646826028823853e-02
3.002525493502616882e-02
8.794524520635604858e-02
-1.266765445470809937e-01
-6.524311006069183350e-02
-7.297521084547042847e-02
5.985482037067413330e-02
