-5.931056290864944458e-02
-3.239969536662101746e-02
-1.735295504331588745e-01
9.482032060623168945e-02
1.292574033141136169e-02
5.809458717703819275e-02
-1.097802072763442993e-01
-6.062621250748634338e-02
-1.536591649055480957e-01
-3.662137687206268311e-02
-1.674182564020156860e-01
-1.549800112843513489e-02
-8.561869710683822632e-02
-1.184158995747566223e-01
-7.969283498823642731e-03
1.712914742529392242e-02
7.123169302940368652e-02
-8.044676482677459717e-02
2.025474421679973602e-02
-2.195886708796024323e-02
4.716480150818824768e-02
1.248197704553604126e-01
1.547455508261919022e-02
-9.301821887493133545e-02
-1.664834469556808472e-01
2.165863513946533203e-01
5.077872797846794128e-02
-9.595654159784317017e-02
8.890809840522706509e-04
-1.466195331886410713e-03
1.598283201456069946e-01
9.897989034652709961e-02
-2.272315090522170067e-03
-8.627773076295852661e-02
-1.950694918632507324e-01
-7.576979696750640869e-02
-6.682845205068588257e-02
6.851235032081604004e-02
-1.909407670609652996e-03
5.330418422818183899e-02
-1.598372310400009155e-01
-7.497771084308624268e-02
-5.339958146214485168e-02
1.355326175689697266e-01
-5.539215356111526489e-02
6.918699294328689575e-02
-4.671005532145500183e-02
6.546558439731597900e-02
2.343882434070110321e-02
-6.356287747621536255e-02
1.701745241880416870e-01
-6.303056608885526657e-03
-1.483864057809114456e-02
2.598595060408115387e-02
9.315861016511917114e-02
-4.189772065728902817e-03
5.938595905900001526e-02
-2.397046983242034912e-02
4.491822049021720886e-02
-3.341413289308547974e-02
5.907852947711944580e-02
1.579532772302627563e-01
-7.216870039701461792e-02
2.554632350802421570e-02
-6.019251793622970581e-02
-5.562667734920978546e-03
4.008820652961730957e-02
-2.395929768681526184e-02
2.048572003841400146e-01
5.131475627422332764e-02
4.476048797369003296e-02
3.416779264807701111e-02
-1.292655766010284424e-01
1.248624399304389954e-01
1.112870648503303528e-01
-1.256969273090362549e-01
-3.281341120600700378e-02
-1.257002502679824829e-01
-5.948885157704353333e-02
-1.882999092340469360e-01
8.695690333843231201e-02
-1.272553950548171997e-01
-1.200258955359458923e-01
-8.741028606891632080e-02
-1.408708840608596802e-02
1.179452389478683472e-01
-3.902698308229446411e-02
-1.527365762740373611e-02
1.140740141272544861e-01
8.510966598987579346e-02
-2.322591096162796021e-02
2.984961902257055044e-04
-5.626887828111648560e-02
-1.459754854440689087e-01
-2.934016846120357513e-02
1.467942725867033005e-03
3.399499505758285522e-02
-5.120326951146125793e-02
4.725512489676475525e-02
6.813831627368927002e-02
-4.007351398468017578e-02
8.697289973497390747e-02
-8.249903470277786255e-02
1.358529776334762573e-01
-2.835263311862945557e-02
2.367684058845043182e-02
-3.357094153761863708e-02
-5.791930854320526123e-02
-2.593671381473541260e-01
5.122837610542774200e-03
-2.183335088193416595e-02
9.404854848980903625e-03
1.733364611864089966e-01
2.936676889657974243e-02
-6.125183030962944031e-02
3.590877400711178780e-03
-7.066152244806289673e-02
-2.203229255974292755e-02
-3.594132885336875916e-02
1.317881941795349121e-01
1.182581260800361633e-01
6.797423213720321655e-02
-4.713642224669456482e-02
2.775955572724342346e-02
-5.424463376402854919e-02
-4.114414006471633911e-02
5.681847035884857178e-02
-4.156663641333580017e-02
