-5.276430770754814148e-02
-4.128967598080635071e-02
-2.298781275749206543e-02
1.796150803565979004e-01
2.745667286217212677e-02
1.709113270044326782e-01
-2.208806388080120087e-02
-1.427651643753051758e-01
-1.498345583677291870e-01
1.068316698074340820e-01
-1.999944448471069336e-02
-1.703234761953353882e-01
-1.135959997773170471e-01
2.046050503849983215e-02
-2.488419972360134125e-02
6.989403814077377319e-02
-6.657379120588302612e-02
2.804082352668046951e-03
1.214575022459030151e-01
-1.696710735559463501e-01
-8.533267304301261902e-03
9.876316785812377930e-02
9.804093092679977417e-02
-7.133860886096954346e-02
-1.329434663057327271e-01
3.131416440010070801e-02
-7.008029613643884659e-03
-1.448382157832384109e-02
8.009792864322662354e-02
6.047846376895904541e-02
1.398270130157470703e-01
-3.739270567893981934e-02
-2.518290281295776367e-02
-1.476802211254835129e-02
-7.717475295066833496e-03
3.355725482106208801e-02
-6.752844154834747314e-02
1.912999153137207031e-02
-1.186812445521354675e-01
1.422931998968124390e-01
4.031611979007720947e-02
-4.486250132322311401e-02
1.959007233381271362e-02
6.317313760519027710e-02
1.195857897400856018e-01
-9.272734820842742920e-02
-3.060528263449668884e-02
-1.531099677085876465e-01
3.113501705229282379e-03
4.851849749684333801e-02
1.322891265153884888e-01
-9.113368391990661621e-02
-8.741970360279083252e-02
5.508093908429145813e-02
1.107787787914276123e-01
1.272803843021392822e-01
8.588123321533203125e-02
1.175011694431304932e-01
4.558191075921058655e-02
-1.766394823789596558e-02
3.104799613356590271e-02
1.409749835729598999e-01
7.696507126092910767e-02
-3.061989322304725647e-02
-8.464331179857254028e-02
7.495132833719253540e-02
1.050655320286750793e-01
2.099448442459106445e-02
2.138639241456985474e-02
3.958624601364135742e-02
2.374654561281204224e-01
9.526447393000125885e-03
-1.224251314997673035e-01
4.016624391078948975e-02
8.729423396289348602e-03
-1.379346288740634918e-02
3.074843250215053558e-02
-4.037003964185714722e-02
2.253913134336471558e-02
-4.689200595021247864e-02
9.426646679639816284e-02
-2.293269336223602295e-01
2.538987062871456146e-02
-4.332881048321723938e-02
3.310291469097137451e-02
-5.518017336726188660e-02
1.641399227082729340e-03
2.045511646429076791e-04
9.118212014436721802e-02
7.806239277124404907e-02
-1.940678209066390991e-01
9.719691425561904907e-02
-1.171227265149354935e-02
-1.284146606922149658e-01
-6.011052429676055908e-02
-1.684109121561050415e-01
1.966931857168674469e-03
1.071927919983863831e-01
1.234939843416213989e-01
-1.529536955058574677e-02
4.699328914284706116e-02
5.726686678826808929e-03
-4.865111410617828369e-02
1.405487954616546631e-01
1.709815561771392822e-01
3.225557133555412292e-02
6.112262979149818420e-02
-1.885146275162696838e-02
-9.016828984022140503e-02
8.543101698160171509e-02
-6.657943874597549438e-02
-2.332154102623462677e-02
8.738129585981369019e-02
-2.265949361026287079e-02
-4.197994992136955261e-02
-3.601463104132562876e-04
-1.009939536452293396e-01
-1.202464252710342407e-01
-8.819551765918731689e-02
-3.623501211404800415e-02
1.639927364885807037e-02
-2.809396944940090179e-02
-5.020039528608322144e-02
3.603374958038330078e-02
-1.576695740222930908e-01
-2.543207630515098572e-02
-1.659796684980392456e-01
-3.575152903795242310e-02
