-1.120347529649734497e-01
8.359508961439132690e-02
2.982736751437187195e-02
1.040879860520362854e-01
-7.622946798801422119e-02
3.032955899834632874e-02
4.937899112701416016e-02
-1.236704066395759583e-01
-1.651772707700729370e-01
4.256669804453849792e-02
-1.294310986995697021e-01
-1.032215505838394165e-01
6.719712913036346436e-02
-2.600171975791454315e-02
6.504666060209274292e-02
-9.350633621215820312e-02
-1.293229404836893082e-02
4.561098292469978333e-02
2.364746667444705963e-02
-1.130698919296264648e-01
-4.199976474046707153e-02
1.229820549488067627e-01
-9.490463137626647949e-02
-5.856272764503955841e-03
-1.044974895194172859e-03
5.388478189706802368e-02
-1.065766513347625732e-01
7.517551630735397339e-02
-9.295438975095748901e-02
1.239430457353591919e-01
7.552467286586761475e-02
7.027066498994827271e-02
1.199840083718299866e-01
-8.038940280675888062e-02
-4.060367494821548462e-02
1.133801043033599854e-01
-2.023358047008514404e-01
4.584931954741477966e-02
-1.285874564200639725e-02
1.253410875797271729e-01
-4.059439897537231445e-02
-9.545449912548065186e-02
1.787819899618625641e-02
3.359944373369216919e-02
-1.942992024123668671e-02
5.457338690757751465e-02
-1.509277801960706711e-02
-3.481328487396240234e-02
2.027755975723266602e-01
1.213291063904762268e-01
1.093763932585716248e-01
-1.998064853250980377e-02
-8.886956423521041870e-02
-1.126170828938484192e-01
4.217087104916572571e-02
6.706225872039794922e-02
-2.089226618409156799e-02
8.425471186637878418e-02
9.802804887294769287e-02
8.269381523132324219e-02
-6.095983833074569702e-02
1.191756501793861389e-01
-9.150009602308273315e-03
2.819895930588245392e-02
5.146242212504148483e-03
5.003215279430150986e-03
-1.072484180331230164e-01
-3.668796503916382790e-03
6.444193422794342041e-02
1.636508405208587646e-01
1.010247617959976196e-01
9.972783923149108887e-02
-3.011872433125972748e-02
5.345891043543815613e-02
4.026023298501968384e-02
-1.570428907871246338e-02
6.838174909353256226e-02
-3.252854943275451660e-02
-1.305229365825653076e-01
-1.318871974945068359e-01
1.833823621273040771e-01
-1.110021919012069702e-01
-9.505501389503479004e-02
-1.209094822406768799e-01
1.174369305372238159e-01
1.005466561764478683e-02
-1.041010916233062744e-01
2.373780496418476105e-02
1.000095903873443604e-01
5.949243903160095215e-02
-2.113302052021026611e-01
1.212375760078430176e-01
-1.239544805139303207e-02
-7.783115655183792114e-02
-1.068774685263633728e-01
-5.745749920606613159e-02
6.172690913081169128e-02
9.985548257827758789e-02
1.320586353540420532e-01
-1.050366275012493134e-02
-3.234724327921867371e-02
8.730719983577728271e-02
-5.162710323929786682e-02
1.661616712808609009e-01
-3.884058678522706032e-03
-2.975085563957691193e-02
1.033879001624882221e-03
-4.481790587306022644e-02
-5.708567425608634949e-02
-1.713643968105316162e-01
8.777676150202751160e-03
-1.344682425260543823e-01
8.156041800975799561e-02
3.917238861322402954e-02
-2.798684686422348022e-02
-1.218794807791709900e-01
-4.733382537961006165e-02
-1.631510443985462189e-02
-9.418088197708129883e-02
-1.464094370603561401e-01
-6.765395402908325195e-02
1.945722848176956177e-02
1.279647499322891235e-01
-4.646546021103858948e-02
-1.644258759915828705e-02
1.209140643477439880e-01
-8.343666046857833862e-02
-3.564617782831192017e-02
