-8.687977492809295654e-02
8.771760761737823486e-02
-1.549978740513324738e-02
8.530909568071365356e-02
-9.816475957632064819e-02
6.231439113616943359e-02
-3.412555158138275146e-02
-6.770046055316925049e-02
-2.399222552776336670e-01
3.953145071864128113e-02
-4.008914157748222351e-02
-7.865330576896667480e-02
-5.269876122474670410e-02
-1.381212323904037476e-01
1.543695852160453796e-02
-1.720605418086051941e-02
2.497604489326477051e-02
-3.278508782386779785e-02
-2.957728318870067596e-02
2.742153778672218323e-02
-1.282818317413330078e-01
1.588479131460189819e-01
6.318063288927078247e-02
5.667489022016525269e-02
-1.473503708839416504e-01
1.330426335334777832e-01
-5.922479555010795593e-02
8.026491105556488037e-02
1.187228858470916748e-01
-7.745096832513809204e-02
8.988243341445922852e-02
3.709384799003601074e-02
6.329779326915740967e-02
1.984560489654541016e-02
-3.234604746103286743e-02
8.812527358531951904e-02
-1.232667490839958191e-01
-3.760305419564247131e-02
-1.011215448379516602e-01
1.835160255432128906e-01
-1.919092796742916107e-02
1.540373731404542923e-02
-7.724124193191528320e-02
8.076676726341247559e-02
1.837307028472423553e-02
-1.320717507041990757e-03
6.127779930830001831e-02
-1.290480047464370728e-01
1.345727294683456421e-01
1.073171719908714294e-01
1.550014615058898926e-01
-1.801718398928642273e-02
-9.601838886737823486e-02
-8.434919267892837524e-02
9.313754737377166748e-02
8.541283011436462402e-02
-8.067755028605461121e-03
3.326542302966117859e-02
-5.516681447625160217e-02
-6.000680103898048401e-02
3.558849915862083435e-02
3.304416686296463013e-02
-5.174162611365318298e-02
5.597684159874916077e-02
-9.149616211652755737e-02
7.555697113275527954e-02
-6.649910658597946167e-02
1.380805075168609619e-01
1.837387494742870331e-02
1.997661031782627106e-02
1.725560575723648071e-01
4.758811369538307190e-02
-4.160015657544136047e-02
3.580091521143913269e-02
7.758026570081710815e-02
-8.447694033384323120e-02
7.106575649231672287e-03
6.633983552455902100e-02
8.940966799855232239e-03
-1.170128881931304932e-01
2.261594682931900024e-01
-1.465266495943069458e-01
-1.021046862006187439e-01
-1.774935275316238403e-01
1.635562628507614136e-01
5.031806230545043945e-02
6.467648595571517944e-02
-4.120049253106117249e-02
7.017832994461059570e-02
1.291036158800125122e-01
-1.520845443010330200e-01
9.603369981050491333e-02
2.341866120696067810e-02
-1.300454884767532349e-01
-4.528309777379035950e-02
-9.628882259130477905e-02
-4.654133319854736328e-02
6.508402526378631592e-02
6.755901128053665161e-02
-2.522584050893783569e-02
-6.871521472930908203e-03
-1.367329508066177368e-01
-2.638007141649723053e-02
1.439168453216552734e-01
-2.745011821389198303e-02
3.637722926214337349e-03
9.556266665458679199e-02
-1.184347129310481250e-04
-2.354968041181564331e-01
7.622303441166877747e-03
4.326806217432022095e-02
-7.250910252332687378e-02
7.109795510768890381e-02
-5.853045359253883362e-02
-7.142344489693641663e-03
-2.960448153316974640e-02
-4.283659532666206360e-02
3.184559196233749390e-02
8.835174888372421265e-02
-4.910641536116600037e-02
3.208674490451812744e-02
-3.106075339019298553e-02
-5.066842213273048401e-02
2.603672444820404053e-02
-1.460783034563064575e-01
1.218388974666595459e-01
-4.674943536520004272e-02
-1.202915795147418976e-02
