7.972035557031631470e-02
-8.963264524936676025e-02
-1.298060119152069092e-01
7.145535200834274292e-02
1.024647243320941925e-02
3.175892680883407593e-02
-7.498376816511154175e-02
-1.243009194731712341e-01
3.119777189567685127e-03
1.342966407537460327e-01
1.039798930287361145e-02
-1.108087897300720215e-01
-8.773864805698394775e-02
-6.401602923870086670e-02
-3.141858801245689392e-02
3.188288584351539612e-02
7.481163367629051208e-03
-1.258588582277297974e-02
1.986087560653686523e-01
-1.312074512243270874e-01
-1.069487780332565308e-01
9.099236130714416504e-02
-4.667712375521659851e-02
-1.030831038951873779e-01
-3.133035078644752502e-02
1.145713627338409424e-01
1.818369142711162567e-02
-5.442631989717483521e-02
2.145784161984920502e-02
-2.486676443368196487e-03
5.590051785111427307e-02
-1.597436144948005676e-02
-5.247401446104049683e-02
-3.651687502861022949e-02
-2.664327248930931091e-02
-4.447150602936744690e-02
-8.989129215478897095e-02
8.444581180810928345e-02
-6.989433895796537399e-03
1.765125542879104614e-01
-8.579380065202713013e-02
-6.698512285947799683e-02
1.290481984615325928e-01
6.558809429407119751e-02
-5.592374596744775772e-03
-7.874066010117530823e-03
2.990926615893840790e-02
-7.892123609781265259e-02
1.341566070914268494e-02
-4.646490514278411865e-02
5.014459788799285889e-02
-1.056346073746681213e-01
-5.608227476477622986e-02
3.457352519035339355e-02
2.212035506963729858e-01
8.961576223373413086e-02
1.067526116967201233e-01
3.835244849324226379e-02
1.273173987865447998e-01
-7.879029214382171631e-02
-4.712949320673942566e-02
7.023568451404571533e-02
5.891636013984680176e-02
-9.370616823434829712e-02
1.012636795639991760e-01
5.772551149129867554e-02
1.001185178756713867e-02
-3.043122589588165283e-03
1.648944914340972900e-01
5.159072205424308777e-02
5.984072014689445496e-02
-1.698476634919643402e-02
-1.698027253150939941e-01
-7.681974023580551147e-02
1.410500705242156982e-01
-1.030075624585151672e-01
3.903758153319358826e-02
-1.090341340750455856e-02
4.110383614897727966e-02
-2.929141931235790253e-02
1.503897607326507568e-01
-2.202850878238677979e-01
6.303814798593521118e-02
-9.178599715232849121e-02
5.248181521892547607e-02
8.885479718446731567e-02
-7.236449420452117920e-02
-3.721653670072555542e-02
1.352834999561309814e-01
-4.173402208834886551e-03
-5.479750037193298340e-02
1.389308124780654907e-01
-1.552239176817238331e-03
-2.392086684703826904e-01
-9.373900294303894043e-02
-6.003909744322299957e-03
-3.130213543772697449e-02
-1.155426632612943649e-02
6.636332720518112183e-02
-5.029545724391937256e-02
-4.689822345972061157e-02
-5.632901564240455627e-02
-3.447914496064186096e-02
1.378115564584732056e-01
8.962392061948776245e-02
1.125775948166847229e-01
-3.161967545747756958e-02
-3.679342195391654968e-02
-1.330509781837463379e-01
3.412802144885063171e-02
2.323359251022338867e-02
-1.286153215914964676e-02
1.083869040012359619e-01
1.201015114784240723e-01
-1.957562863826751709e-01
-9.728563949465751648e-03
-1.887538121081888676e-03
4.293205589056015015e-02
4.961136355996131897e-02
-4.623972252011299133e-02
-2.027316205203533173e-02
-3.645385429263114929e-02
-9.392657130956649780e-02
1.424786895513534546e-01
-1.797451674938201904e-01
3.737809136509895325e-02
-1.195172294974327087e-01
1.045316383242607117e-01
