-4.827794805169105530e-02
-1.411898136138916016e-01
-2.118862420320510864e-02
3.258368000388145447e-02
-8.608444780111312866e-02
-2.873776666820049286e-02
1.483720261603593826e-02
1.434285286813974380e-02
-1.288991868495941162e-01
5.848432891070842743e-03
5.096860602498054504e-02
-2.565900236368179321e-02
-1.045177131891250610e-01
-5.302174016833305359e-02
1.126840189099311829e-01
4.345519468188285828e-02
-4.949507303535938263e-03
2.145173493772745132e-03
9.640049189329147339e-02
-1.300257891416549683e-01
-1.440796554088592529e-01
6.763208657503128052e-02
1.248824596405029297e-02
1.902359165251255035e-02
-5.564094334840774536e-02
9.552102535963058472e-02
4.124195128679275513e-02
-5.184870585799217224e-02
1.502410415560007095e-02
5.518606305122375488e-02
1.683136969804763794e-01
3.682403638958930969e-02
9.637030214071273804e-02
-9.369487315416336060e-02
2.582764998078346252e-02
-7.941437885165214539e-03
5.183313041925430298e-02
-5.494412966072559357e-03
-4.474853351712226868e-02
1.016663536429405212e-01
-9.227776527404785156e-02
-1.137402206659317017e-01
5.730373784899711609e-03
1.649983674287796021e-01
-1.246713325381278992e-01
1.070992276072502136e-02
-6.532505154609680176e-02
2.400494925677776337e-02
-2.135663526132702827e-03
-6.893752142786979675e-04
1.972889602184295654e-01
4.179014265537261963e-02
7.124032825231552124e-03
-1.031014323234558105e-01
1.458768844604492188e-01
-1.529763080179691315e-02
1.751841455698013306e-01
1.201797798275947571e-01
8.758495002985000610e-02
1.012982279062271118e-01
-1.226881593465805054e-01
5.974088609218597412e-02
-1.038316413760185242e-01
4.814329743385314941e-02
5.583424866199493408e-02
3.475704416632652283e-02
1.636672765016555786e-02
-6.904310733079910278e-02
1.233663633465766907e-01
4.302426800131797791e-02
1.509484797716140747e-01
-2.213706262409687042e-02
-8.435057103633880615e-02
6.686598807573318481e-02
2.303832918405532837e-01
-1.595022380352020264e-01
-1.486826390027999878e-01
7.830168120563030243e-03
-6.767845153808593750e-02
-7.003040611743927002e-02
6.274743378162384033e-02
-8.762937784194946289e-02
-1.385899335145950317e-01
-1.149895936250686646e-01
1.970022358000278473e-02
5.704366415739059448e-02
-1.317954063415527344e-01
-7.733561843633651733e-02
9.015401825308799744e-03
-1.675939187407493591e-02
-4.726139456033706665e-02
1.222982257604598999e-01
-1.757131218910217285e-01
-5.916577205061912537e-02
-9.747099131345748901e-02
-1.939106546342372894e-02
8.229248970746994019e-02
-2.606586553156375885e-03
3.190472349524497986e-02
-2.772052399814128876e-02
9.022164344787597656e-02
-1.315671950578689575e-02
-2.793233469128608704e-02
3.667416423559188843e-02
1.328853964805603027e-01
7.729759439826011658e-03
-4.068604856729507446e-02
-1.316301375627517700e-01
-2.578858435153961182e-01
-1.107008755207061768e-01
1.403439491987228394e-01
2.990029007196426392e-02
7.746189087629318237e-02
9.542664140462875366e-02
-2.891988866031169891e-02
3.424854949116706848e-02
-8.910930156707763672e-02
-1.565521508455276489e-01
-7.331611216068267822e-02
5.888760834932327271e-02
4.013814032077789307e-02
4.091961681842803955e-02
-6.174416281282901764e-03
1.430733874440193176e-02
-1.220214888453483582e-01
2.970385178923606873e-02
-9.321667253971099854e-02
3.487133234739303589e-02
