-1.292377561330795288e-01
-5.809660255908966064e-02
-3.267022594809532166e-02
1.011011078953742981e-01
2.396016009151935577e-02
8.446402847766876221e-02
4.265641421079635620e-02
-1.184756159782409668e-01
-8.820293843746185303e-02
8.137727156281471252e-03
1.001794114708900452e-01
-1.321265548467636108e-01
-1.192350536584854126e-01
2.539119124412536621e-02
8.239684998989105225e-02
-7.907378673553466797e-02
-4.821754992008209229e-02
5.816650390625000000e-02
8.918795734643936157e-02
-4.951129481196403503e-02
-1.482970118522644043e-01
1.367259174585342407e-01
2.462859265506267548e-02
-5.596706271171569824e-02
-7.092522457242012024e-03
7.086170837283134460e-03
3.106124000623822212e-03
1.238682400435209274e-02
6.916678976267576218e-03
1.473904103040695190e-01
1.866772919893264771e-01
6.472495198249816895e-02
8.651452511548995972e-02
-2.047811262309551239e-02
-9.546761959791183472e-02
5.786073207855224609e-02
-1.530359387397766113e-01
8.366142213344573975e-02
-1.005028486251831055e-01
8.685899525880813599e-02
-1.390967965126037598e-01
-1.312167346477508545e-01
3.071021288633346558e-02
5.887525528669357300e-02
-5.534328520298004150e-03
-3.528327494859695435e-02
-1.146844401955604553e-01
-5.430818069726228714e-03
8.471223711967468262e-02
3.721760958433151245e-02
5.991461873054504395e-02
-6.981211155652999878e-02
2.848984114825725555e-02
-5.970876663923263550e-02
3.595519438385963440e-02
6.396932154893875122e-02
1.160795912146568298e-01
1.552897244691848755e-01
8.394393324851989746e-02
1.017404496669769287e-01
-1.055827662348747253e-01
2.321445494890213013e-01
-3.179569495841860771e-03
6.990981847047805786e-02
8.699658513069152832e-02
1.456090509891510010e-01
-6.752345710992813110e-02
-8.093535900115966797e-02
1.278956383466720581e-01
1.153433844447135925e-01
7.602077722549438477e-02
7.038810104131698608e-02
-4.227390885353088379e-02
9.945430606603622437e-02
-4.666973545681685209e-04
-3.442258015275001526e-02
1.086092889308929443e-01
2.888781484216451645e-03
6.762763950973749161e-03
-1.897101253271102905e-01
1.479018032550811768e-01
-8.852931112051010132e-02
-1.093213483691215515e-01
-4.045648872852325439e-02
7.011426240205764771e-02
-7.266113162040710449e-02
-4.972404614090919495e-02
-4.406966269016265869e-02
1.167769581079483032e-01
3.572020679712295532e-02
-1.651585251092910767e-01
1.635380685329437256e-01
-1.300346404314041138e-01
-1.195045467466115952e-02
-1.133204773068428040e-01
-1.757692545652389526e-01
-4.454399272799491882e-02
1.139448061585426331e-01
6.364458799362182617e-02
1.285568904131650925e-02
6.935509294271469116e-02
1.197361620143055916e-03
-1.023138239979743958e-01
-6.085677538067102432e-03
2.035058289766311646e-02
-1.227048411965370178e-02
-4.694574326276779175e-02
-6.380956619977951050e-02
-8.077041804790496826e-02
-1.155893132090568542e-01
-3.523392230272293091e-02
-9.999914467334747314e-02
1.553808711469173431e-02
-2.273288182914257050e-02
-6.905808113515377045e-03
-1.063855215907096863e-01
-4.590804874897003174e-02
-1.328619718551635742e-01
-9.334710240364074707e-02
1.437747664749622345e-02
1.077544130384922028e-02
1.472740024328231812e-01
2.063469588756561279e-02
-4.791191592812538147e-02
-4.584996029734611511e-02
4.513622075319290161e-02
-1.115614697337150574e-01
-4.057213664054870605e-02
