-6.406576931476593018e-02
-6.091825198382139206e-03
-1.284500658512115479e-01
2.283205986022949219e-01
1.564579457044601440e-02
1.862709075212478638e-01
-2.378560975193977356e-02
-1.276227831840515137e-01
-2.041133791208267212e-01
1.076290458440780640e-01
-2.714825049042701721e-02
-1.187446191906929016e-01
-6.664428859949111938e-02
-1.126108095049858093e-01
-2.272885851562023163e-02
4.530698806047439575e-02
-8.846570551395416260e-02
-7.479745149612426758e-02
8.692048490047454834e-02
5.365265533328056335e-02
-3.533425182104110718e-02
1.672097742557525635e-01
3.695705905556678772e-02
-2.762118540704250336e-02
-1.255992203950881958e-01
2.168289758265018463e-02
2.909933403134346008e-02
-4.946833476424217224e-02
-4.212722182273864746e-02
1.102475747466087341e-01
9.361430257558822632e-02
-2.590887993574142456e-02
-6.131857633590698242e-02
2.222612500190734863e-02
-4.900190979242324829e-02
1.531058102846145630e-01
-2.493593655526638031e-02
9.628404676914215088e-02
-1.911899596452713013e-01
3.763928264379501343e-02
3.852444002404808998e-03
1.790065318346023560e-02
-2.434037625789642334e-02
5.138611048460006714e-02
-3.871930018067359924e-02
-8.863862603902816772e-02
1.966761425137519836e-02
-1.048758402466773987e-01
-1.415022648870944977e-02
9.057834744453430176e-02
8.947876095771789551e-02
-1.014490984380245209e-02
-1.866946555674076080e-02
-4.092847928404808044e-02
2.039301954209804535e-02
2.069548666477203369e-01
8.234730362892150879e-02
1.213984489440917969e-01
-6.371964514255523682e-02
-2.854006364941596985e-02
-1.160873472690582275e-02
1.340295523405075073e-01
-9.720157086849212646e-02
-4.723194055259227753e-03
-4.556313902139663696e-02
1.177764013409614563e-01
3.479336202144622803e-02
1.192652508616447449e-01
2.655166899785399437e-04
1.896644756197929382e-02
2.110758870840072632e-01
4.278331622481346130e-02
-1.128795444965362549e-01
-2.837770618498325348e-02
3.887077048420906067e-02
-3.535224497318267822e-02
-4.526173695921897888e-03
-1.069483384490013123e-01
7.627098262310028076e-02
-4.693987220525741577e-02
6.373554468154907227e-02
-2.360284626483917236e-01
-1.187195181846618652e-01
-4.759863391518592834e-02
7.870873063802719116e-02
-7.989578694105148315e-02
5.354043096303939819e-02
-6.368619948625564575e-02
1.282057464122772217e-01
1.447958350181579590e-01
-8.000141382217407227e-02
7.764784991741180420e-02
-1.165740657597780228e-02
-1.146393790841102600e-01
-2.780894376337528229e-02
-1.053859964013099670e-01
1.702542230486869812e-02
6.490325182676315308e-02
1.051039621233940125e-01
1.232614889740943909e-01
6.383819878101348877e-02
7.569241523742675781e-02
-2.099766582250595093e-02
7.419990748167037964e-02
2.177190035581588745e-03
1.186248287558555603e-01
-4.896501824259757996e-02
1.631469465792179108e-03
-1.335944235324859619e-01
5.451650917530059814e-02
-4.920772835612297058e-02
-3.829532489180564880e-02
7.503252476453781128e-02
-9.690610319375991821e-02
-5.777301266789436340e-02
3.009602986276149750e-02
-1.532811224460601807e-01
-8.079448714852333069e-03
-2.019094116985797882e-02
-9.819132834672927856e-02
1.040710881352424622e-02
6.398525089025497437e-02
-3.147288039326667786e-02
1.918968185782432556e-02
-1.995900124311447144e-01
4.925332614220678806e-04
-2.123552188277244568e-02
2.477505430579185486e-02
