-1.727813184261322021e-01
8.278584107756614685e-03
-4.069438576698303223e-02
5.282230302691459656e-02
8.984488248825073242e-02
1.041466295719146729e-01
-3.213750571012496948e-02
-1.322385966777801514e-01
-1.972974985837936401e-01
8.894419297575950623e-03
-1.070548295974731445e-01
-1.688763052225112915e-01
-7.881736755371093750e-02
7.453976571559906006e-02
9.419754147529602051e-03
-8.263977617025375366e-02
-5.340734496712684631e-02
4.324959963560104370e-02
-1.176628749817609787e-02
-5.474104732275009155e-02
-6.768577545881271362e-02
1.325557231903076172e-01
7.193603366613388062e-02
-1.312108635902404785e-01
-7.635723054409027100e-02
2.037563920021057129e-02
-1.095691919326782227e-01
5.470997095108032227e-02
1.096307113766670227e-02
7.747606933116912842e-02
9.962873905897140503e-02
3.311641886830329895e-02
6.634866446256637573e-02
5.719458684325218201e-02
-1.213440075516700745e-01
1.160245835781097412e-01
-1.574999541044235229e-01
-3.438100963830947876e-02
-9.130089730024337769e-02
5.922889336943626404e-02
1.082135643810033798e-02
-1.568782776594161987e-01
8.643310517072677612e-03
6.948718428611755371e-02
8.925705403089523315e-02
6.087869405746459961e-04
6.587806344032287598e-02
-8.552977442741394043e-02
5.906953290104866028e-02
1.312983036041259766e-01
9.531353414058685303e-02
2.153864875435829163e-02
-4.174598306417465210e-02
3.571397811174392700e-02
1.768128015100955963e-02
9.491256624460220337e-02
4.028467088937759399e-02
1.395646631717681885e-01
4.035879299044609070e-02
-7.327232975512742996e-03
7.262674719095230103e-02
1.452759057283401489e-01
1.385895907878875732e-02
1.845842599868774414e-02
-8.812601864337921143e-02
1.187930405139923096e-01
-4.384887591004371643e-02
2.572598680853843689e-02
7.500480860471725464e-03
1.305176913738250732e-01
1.506824791431427002e-01
3.867471218109130859e-02
-3.787888213992118835e-03
1.230734884738922119e-01
4.886229336261749268e-02
3.065717779099941254e-02
5.118414759635925293e-02
-1.021156832575798035e-01
6.648725271224975586e-02
-9.457308053970336914e-02
1.315620243549346924e-01
-1.669960469007492065e-01
-1.067738011479377747e-01
-1.116444617509841919e-01
1.267460137605667114e-01
-6.694141775369644165e-02
-5.610782280564308167e-02
5.945276468992233276e-02
2.055291235446929932e-01
1.852083057165145874e-01
-1.570911407470703125e-01
8.996932953596115112e-02
-7.661104202270507812e-03
-8.169178664684295654e-02
-3.570171818137168884e-02
-8.741164952516555786e-02
-2.979392185807228088e-03
8.234277367591857910e-02
1.207237541675567627e-01
3.161451593041419983e-02
-1.399238780140876770e-02
6.170300021767616272e-02
-1.449237018823623657e-01
1.278725564479827881e-01
1.676569133996963501e-02
-5.277310311794281006e-02
-1.275145635008811951e-02
-9.836555458605289459e-03
2.010644413530826569e-02
-3.714990615844726562e-02
-5.978769809007644653e-02
-4.000161960721015930e-02
2.448017150163650513e-02
-3.740289434790611267e-02
6.490721832960844040e-03
-9.459365159273147583e-02
-1.039929389953613281e-01
-1.299337148666381836e-01
-1.275068074464797974e-01
-3.704050555825233459e-02
-2.265326492488384247e-02
1.347137987613677979e-01
1.167168691754341125e-01
-1.538393646478652954e-01
-7.267443835735321045e-02
1.831198111176490784e-02
-2.356937900185585022e-02
-1.099196542054414749e-02
