-1.310969050973653793e-02
1.305337157100439072e-02
-5.501084402203559875e-02
7.336342334747314453e-02
-2.390208542346954346e-01
-2.710562758147716522e-02
-5.528021976351737976e-02
-1.215381696820259094e-01
-2.545862793922424316e-01
-2.091829106211662292e-02
1.001539174467325211e-02
-5.769840627908706665e-02
3.248964995145797729e-02
-1.633906662464141846e-01
8.784493431448936462e-03
6.727590411901473999e-02
4.800433292984962463e-02
-6.534631550312042236e-02
6.875637173652648926e-02
-1.366881877183914185e-01
7.116675376892089844e-02
9.899765998125076294e-02
7.852708548307418823e-02
1.502770278602838516e-02
-5.538094043731689453e-02
1.573123931884765625e-01
1.672092825174331665e-02
-8.134733885526657104e-03
-3.061560913920402527e-02
-8.214805275201797485e-02
1.918188780546188354e-01
-5.312830675393342972e-03
2.075546607375144958e-02
-1.183977797627449036e-01
-4.053770005702972412e-02
4.878237470984458923e-02
-6.736106425523757935e-02
2.630035579204559326e-02
2.897225553169846535e-03
1.210797950625419617e-01
-2.465400472283363342e-02
7.811799645423889160e-02
-1.008712053298950195e-01
1.325846612453460693e-01
1.991575211286544800e-02
5.907477810978889465e-02
7.354293763637542725e-02
5.498963966965675354e-02
5.811210721731185913e-02
9.054384380578994751e-02
2.192482501268386841e-01
6.353295594453811646e-02
-1.070281788706779480e-01
-5.125066637992858887e-02
4.072451498359441757e-03
-9.540048427879810333e-03
-1.100489199161529541e-01
4.518527130130678415e-04
2.092706970870494843e-02
1.330171823501586914e-01
3.983643651008605957e-02
5.031081661581993103e-02
-8.098812401294708252e-02
3.195961937308311462e-02
-1.242464333772659302e-01
-1.450635045766830444e-01
7.914441078901290894e-02
1.194954616948962212e-03
1.232878342270851135e-01
1.341108791530132294e-02
8.122152835130691528e-02
7.195198535919189453e-02
-9.780497848987579346e-02
5.368379876017570496e-02
8.517803251743316650e-02
-1.539855897426605225e-01
-3.633974120020866394e-02
-5.445222556591033936e-02
-8.375710248947143555e-02
1.705071888864040375e-02
6.522471457719802856e-02
-1.314454376697540283e-01
-2.169379964470863342e-02
-3.398334607481956482e-02
6.716311722993850708e-02
2.435621432960033417e-02
-2.901715785264968872e-02
5.655523017048835754e-02
-1.542876241728663445e-03
-6.592002511024475098e-02
-7.354741543531417847e-02
7.599139958620071411e-02
-8.299558423459529877e-03
-1.103412061929702759e-01
-1.080526486039161682e-01
-7.580828666687011719e-02
1.672556251287460327e-01
-6.696286611258983612e-03
-2.042932994663715363e-02
-3.813494369387626648e-02
1.241355761885643005e-01
2.506370656192302704e-03
4.986585676670074463e-02
1.953592002391815186e-01
1.234596073627471924e-01
-3.588067367672920227e-02
7.559280842542648315e-02
-7.340122945606708527e-03
-2.071551233530044556e-01
-5.089903995394706726e-02
5.655064433813095093e-02
6.128485873341560364e-02
1.919829845428466797e-01
-2.836944349110126495e-02
-5.223442614078521729e-02
2.927451021969318390e-02
-1.694840341806411743e-01
3.203698247671127319e-02
1.343784332275390625e-01
-1.394542516209185123e-03
-2.105767838656902313e-02
-1.136701330542564392e-01
-8.081789314746856689e-02
6.436210125684738159e-02
-1.595277711749076843e-02
-8.296592161059379578e-03
-7.360830903053283691e-02
6.070417165756225586e-02
