-1.140946298837661743e-01
-4.923870787024497986e-02
-1.706156879663467407e-01
1.557137221097946167e-01
4.367657005786895752e-02
8.311832696199417114e-02
-1.639274656772613525e-01
-1.704461313784122467e-02
-1.213877126574516296e-01
-7.256156951189041138e-02
-6.673088669776916504e-02
-2.574721165001392365e-02
-9.359547495841979980e-02
-1.362041532993316650e-01
-7.491308450698852539e-02
1.819591969251632690e-02
-1.041209697723388672e-02
-1.075228527188301086e-01
1.539476402103900909e-02
4.123314842581748962e-02
-2.272491838084533811e-04
1.610908806324005127e-01
-5.473962798714637756e-02
-1.147036403417587280e-01
-1.505541205406188965e-01
1.347108781337738037e-01
8.486840128898620605e-02
-1.346599012613296509e-01
-5.449734628200531006e-02
-1.904047653079032898e-02
7.256546616554260254e-02
8.309285342693328857e-02
-5.424832552671432495e-02
-1.167881935834884644e-01
-1.648187786340713501e-01
-1.192286424338817596e-02
-6.817534565925598145e-02
1.265842765569686890e-01
-3.403378278017044067e-02
-6.246259901672601700e-03
-8.942276239395141602e-02
-8.214931190013885498e-02
2.761103678494691849e-03
1.348657459020614624e-01
-5.824853852391242981e-02
-3.893226385116577148e-02
-1.281065028160810471e-02
-5.869824904948472977e-03
-1.888810656964778900e-02
-3.017376549541950226e-02
1.627773642539978027e-01
6.632363796234130859e-02
3.236524388194084167e-02
3.757603093981742859e-02
1.510799955576658249e-02
7.230024039745330811e-02
7.766203582286834717e-02
-1.172047853469848633e-02
8.960935473442077637e-02
4.262839257717132568e-02
3.466990590095520020e-02
1.154605448246002197e-01
-5.148267745971679688e-02
-1.320047024637460709e-02
-1.154377609491348267e-01
-1.161923538893461227e-02
5.279212072491645813e-02
1.422655135393142700e-01
2.322416305541992188e-01
1.116207521408796310e-02
3.856825456023216248e-02
1.441992935724556446e-03
-1.525054126977920532e-01
1.534418165683746338e-01
7.306576520204544067e-02
-9.634894132614135742e-02
-1.054615154862403870e-02
-1.345130801200866699e-01
-5.582030862569808960e-02
-1.658728420734405518e-01
8.545191586017608643e-02
-1.253016740083694458e-01
-9.668323397636413574e-02
-8.061415702104568481e-02
-6.139096245169639587e-02
7.617400586605072021e-02
-8.370630443096160889e-02
-5.760657042264938354e-02
2.571601234376430511e-02
9.073656797409057617e-02
-1.198127772659063339e-02
1.304822880774736404e-02
-6.443266570568084717e-02
-1.447617262601852417e-01
-3.403568873181939125e-03
-7.307388633489608765e-02
6.091586127877235413e-02
-3.938856720924377441e-02
1.307475846260786057e-02
8.662160485982894897e-02
1.139919087290763855e-02
9.880598634481430054e-02
-1.519900560379028320e-01
1.601122021675109863e-01
3.338125720620155334e-02
1.091534569859504700e-01
-4.768928512930870056e-02
3.870388865470886230e-02
-1.565230339765548706e-01
4.774515703320503235e-02
3.959080204367637634e-02
7.092380523681640625e-02
1.553862243890762329e-01
-3.200539574027061462e-02
-1.182490363717079163e-01
7.423174381256103516e-02
-1.252765953540802002e-01
1.227693539112806320e-02
1.679362729191780090e-02
1.038322970271110535e-01
8.817788958549499512e-02
2.350597642362117767e-02
-2.639866992831230164e-02
2.604698576033115387e-02
-6.126661971211433411e-02
-1.894075982272624969e-02
1.199567839503288269e-01
-1.575050409883260727e-03
