-1.737137436866760254e-01
4.458438605070114136e-02
-5.619303882122039795e-02
1.356806606054306030e-01
5.264599993824958801e-02
2.792308479547500610e-02
-1.471866667270660400e-01
-4.452751576900482178e-02
-1.397015750408172607e-01
-2.986077032983303070e-02
-1.524655893445014954e-02
-8.389253169298171997e-02
-3.803895786404609680e-02
1.356463693082332611e-02
-1.045084595680236816e-01
-9.994349628686904907e-02
-4.125536361243575811e-04
-4.031587019562721252e-02
-5.167389754205942154e-04
8.258469402790069580e-02
-4.844462126493453979e-02
2.423588335514068604e-01
-3.133903071284294128e-02
-1.656900197267532349e-01
-1.038083583116531372e-01
1.859058737754821777e-01
6.600140780210494995e-02
-7.934620976448059082e-02
-6.047671660780906677e-03
2.937353681772947311e-03
7.018627971410751343e-02
1.312247812747955322e-01
-2.935959026217460632e-02
-7.370401918888092041e-02
-1.041152551770210266e-01
3.972140699625015259e-02
-1.153001114726066589e-01
2.749761193990707397e-02
-7.140775769948959351e-02
6.545342504978179932e-02
-3.687604144215583801e-02
-1.487756669521331787e-01
-1.296822354197502136e-02
8.391197025775909424e-02
-9.746796637773513794e-02
-7.811982184648513794e-02
-3.169194608926773071e-02
2.096777036786079407e-02
-2.237636968493461609e-02
5.641782656311988831e-02
1.633836776018142700e-01
4.133633151650428772e-02
-2.221600152552127838e-02
-7.308145612478256226e-02
-6.789854168891906738e-02
8.261209726333618164e-02
8.042405545711517334e-02
2.118519507348537445e-03
2.292861603200435638e-02
5.296138301491737366e-02
-7.943473011255264282e-02
7.262644916772842407e-02
-1.039726063609123230e-01
-4.193753004074096680e-02
-8.834131807088851929e-02
-2.328569255769252777e-02
-1.548961829394102097e-02
8.479730039834976196e-02
1.208096891641616821e-01
4.272788763046264648e-02
5.940473824739456177e-02
-3.919512033462524414e-02
-8.582036197185516357e-02
1.819457113742828369e-01
1.090911999344825745e-01
-7.430797070264816284e-02
-5.032972246408462524e-02
-1.014185473322868347e-01
7.477201521396636963e-02
-1.832694560289382935e-01
1.534867882728576660e-01
-1.559513062238693237e-01
-6.752979010343551636e-02
-2.095694690942764282e-01
2.130112424492835999e-02
1.596426591277122498e-02
-4.404591023921966553e-02
3.383122384548187256e-02
3.508973121643066406e-02
1.334710791707038879e-02
-5.134683102369308472e-02
4.903762415051460266e-02
-1.657688915729522705e-01
-1.529567688703536987e-01
2.799534797668457031e-02
-1.366128921508789062e-01
1.224681809544563293e-01
-1.900487765669822693e-02
1.122499350458383560e-02
1.213401332497596741e-01
-6.804682314395904541e-02
-1.260093320161104202e-02
-1.799311935901641846e-01
1.585134714841842651e-01
-1.643475331366062164e-02
8.953400701284408569e-02
-8.261160552501678467e-02
-3.032840602099895477e-02
-9.408497065305709839e-02
-1.428180094808340073e-02
9.961418807506561279e-02
2.690230309963226318e-02
4.797000437974929810e-02
-4.863281920552253723e-02
-2.332150563597679138e-02
5.465126410126686096e-02
-9.550955891609191895e-02
-6.267316639423370361e-02
-2.383574284613132477e-02
1.096566393971443176e-01
3.903961554169654846e-02
2.132728882133960724e-02
8.461377024650573730e-02
-6.846871227025985718e-02
-1.102300286293029785e-01
-3.406244516372680664e-02
7.209562510251998901e-02
-3.179479762911796570e-02
