4.558698087930679321e-02
-9.048756211996078491e-02
-1.123457774519920349e-01
1.763407289981842041e-01
-6.107945926487445831e-03
3.232526406645774841e-02
-1.199512556195259094e-01
-1.758152097463607788e-01
-8.708485960960388184e-02
2.253249101340770721e-02
4.237223044037818909e-02
-1.145734563469886780e-01
-9.225263446569442749e-02
4.392215237021446228e-02
-1.150683127343654633e-02
6.692514568567276001e-02
-7.090111821889877319e-02
-5.420359969139099121e-02
1.910320073366165161e-01
-8.595343679189682007e-02
-1.245141997933387756e-01
1.944436728954315186e-01
-2.706393040716648102e-02
-1.687388122081756592e-01
2.559604868292808533e-02
8.279785513877868652e-02
8.118366450071334839e-02
-8.021102100610733032e-02
3.953111544251441956e-02
1.369626447558403015e-02
-1.022225525230169296e-02
6.898465007543563843e-02
-5.663559958338737488e-02
-1.234476342797279358e-01
3.264886513352394104e-02
-7.826573401689529419e-02
-1.646355539560317993e-02
8.438131213188171387e-02
-2.986975014209747314e-02
1.139375567436218262e-01
-3.812852874398231506e-02
-3.609049692749977112e-02
3.899187967181205750e-02
1.212510094046592712e-01
1.885583065450191498e-02
-1.202949807047843933e-01
7.568829506635665894e-02
-8.130179345607757568e-02
-6.253345403820276260e-03
1.464001461863517761e-02
1.053073108196258545e-01
-2.747472934424877167e-02
-8.470173925161361694e-02
-5.949204042553901672e-02
1.807773672044277191e-02
1.276881843805313110e-01
1.081305369734764099e-01
6.937418133020401001e-02
1.080165952444076538e-01
4.789279028773307800e-02
-7.025399059057235718e-02
9.502428770065307617e-02
-6.932661682367324829e-02
-1.165857836604118347e-01
1.083440780639648438e-01
-1.569521497003734112e-03
-3.601572290062904358e-02
-4.422082379460334778e-02
1.625484377145767212e-01
6.735093146562576294e-02
1.049186363816261292e-01
-6.634285300970077515e-02
-2.027960568666458130e-01
-1.230585016310214996e-02
1.344562172889709473e-01
-4.874882474541664124e-02
-6.178595498204231262e-02
-1.210744753479957581e-01
1.391047425568103790e-02
-4.193816706538200378e-02
8.194500952959060669e-02
-2.554359436035156250e-01
-2.125066006556153297e-03
-7.937763631343841553e-02
-5.277612432837486267e-02
5.936381593346595764e-02
-4.697312042117118835e-02
-8.197733759880065918e-02
8.446601778268814087e-02
-1.532506849616765976e-02
-7.169599086046218872e-02
8.737582713365554810e-02
-1.608947962522506714e-01
-9.572484344244003296e-02
-7.311244844458997250e-04
-1.213183775544166565e-01
3.839370608329772949e-02
8.706846088171005249e-02
1.737014949321746826e-02
8.627142757177352905e-02
1.458916813135147095e-02
-2.695437893271446228e-02
-8.646938949823379517e-02
1.442543566226959229e-01
1.521706134080886841e-01
1.068375781178474426e-01
-8.108578622341156006e-02
-1.334568485617637634e-02
-1.768974512815475464e-01
5.832561105489730835e-02
-2.013493515551090240e-02
-4.541214089840650558e-03
6.474090367555618286e-02
3.597781434655189514e-02
-1.098010092973709106e-01
1.100681200623512268e-01
3.133184276521205902e-03
-5.787707120180130005e-02
-1.127550145611166954e-03
2.849238552153110504e-02
-2.845455333590507507e-02
-1.059797778725624084e-02
-1.632434315979480743e-02
6.043255329132080078e-02
-1.884781718254089355e-01
-2.003436163067817688e-02
-2.651576697826385498e-02
-5.484516266733407974e-03
