-1.088976934552192688e-01
-2.418538182973861694e-02
-7.047747075557708740e-02
1.066408604383468628e-01
-3.499228134751319885e-02
4.392991308122873306e-03
-2.394166588783264160e-02
-3.114729188382625580e-02
-8.184242248535156250e-02
4.284723475575447083e-02
-5.603308230638504028e-02
-9.962484985589981079e-02
6.368756294250488281e-02
-1.334144324064254761e-01
8.260269463062286377e-02
-4.764377954415977001e-04
-1.916693150997161865e-02
5.006665829569101334e-03
5.788305401802062988e-02
-2.667208574712276459e-02
-6.016027182340621948e-02
1.130199283361434937e-01
-3.544643148779869080e-02
1.435912773013114929e-02
-2.294373512268066406e-02
1.033685430884361267e-01
2.155947964638471603e-03
-2.618153579533100128e-02
-1.320904642343521118e-01
5.434353649616241455e-02
1.672182083129882812e-01
3.979262337088584900e-02
7.482975721359252930e-02
-1.516940742731094360e-01
-1.388845741748809814e-01
2.543462626636028290e-02
-1.778819262981414795e-01
1.029753535985946655e-01
5.614022165536880493e-02
7.394631206989288330e-02
-9.243866056203842163e-02
-5.776731297373771667e-02
-4.042686149477958679e-02
1.247204169631004333e-01
2.558150328695774078e-02
3.550359606742858887e-02
-6.506314384751021862e-04
-2.630315534770488739e-02
2.025863528251647949e-01
-5.437532905489206314e-03
2.247299700975418091e-01
4.981439188122749329e-02
-4.994129016995429993e-02
-2.371495030820369720e-02
1.253468990325927734e-01
-1.834502816200256348e-02
-1.791877485811710358e-02
1.046463921666145325e-01
2.223336398601531982e-01
1.233698651194572449e-01
-2.854441665112972260e-02
9.288462251424789429e-02
-4.351432248950004578e-02
1.469035726040601730e-02
1.996484212577342987e-02
5.370175465941429138e-03
-1.023482438176870346e-02
-7.992947474122047424e-03
1.671138852834701538e-01
7.495585083961486816e-02
5.805678293108940125e-02
8.794200420379638672e-02
-6.484965980052947998e-02
1.133519783616065979e-01
2.693420276045799255e-02
-9.072664380073547363e-02
1.068241298198699951e-01
-4.440037161111831665e-02
-1.613122969865798950e-01
-6.554161757230758667e-02
2.051692456007003784e-01
-7.777777314186096191e-02
-1.544547826051712036e-01
-4.018177837133407593e-02
1.987675391137599945e-02
2.798774745315313339e-03
-1.948650479316711426e-01
-6.514089554548263550e-02
1.145621091127395630e-01
7.965926080942153931e-02
-9.456983208656311035e-02
1.733587831258773804e-01
-2.828222140669822693e-02
-7.602585852146148682e-02
-1.217926666140556335e-01
-3.212178498506546021e-02
8.235793560743331909e-02
8.234086632728576660e-02
-9.545568376779556274e-03
6.431521475315093994e-02
4.767338186502456665e-02
6.994161009788513184e-02
-9.864288568496704102e-02
1.217609569430351257e-01
1.113410368561744690e-01
4.686855897307395935e-02
-8.942546322941780090e-03
-3.449743241071701050e-02
-1.344183385372161865e-01
-1.385248452425003052e-01
8.180551975965499878e-02
-7.906468957662582397e-02
1.638699918985366821e-01
2.916043065488338470e-02
-7.838401943445205688e-02
-6.655348837375640869e-02
-1.050657927989959717e-01
3.255376964807510376e-02
4.735766351222991943e-02
-6.527034938335418701e-02
-3.409355878829956055e-02
1.221987698227167130e-02
-2.492739818990230560e-02
3.552249073982238770e-02
6.926110386848449707e-02
8.138848841190338135e-02
-5.513693019747734070e-02
7.391085382550954819e-03
