-8.275254815816879272e-02
8.240161091089248657e-02
-4.053082317113876343e-02
6.162533164024353027e-02
-1.281426008790731430e-02
-2.317008562386035919e-02
1.528580393642187119e-02
-4.837922751903533936e-02
-8.606668561697006226e-02
8.768267929553985596e-02
-1.189483795315027237e-02
-1.683327257633209229e-01
-1.012012884020805359e-01
-1.511645241407677531e-04
-5.643973499536514282e-02
-6.342626363039016724e-02
-1.644458994269371033e-02
-3.346110507845878601e-02
1.859508603811264038e-01
-1.045144274830818176e-01
-8.321944624185562134e-02
1.987614631652832031e-01
-7.100640982389450073e-02
-1.245106533169746399e-01
5.003199726343154907e-02
1.144992634654045105e-01
-2.578072063624858856e-02
-1.574021391570568085e-02
1.588043756783008575e-02
9.858866780996322632e-02
7.673086225986480713e-02
1.421236991882324219e-01
8.373566716909408569e-02
-1.116778701543807983e-01
-4.846831411123275757e-02
-7.177003473043441772e-02
3.403903916478157043e-02
-1.810452714562416077e-02
-8.712275326251983643e-02
1.481001451611518860e-02
-4.758385196328163147e-02
-1.349950581789016724e-01
1.064274013042449951e-01
1.252446919679641724e-01
-1.356844417750835419e-02
3.160564973950386047e-02
5.230167414993047714e-03
-1.365853399038314819e-01
-3.055881895124912262e-02
1.640607975423336029e-02
1.610160320997238159e-01
1.593010574579238892e-01
-5.683163180947303772e-03
-1.320136189460754395e-01
9.497205913066864014e-02
-7.545545697212219238e-03
6.277018785476684570e-02
1.151221767067909241e-01
1.030073314905166626e-01
1.569439470767974854e-01
7.020609080791473389e-02
9.866242110729217529e-02
-9.692361950874328613e-02
-1.017587259411811829e-01
-1.152808591723442078e-01
-5.040602385997772217e-02
-3.185325860977172852e-02
1.099576707929372787e-02
7.754358649253845215e-02
9.826444834470748901e-02
1.678706854581832886e-01
-9.050066769123077393e-02
-9.062736481428146362e-02
6.460149586200714111e-02
1.080457866191864014e-01
-9.447860717773437500e-02
-1.368772536516189575e-01
-1.843299418687820435e-01
-2.752879820764064789e-02
-6.237730383872985840e-02
-3.609956009313464165e-03
-8.322415500879287720e-02
-5.190900713205337524e-02
-1.976671516895294189e-01
-5.712595954537391663e-02
5.740725621581077576e-02
-1.928963139653205872e-02
-3.280362486839294434e-02
-2.011484652757644653e-02
1.059699729084968567e-01
-1.696238294243812561e-02
1.399235278367996216e-01
4.476380534470081329e-03
-8.666828274726867676e-02
3.618894889950752258e-02
4.224512726068496704e-03
2.943918667733669281e-02
1.256071478128433228e-01
3.458797931671142578e-02
1.227655857801437378e-01
1.210867762565612793e-01
-2.436765097081661224e-02
-7.570300996303558350e-02
1.087793260812759399e-01
1.349996477365493774e-01
-2.387116476893424988e-02
-6.319434940814971924e-02
-7.820971659384667873e-04
-2.329294010996818542e-02
-4.171652719378471375e-02
8.172176778316497803e-02
-3.491111332550644875e-03
7.604245841503143311e-02
-7.145749777555465698e-02
-7.347375899553298950e-02
1.575392335653305054e-01
-8.517181500792503357e-03
-1.049671471118927002e-01
-1.057686880230903625e-01
-8.021989464759826660e-02
-1.163712516427040100e-01
2.472321037203073502e-03
3.779076039791107178e-02
-5.714018270373344421e-02
-1.155645996332168579e-01
-1.277785748243331909e-01
-1.659922860562801361e-02
9.325335919857025146e-02
