-1.168469116091728210e-01
-9.196973592042922974e-02
-7.124351710081100464e-02
6.546756625175476074e-02
-2.126443013548851013e-02
-6.879539694637060165e-03
-1.108974800445139408e-03
-2.582774497568607330e-02
1.840574853122234344e-02
5.891225859522819519e-02
3.875988349318504333e-02
-1.066581904888153076e-01
-6.701993197202682495e-02
-4.832141101360321045e-02
1.884295493364334106e-01
-2.377512492239475250e-02
-4.212409630417823792e-02
-6.614524405449628830e-03
9.778416901826858521e-02
5.092071741819381714e-02
-1.261682808399200439e-01
1.152536198496818542e-01
2.265184372663497925e-02
-8.516341447830200195e-02
4.683579783886671066e-03
1.451497375965118408e-01
5.457435175776481628e-02
-7.888485491275787354e-02
1.632098108530044556e-02
8.637395501136779785e-02
1.660545915365219116e-01
1.387482881546020508e-01
1.013946160674095154e-01
-1.582792997360229492e-01
-6.884769350290298462e-02
8.378940075635910034e-02
-6.972424685955047607e-02
1.104607284069061279e-01
-6.189503148198127747e-02
3.007812798023223877e-02
-8.038401603698730469e-02
-9.829562157392501831e-02
-1.312405709177255630e-02
1.019341051578521729e-01
-6.907843798398971558e-02
-6.386471539735794067e-02
-3.105692379176616669e-02
-2.052554301917552948e-02
5.051087215542793274e-02
-9.455076605081558228e-02
1.379024386405944824e-01
3.014162415638566017e-03
-1.309965085238218307e-02
-5.931792780756950378e-02
2.488945983350276947e-02
-3.798902034759521484e-02
1.151705086231231689e-01
1.080430001020431519e-01
1.154515147209167480e-01
8.960219472646713257e-02
-1.401302218437194824e-01
1.203706189990043640e-01
-2.101704329252243042e-01
4.498918354511260986e-02
2.030617929995059967e-02
3.966343030333518982e-02
-1.783451996743679047e-02
-8.065478503704071045e-02
1.317687332630157471e-01
4.883100092411041260e-02
1.443499326705932617e-01
5.765255168080329895e-02
-1.335636246949434280e-02
1.406882144510746002e-02
1.509470194578170776e-01
-1.612215638160705566e-01
-6.145332381129264832e-02
-8.280410617589950562e-02
-5.699885636568069458e-02
-6.124914065003395081e-02
3.258154029026627541e-03
-9.892772138118743896e-02
-1.328508406877517700e-01
-9.904222935438156128e-02
-2.037779055535793304e-02
-4.792377818375825882e-03
-1.212916374206542969e-01
-1.806951016187667847e-01
2.247270662337541580e-03
1.623893380165100098e-01
-2.819614950567483902e-03
1.972729861736297607e-01
-1.237648800015449524e-01
5.043295398354530334e-02
-1.606905609369277954e-01
-7.824192196130752563e-02
3.272501751780509949e-02
7.763499766588211060e-02
7.773389667272567749e-02
6.965602934360504150e-02
9.654070436954498291e-02
6.318262964487075806e-02
-6.194656342267990112e-02
-3.493782877922058105e-02
1.511743217706680298e-01
-1.466053910553455353e-02
-1.064650341868400574e-01
-6.066769361495971680e-02
-1.672019213438034058e-01
-3.500114381313323975e-02
8.633612096309661865e-02
-5.612892284989356995e-02
1.118428781628608704e-01
5.172800272703170776e-02
6.033139675855636597e-02
-3.455433622002601624e-02
-4.005567356944084167e-02
-1.522636562585830688e-01
-3.155021369457244873e-02
5.935089290142059326e-02
6.159217562526464462e-03
1.016428172588348389e-01
-7.502143271267414093e-03
-1.710358262062072754e-02
-7.731278985738754272e-02
2.048997581005096436e-02
-5.354600027203559875e-02
9.082681499421596527e-03
