1.756081916391849518e-02
-6.987519562244415283e-02
-5.201002582907676697e-03
1.332211643457412720e-01
-2.367135323584079742e-02
3.436173126101493835e-02
4.431807622313499451e-02
-1.052404120564460754e-01
-1.739446520805358887e-01
2.039520256221294403e-02
-1.580132395029067993e-01
-6.895916908979415894e-02
-8.766994625329971313e-02
-3.090049326419830322e-02
6.772124767303466797e-02
-2.653990313410758972e-02
1.051897704601287842e-01
1.435747928917407990e-02
1.163090616464614868e-01
-2.164258807897567749e-01
-4.263256117701530457e-02
5.551633983850479126e-02
-4.685362428426742554e-02
-1.542279776185750961e-02
-1.472862344235181808e-02
5.005784332752227783e-02
-5.790469422936439514e-02
4.166696593165397644e-02
5.957796424627304077e-02
5.614306032657623291e-02
1.126276552677154541e-01
-3.623343259096145630e-02
1.226140335202217102e-01
-3.107907995581626892e-02
2.963904757052659988e-03
6.374322623014450073e-02
-7.463855296373367310e-02
2.107477560639381409e-02
-1.504178438335657120e-02
1.971934139728546143e-01
3.618318354710936546e-03
-6.513108313083648682e-02
2.231567539274692535e-02
-1.221335842274129391e-04
-6.914135068655014038e-02
8.091273158788681030e-02
8.408100157976150513e-02
3.008213080465793610e-02
1.378833055496215820e-01
5.894803255796432495e-02
5.407035350799560547e-02
-5.866719782352447510e-02
-1.199844926595687866e-01
1.704446598887443542e-02
8.733831346035003662e-02
-1.987854763865470886e-02
4.454430565237998962e-02
3.277839161455631256e-03
6.554020196199417114e-02
-2.138794399797916412e-02
-8.498408831655979156e-03
7.168769091367721558e-02
5.900976061820983887e-02
-9.016744792461395264e-02
9.532202035188674927e-02
5.985961295664310455e-03
-4.021221399307250977e-02
-2.265477087348699570e-04
1.204641982913017273e-01
3.575943782925605774e-02
8.243809640407562256e-02
2.205209108069539070e-03
-1.118548661470413208e-01
-5.696117877960205078e-03
1.207699552178382874e-01
-7.443864643573760986e-02
5.216133315116167068e-03
5.005578324198722839e-02
-5.532409623265266418e-02
-4.590608179569244385e-02
2.286063134670257568e-01
-1.869668811559677124e-01
-8.853845298290252686e-02
-1.178913936018943787e-01
8.938803523778915405e-02
1.224451288580894470e-01
-1.089952960610389709e-01
6.179469451308250427e-02
1.201797798275947571e-01
-4.390036314725875854e-02
-1.910784393548965454e-01
8.951319009065628052e-02
-1.797137595713138580e-02
-1.832826882600784302e-01
-1.263091713190078735e-01
-7.413681596517562866e-02
-7.147579919546842575e-03
6.557960063219070435e-02
1.537646055221557617e-01
-7.163164019584655762e-02
1.617567427456378937e-02
-4.675093665719032288e-02
3.603649511933326721e-02
2.110972702503204346e-01
1.186986565589904785e-01
-2.960373274981975555e-02
6.813679635524749756e-02
-1.450938433408737183e-01
-1.351051926612854004e-01
-1.766048669815063477e-01
-1.805847324430942535e-02
-6.226992607116699219e-02
1.160645484924316406e-01
9.018608182668685913e-02
-1.127805188298225403e-01
-1.058649867773056030e-01
-1.382915377616882324e-01
-9.651600569486618042e-02
-4.727715253829956055e-02
-8.455648086965084076e-03
-2.750771678984165192e-02
-4.103631153702735901e-02
-2.031928859651088715e-02
7.067678123712539673e-02
-9.777428209781646729e-02
8.438151329755783081e-02
-4.228615015745162964e-02
1.099880877882242203e-02
