-7.182378321886062622e-02
2.433868311345577240e-02
-1.399804651737213135e-01
8.331779390573501587e-02
1.003929320722818375e-02
9.464674443006515503e-02
2.101261354982852936e-02
-8.558216691017150879e-02
-1.431252360343933105e-01
1.573839038610458374e-02
-5.783224478363990784e-02
-1.213440299034118652e-01
-4.197035357356071472e-02
7.420135196298360825e-03
-5.067649483680725098e-02
-6.606305390596389771e-02
3.009804897010326385e-02
5.697454139590263367e-02
7.798016071319580078e-02
-5.305703356862068176e-02
-1.345519870519638062e-01
1.418397277593612671e-01
8.443579077720642090e-02
-9.854537248611450195e-02
-3.787416219711303711e-02
-1.268024649471044540e-02
-4.388964548707008362e-02
6.743185222148895264e-02
4.472129978239536285e-03
1.312360167503356934e-01
4.597444459795951843e-02
5.616503953933715820e-02
1.288647502660751343e-01
5.405248329043388367e-02
-6.287547945976257324e-02
3.863297402858734131e-02
-5.339846760034561157e-02
2.082046680152416229e-02
-1.865562200546264648e-01
9.754402190446853638e-02
-9.278408437967300415e-02
-5.037431418895721436e-02
9.613951295614242554e-02
8.326265215873718262e-02
-4.134846478700637817e-02
-4.663643240928649902e-02
-1.718400605022907257e-02
-1.487373560667037964e-01
1.640848368406295776e-01
6.414808332920074463e-02
2.828743867576122284e-02
-1.614179275929927826e-02
-5.804108921438455582e-03
-1.202217340469360352e-01
1.716511696577072144e-01
1.527346968650817871e-01
9.940308518707752228e-03
1.352967768907546997e-01
8.907949924468994141e-02
-1.309090992435812950e-03
-1.997895771637558937e-03
1.743202656507492065e-01
2.158685028553009033e-02
-1.741567254066467285e-02
3.833255264908075333e-03
1.119810417294502258e-01
-8.806268125772476196e-02
1.151197999715805054e-01
5.625412613153457642e-02
8.938802033662796021e-02
1.170376092195510864e-01
-3.116999054327607155e-03
-4.467238485813140869e-02
2.050890401005744934e-02
7.243818044662475586e-02
9.895439259707927704e-03
1.101390942931175232e-01
-2.257522940635681152e-02
2.282048575580120087e-03
-1.669804602861404419e-01
1.872608810663223267e-01
-1.582823246717453003e-01
-1.564801484346389771e-01
-1.083195060491561890e-01
1.014619022607803345e-01
-1.628709398210048676e-02
-5.092372745275497437e-02
-3.673487529158592224e-02
1.117020547389984131e-01
1.104992553591728210e-01
-1.767968833446502686e-01
1.555933356285095215e-01
-5.203040689229965210e-02
-9.861889481544494629e-02
-1.948694465681910515e-03
-5.978175625205039978e-02
-7.585664093494415283e-02
1.675868183374404907e-01
6.806755810976028442e-02
3.989138826727867126e-02
2.147146314382553101e-02
-3.975339606404304504e-02
-7.032566517591476440e-02
1.362018138170242310e-01
-1.434119534678757191e-03
2.714251913130283356e-02
-7.145842909812927246e-02
-3.936061635613441467e-02
-1.476461440324783325e-01
-1.051004454493522644e-01
-1.619943790137767792e-02
-8.776377141475677490e-02
-1.571803912520408630e-02
-5.501123145222663879e-02
-1.223086267709732056e-01
-4.217889532446861267e-02
3.457581624388694763e-02
-8.919208496809005737e-02
-1.049092561006546021e-01
7.109977304935455322e-03
-1.591162197291851044e-02
1.124691069126129150e-01
3.681269660592079163e-02
2.647247631102800369e-03
-8.006156980991363525e-02
6.194011494517326355e-02
-1.681000739336013794e-01
3.241293877363204956e-02
