-1.241955980658531189e-01
-6.008930876851081848e-02
-6.035622209310531616e-02
1.411909013986587524e-01
1.173165589570999146e-01
1.292591243982315063e-01
-1.981189101934432983e-02
-1.808487474918365479e-01
-1.396225839853286743e-01
4.593151807785034180e-02
3.100400045514106750e-02
-1.799858212471008301e-01
-1.127016767859458923e-01
2.472997829318046570e-02
-5.190583411604166031e-03
-6.538163870573043823e-02
-1.156317442655563354e-01
-2.697598375380039215e-02
-4.901355877518653870e-02
2.364050038158893585e-02
-1.193799078464508057e-01
1.693081259727478027e-01
-2.378743141889572144e-02
-1.847368478775024414e-02
-1.462732255458831787e-01
2.880600281059741974e-02
1.906267181038856506e-02
-4.100072756409645081e-02
2.648461237549781799e-02
3.783399611711502075e-02
1.690893620252609253e-01
5.950932577252388000e-02
-3.116382285952568054e-02
2.728186547756195068e-03
-1.079779788851737976e-01
7.881889492273330688e-02
-2.304062247276306152e-01
5.879589170217514038e-02
-1.126516163349151611e-01
9.340996295213699341e-02
-7.471932470798492432e-02
-9.819361567497253418e-02
-2.221313770860433578e-03
5.639373511075973511e-02
3.164703771471977234e-02
-8.161168545484542847e-03
-6.034304201602935791e-02
-2.670221775770187378e-02
-3.147010505199432373e-02
3.182257339358329773e-02
1.982350647449493408e-02
-5.565419420599937439e-02
-5.650396272540092468e-02
6.874048709869384766e-02
-3.526131436228752136e-02
1.392280161380767822e-01
1.336953043937683105e-01
1.433594673871994019e-01
-3.909369930624961853e-02
-4.512173309922218323e-02
-1.049147695302963257e-01
1.851904243230819702e-01
-5.853423476219177246e-02
9.193631261587142944e-02
5.081370938569307327e-03
6.119653582572937012e-02
5.979268252849578857e-02
-4.089079424738883972e-02
1.056615337729454041e-01
1.418941020965576172e-01
3.388572856783866882e-02
9.777250885963439941e-02
-5.149538069963455200e-02
1.817181259393692017e-01
4.625575151294469833e-03
-4.046196863055229187e-02
7.571455836296081543e-02
-6.568384170532226562e-02
1.262270957231521606e-01
-9.608513116836547852e-02
1.386791318655014038e-01
-1.699430495500564575e-01
-6.316149234771728516e-02
-1.297703478485345840e-02
1.215579286217689514e-01
-8.692766726016998291e-02
2.074073441326618195e-02
-5.819465965032577515e-02
1.696390211582183838e-01
7.218907773494720459e-02
-8.164479583501815796e-02
1.582896709442138672e-02
-5.066695436835289001e-02
-1.311852633953094482e-01
-5.094710364937782288e-02
-9.795004129409790039e-02
4.823140427470207214e-02
5.284995958209037781e-02
6.825857609510421753e-02
3.703733906149864197e-02
-2.530220337212085724e-02
1.817896775901317596e-02
-1.295637041330337524e-01
8.654472976922988892e-02
-2.354548498988151550e-02
3.276563435792922974e-02
-1.006301119923591614e-01
-4.235936701297760010e-02
-7.671646028757095337e-02
2.017565816640853882e-02
-1.038107671774923801e-03
-5.620210245251655579e-02
-1.759618986397981644e-03
-9.234239161014556885e-02
6.480009108781814575e-02
4.525256808847188950e-03
-1.181019991636276245e-01
-3.577720001339912415e-02
-5.571164190769195557e-02
2.164890803396701813e-02
1.371007971465587616e-02
1.480064988136291504e-01
9.867762029170989990e-02
-2.347159944474697113e-02
-1.524067074060440063e-01
1.001322269439697266e-01
-9.812827408313751221e-02
-8.303528279066085815e-02
