3.860175609588623047e-02
-1.040335521101951599e-01
-5.109110847115516663e-02
1.284330189228057861e-01
-9.209083393216133118e-03
5.999287217855453491e-02
-9.698261320590972900e-02
-1.486094743013381958e-01
2.935284981504082680e-03
1.694497615098953247e-01
-9.274597396142780781e-04
-1.379186213016510010e-01
-1.506105810403823853e-01
-2.311512641608715057e-02
2.154305763542652130e-02
1.042991876602172852e-01
-5.372105166316032410e-02
-3.114081732928752899e-02
1.564145088195800781e-01
-1.441814750432968140e-01
-8.039068430662155151e-02
1.180881932377815247e-01
-2.912815846502780914e-02
-9.683494269847869873e-02
-1.190053820610046387e-01
1.155867353081703186e-01
2.359520271420478821e-02
-9.044410288333892822e-02
8.451041579246520996e-02
-3.577642142772674561e-02
4.358945786952972412e-02
-2.228526771068572998e-02
-7.827963680028915405e-02
-1.897821761667728424e-02
4.330198466777801514e-02
-7.605992257595062256e-03
-1.093432754278182983e-01
7.316846400499343872e-02
-8.998534828424453735e-02
1.758431643247604370e-01
-1.714615896344184875e-02
-7.956190407276153564e-02
6.129868328571319580e-02
1.287072151899337769e-01
7.459228485822677612e-02
-5.354920867830514908e-03
8.590038120746612549e-02
-9.548761695623397827e-02
2.765297889709472656e-02
1.892724446952342987e-02
1.421417891979217529e-01
-5.515614151954650879e-02
-1.030385121703147888e-01
1.694495230913162231e-02
2.822548337280750275e-02
1.485853642225265503e-01
1.232900470495223999e-01
1.604242250323295593e-02
9.179882705211639404e-02
-4.945056512951850891e-02
1.181508065201342106e-03
5.162156000733375549e-02
1.730058342218399048e-02
-6.758895516395568848e-02
2.180027961730957031e-02
1.010401546955108643e-01
-5.690684542059898376e-03
-6.234331056475639343e-02
1.284421235322952271e-01
-5.626455321907997131e-02
1.604108810424804688e-01
-7.496166974306106567e-02
-1.419214457273483276e-01
-1.761467009782791138e-02
1.638102382421493530e-01
-4.500180482864379883e-02
-1.307794358581304550e-02
1.171585870906710625e-03
2.215889282524585724e-02
-3.939748276025056839e-03
1.330454349517822266e-01
-2.614380121231079102e-01
8.195543289184570312e-02
-2.791647240519523621e-02
3.826826810836791992e-02
4.507255554199218750e-02
-8.800991624593734741e-02
6.921271234750747681e-02
1.671763956546783447e-01
-3.219558298587799072e-02
-6.155934184789657593e-02
1.203288510441780090e-01
-3.536724671721458435e-02
-8.782960474491119385e-02
-1.042615249752998352e-01
-1.035429239273071289e-01
1.938844099640846252e-02
-4.348711296916007996e-02
1.453114151954650879e-01
2.427246049046516418e-02
1.279655750840902328e-02
-1.305824704468250275e-02
-6.521247327327728271e-02
1.681867837905883789e-01
1.190202236175537109e-01
8.122532814741134644e-02
9.564664214849472046e-03
-1.065716380253434181e-03
-1.169056668877601624e-01
6.809689104557037354e-02
-8.839634805917739868e-02
7.193386554718017578e-02
1.172913461923599243e-01
1.142987459897994995e-01
-1.000092923641204834e-01
-1.797239854931831360e-02
2.256470033898949623e-03
-6.600233167409896851e-02
4.189085587859153748e-02
3.493303805589675903e-02
6.170473061501979828e-03
-5.174379795789718628e-02
-4.504914209246635437e-02
5.722728371620178223e-02
-2.067231237888336182e-01
4.544751718640327454e-03
-8.728411793708801270e-02
6.015957891941070557e-02
