-6.114027649164199829e-02
2.632001787424087524e-02
4.484682902693748474e-02
1.309588551521301270e-01
-3.632393106818199158e-02
7.658255845308303833e-02
-3.517327830195426941e-02
-1.568358391523361206e-01
-1.680984348058700562e-01
-2.601138083264231682e-03
6.409893743693828583e-03
-9.895119071006774902e-02
-1.196274012327194214e-01
3.041144693270325661e-03
6.805547978729009628e-03
-3.581586852669715881e-02
1.062715426087379456e-02
8.575471490621566772e-02
9.722366929054260254e-02
-9.513235837221145630e-02
1.634633913636207581e-02
1.278935968875885010e-01
1.175918057560920715e-01
-1.020359322428703308e-01
-7.149213552474975586e-02
1.141000017523765564e-01
-5.588470399379730225e-02
1.330493390560150146e-02
-1.125556230545043945e-02
6.650432199239730835e-02
2.406535483896732330e-02
-6.737788673490285873e-03
1.145343557000160217e-01
-1.846804283559322357e-02
-1.226219013333320618e-01
1.265816241502761841e-01
-2.420581728219985962e-01
-9.849762916564941406e-02
-8.921688795089721680e-02
1.668279021978378296e-01
-7.208330929279327393e-02
-2.645503915846347809e-02
-7.679311186075210571e-02
6.994855403900146484e-02
2.309338450431823730e-01
-3.981801867485046387e-02
1.086138039827346802e-01
8.451989293098449707e-02
1.358596086502075195e-01
9.354212135076522827e-02
2.630081474781036377e-01
3.014713898301124573e-02
-1.155099868774414062e-01
-2.717072702944278717e-02
-8.247655630111694336e-02
5.374838132411241531e-03
6.223901361227035522e-02
-4.374743998050689697e-02
-1.143737346865236759e-03
4.635851085186004639e-02
-3.939417190849781036e-03
3.641822934150695801e-02
-4.538962617516517639e-02
-1.776179298758506775e-02
-7.947047799825668335e-02
7.726170122623443604e-02
-5.492749437689781189e-02
2.003500610589981079e-02
5.201460421085357666e-02
7.899651676416397095e-02
2.317649275064468384e-01
1.657233387231826782e-01
-6.713868677616119385e-02
6.263106316328048706e-02
2.123701269738376141e-04
4.631686024367809296e-03
7.615346927195787430e-03
-1.011553630232810974e-01
4.650000482797622681e-04
-1.609672307968139648e-01
1.022735238075256348e-01
-1.192322000861167908e-01
-6.183269992470741272e-02
-1.176952347159385681e-01
8.266420662403106689e-02
-4.864044860005378723e-02
1.177829457446932793e-03
4.381106421351432800e-02
4.758187383413314819e-02
6.326357275247573853e-02
-2.011050432920455933e-01
5.313993245363235474e-02
-5.761284753680229187e-02
4.286802932620048523e-02
-1.786150038242340088e-02
-1.115497797727584839e-01
-1.620804541744291782e-03
6.188369914889335632e-02
-9.225824847817420959e-03
-1.566244848072528839e-02
1.458286773413419724e-03
-1.037234032992273569e-04
-4.788175597786903381e-02
1.491033285856246948e-01
-2.153013646602630615e-02
-1.249281764030456543e-01
-1.121596712619066238e-02
-5.620728805661201477e-02
-1.176541149616241455e-01
-1.858590915799140930e-02
-9.642288088798522949e-02
-5.188160762190818787e-02
1.059632748365402222e-01
6.179669871926307678e-02
2.105766208842396736e-03
-1.077444702386856079e-01
-5.061986669898033142e-02
9.015144407749176025e-02
5.501552671194076538e-02
1.330207195132970810e-02
5.610508099198341370e-02
5.162225663661956787e-02
7.731663528829813004e-03
-1.106904596090316772e-01
-1.224785000085830688e-01
-5.538647249341011047e-02
-1.550897397100925446e-02
-6.773530691862106323e-02
