-1.268025636672973633e-01
-1.114902943372726440e-01
-1.633510887622833252e-01
-1.097432896494865417e-02
4.367544129490852356e-02
-1.830431446433067322e-02
-1.168233901262283325e-01
3.088201163336634636e-03
-8.765706419944763184e-02
-2.389634773135185242e-02
-5.129653960466384888e-02
4.003398586064577103e-03
-6.794668734073638916e-02
-1.761925667524337769e-01
5.155244842171669006e-02
8.259438723325729370e-02
-8.408665657043457031e-02
-9.985382109880447388e-02
4.395347088575363159e-02
1.022094115614891052e-02
-5.986177176237106323e-02
1.037940904498100281e-01
-2.342945151031017303e-02
-4.674546420574188232e-03
-9.797618538141250610e-02
1.578664630651473999e-01
8.868364989757537842e-02
-1.220162436366081238e-01
-6.083544343709945679e-02
-4.469167068600654602e-02
1.642329245805740356e-01
-2.115587145090103149e-02
2.913783490657806396e-02
-1.224884316325187683e-01
-3.563734516501426697e-02
-3.814712911844253540e-02
-1.649493537843227386e-02
1.283562332391738892e-01
5.650067701935768127e-02
-1.560886506922543049e-03
-1.864269971847534180e-01
-1.622041687369346619e-02
-9.108111262321472168e-02
1.639844924211502075e-01
-5.992594361305236816e-02
1.941771619021892548e-02
3.859069664031267166e-03
1.782137900590896606e-02
-4.373170901089906693e-03
-5.103095620870590210e-02
1.653894931077957153e-01
5.760395154356956482e-02
6.403417326509952545e-03
9.089722298085689545e-03
2.000167034566402435e-02
1.774872094392776489e-02
-2.081666328012943268e-02
8.600207418203353882e-02
1.139799356460571289e-01
6.162806972861289978e-02
6.235015392303466797e-02
1.030506119132041931e-01
-3.163113817572593689e-02
7.752488553524017334e-02
-8.260116726160049438e-02
3.189046680927276611e-02
1.099576056003570557e-01
7.755891233682632446e-02
1.743468940258026123e-01
-7.041271030902862549e-02
4.600438289344310760e-03
5.286991596221923828e-03
-1.689489185810089111e-01
8.481715619564056396e-02
1.534847617149353027e-01
-1.726191490888595581e-01
5.189777817577123642e-03
-2.593595162034034729e-02
-1.230790540575981140e-01
-9.585733525454998016e-03
1.366365998983383179e-01
-2.720878832042217255e-02
-1.155558302998542786e-01
-3.832245990633964539e-02
-6.571083515882492065e-02
8.669704943895339966e-02
-1.425243616104125977e-01
1.343383360654115677e-02
1.667124032974243164e-01
5.164905451238155365e-03
5.062014609575271606e-02
1.194176077842712402e-01
-5.048818141222000122e-02
-1.213280037045478821e-01
-1.019560545682907104e-01
-1.365425586700439453e-01
1.003305912017822266e-01
-1.075454428791999817e-02
-2.192165143787860870e-02
1.855622418224811554e-02
1.288823038339614868e-01
7.539778947830200195e-02
-4.818345978856086731e-02
7.271479815244674683e-02
-1.031084265559911728e-02
1.126124039292335510e-01
-7.151444256305694580e-02
9.835836291313171387e-02
-1.423200666904449463e-01
1.426174771040678024e-02
7.343319058418273926e-02
1.209479644894599915e-01
1.796541810035705566e-01
-1.616920530796051025e-02
-1.436773687601089478e-01
-7.245469838380813599e-03
-1.401174217462539673e-01
5.078382324427366257e-03
6.248489394783973694e-02
4.725629463791847229e-02
-5.398483015596866608e-03
-2.928748540580272675e-02
-1.086108386516571045e-01
1.079666242003440857e-01
-1.987853273749351501e-02
8.168695122003555298e-02
5.592454224824905396e-02
9.288082271814346313e-02
