-5.678017809987068176e-02
-5.105444043874740601e-02
-8.891895413398742676e-02
1.563743129372596741e-02
4.305695742368698120e-02
4.731980338692665100e-02
-1.416539102792739868e-01
1.270432863384485245e-02
-3.347421064972877502e-02
1.755391061305999756e-02
2.327394299209117889e-02
-2.454079873859882355e-02
-1.349377185106277466e-01
-3.481148928403854370e-02
-5.310165509581565857e-02
-7.549887057393789291e-03
-1.237032860517501831e-01
3.506742883473634720e-03
4.271639138460159302e-02
-3.008255362510681152e-02
-9.034772217273712158e-02
2.140627205371856689e-01
-6.258755922317504883e-02
-1.697176098823547363e-01
-7.125276327133178711e-02
1.307837069034576416e-01
1.302339881658554077e-01
-1.198439896106719971e-01
4.419502243399620056e-02
1.850303635001182556e-02
1.809961348772048950e-01
8.136416226625442505e-02
-2.411993779242038727e-02
-8.713020384311676025e-02
-5.861187353730201721e-02
-1.268678009510040283e-01
-5.739878118038177490e-02
2.582745254039764404e-02
-6.706288456916809082e-02
7.973910123109817505e-02
-1.608378142118453979e-01
-1.953197866678237915e-01
2.948199026286602020e-02
1.393700689077377319e-01
-2.641582302749156952e-02
-7.429655641317367554e-02
-2.439241483807563782e-02
4.371473938226699829e-02
-4.535047337412834167e-02
-5.144990608096122742e-02
1.640117615461349487e-01
5.296694487333297729e-02
9.706504642963409424e-02
-4.775880649685859680e-02
1.012110486626625061e-01
5.415564030408859253e-02
1.622446179389953613e-01
1.412392556667327881e-01
1.305461525917053223e-01
7.333497703075408936e-02
-8.004485815763473511e-02
1.360299885272979736e-01
-4.471193253993988037e-02
-1.906525529921054840e-02
5.265363678336143494e-02
-4.603382665663957596e-03
-5.517088249325752258e-02
5.442397296428680420e-02
1.951444596052169800e-01
9.645107388496398926e-02
2.305038459599018097e-02
-3.618106991052627563e-02
-1.468217223882675171e-01
1.576887369155883789e-01
7.883688062429428101e-02
-9.079202264547348022e-02
1.195733348140493035e-04
-6.257845461368560791e-02
3.772987797856330872e-02
-1.214578598737716675e-01
5.950945988297462463e-02
-1.180682405829429626e-01
-2.003460424020886421e-03
-7.899326086044311523e-02
-6.889806687831878662e-02
1.486559025943279266e-02
-1.065132170915603638e-01
-6.170395389199256897e-02
3.261677175760269165e-02
1.829240284860134125e-02
-6.581618636846542358e-02
1.165233999490737915e-01
-2.142124027013778687e-01
-9.420526772737503052e-02
2.929777093231678009e-02
-1.890066862106323242e-01
-1.547010522335767746e-02
4.502365365624427795e-02
-2.772256918251514435e-02
7.465641945600509644e-02
1.606899313628673553e-02
-1.718982821330428123e-03
-1.828369051218032837e-01
3.975343704223632812e-02
4.609632492065429688e-02
7.745366543531417847e-02
-8.758074790239334106e-02
-5.894738063216209412e-02
-1.037586703896522522e-01
6.291429698467254639e-02
2.242448972538113594e-03
5.204372107982635498e-02
8.371653407812118530e-02
6.495638936758041382e-02
-6.989390403032302856e-02
2.822550013661384583e-02
-2.721198089420795441e-02
-1.227756962180137634e-01
-4.821073636412620544e-02
7.724168151617050171e-02
3.929127007722854614e-02
6.964034587144851685e-02
-4.405909404158592224e-02
5.139708518981933594e-02
-1.388392895460128784e-01
-1.575624570250511169e-02
-2.168501168489456177e-02
-4.447177052497863770e-03
