5.488407239317893982e-02
2.589721232652664185e-03
8.616346865892410278e-03
2.004032023251056671e-02
-9.739924222230911255e-02
-1.142153123510070145e-04
2.440838888287544250e-02
-1.232974082231521606e-01
-8.855020254850387573e-02
-1.254211924970149994e-02
-5.133769661188125610e-02
-4.342459142208099365e-02
-1.269380450248718262e-01
-1.065907031297683716e-01
2.437641471624374390e-02
7.731595635414123535e-02
5.207998678088188171e-02
5.888129398226737976e-02
6.144015863537788391e-02
-1.628339141607284546e-01
-5.652415379881858826e-02
2.522154711186885834e-02
-5.244605615735054016e-02
-7.883524894714355469e-02
-3.593580052256584167e-02
1.202212721109390259e-01
-6.476238369941711426e-02
1.129272766411304474e-02
1.823560148477554321e-01
3.323353081941604614e-02
1.468291878700256348e-01
-2.514573559165000916e-02
7.817698270082473755e-02
-2.015468291938304901e-02
2.964878454804420471e-02
2.376007474958896637e-02
-8.038032799959182739e-02
-1.753600127995014191e-02
1.068687182851135731e-03
2.304070442914962769e-01
-1.083362326025962830e-01
-8.959293365478515625e-03
2.797732502222061157e-02
-2.983574941754341125e-02
1.674495823681354523e-02
1.460922211408615112e-01
1.585126817226409912e-01
-9.191690385341644287e-02
1.153452396392822266e-01
7.279317826032638550e-02
1.227745413780212402e-01
-7.774240523576736450e-02
-1.409352719783782959e-01
-2.714355103671550751e-02
1.723607033491134644e-01
-3.310021478682756424e-03
8.163189888000488281e-02
-3.219026327133178711e-02
8.722060173749923706e-02
-8.433213829994201660e-02
1.601885631680488586e-02
-1.621839217841625214e-02
2.291544899344444275e-02
-1.077724341303110123e-02
9.854688495397567749e-02
-5.028348788619041443e-02
-6.282965838909149170e-02
-6.662677973508834839e-02
3.736240416765213013e-02
3.177892044186592102e-02
4.779319092631340027e-02
3.009113948792219162e-03
-1.255533993244171143e-01
1.938387192785739899e-02
1.684888452291488647e-01
-9.285628795623779297e-02
1.118672313168644905e-03
5.972091108560562134e-02
-1.357515808194875717e-02
-7.629429548978805542e-02
2.065788358449935913e-01
-1.978139132261276245e-01
3.341471776366233826e-03
-1.476032584905624390e-01
6.289983540773391724e-02
1.516813039779663086e-01
-5.488833412528038025e-02
5.652714520692825317e-02
1.196814849972724915e-01
-3.034217283129692078e-03
-1.312713772058486938e-01
9.181629866361618042e-02
-4.989551752805709839e-02
-8.422992378473281860e-02
-1.476267278194427490e-01
-5.875827744603157043e-02
-8.957971632480621338e-02
-1.877076365053653717e-02
1.443331539630889893e-01
-7.949756830930709839e-02
8.744779042899608612e-03
-1.513953357934951782e-01
6.533638224937021732e-04
9.627261012792587280e-02
9.239289909601211548e-02
-7.959607057273387909e-03
1.058964952826499939e-01
-1.337518393993377686e-01
-2.091349214315414429e-01
-2.551681362092494965e-02
4.632394295185804367e-03
-4.625283926725387573e-02
1.295606642961502075e-01
9.395695477724075317e-02
-9.324952960014343262e-02
-8.904115110635757446e-02
-2.271681278944015503e-02
2.827613241970539093e-02
-8.169123902916908264e-03
-5.147350206971168518e-02
-5.169737711548805237e-02
-3.450901433825492859e-02
-1.169637516140937805e-01
1.368488222360610962e-01
-1.081437841057777405e-01
-4.021925851702690125e-02
-2.246177941560745239e-02
-2.431176230311393738e-02
