-2.519560232758522034e-02
-3.781579062342643738e-02
-5.561273545026779175e-02
2.113459259271621704e-01
-3.301496803760528564e-02
7.681626826524734497e-02
1.009242236614227295e-02
-1.996907144784927368e-01
-1.288647204637527466e-01
4.175345599651336670e-02
-1.926978826522827148e-01
-6.118376925587654114e-02
-1.211760863661766052e-01
-3.445801883935928345e-02
-4.574766382575035095e-02
-4.906010627746582031e-02
5.471842363476753235e-02
1.496866196393966675e-01
1.429173052310943604e-01
-7.881801575422286987e-02
7.112150639295578003e-02
9.142242372035980225e-02
9.489589929580688477e-02
-3.746340796351432800e-02
-1.217986717820167542e-01
1.062597380951046944e-03
-8.132543414831161499e-02
-1.426888629794120789e-02
-3.847461426630616188e-03
1.154045909643173218e-01
8.640526980161666870e-02
2.149926871061325073e-02
5.059115961194038391e-02
4.257033020257949829e-02
-1.282788217067718506e-01
9.035878628492355347e-02
-1.214181780815124512e-01
-1.107656303793191910e-02
-1.002151817083358765e-01
1.475794613361358643e-01
-7.689127326011657715e-02
-8.636744320392608643e-02
-4.189569503068923950e-02
1.475683599710464478e-02
1.110012680292129517e-01
-6.798085570335388184e-02
-1.101795583963394165e-02
-7.648800313472747803e-02
-4.519130662083625793e-02
1.666245609521865845e-01
1.263615638017654419e-01
4.338901862502098083e-02
1.739569008350372314e-02
6.348370760679244995e-02
4.318723827600479126e-02
9.274004399776458740e-02
1.088074073195457458e-01
6.016343086957931519e-02
1.026636641472578049e-02
2.817766554653644562e-02
-5.369920656085014343e-02
1.053870692849159241e-01
2.266233041882514954e-02
-6.354454159736633301e-02
6.933173537254333496e-02
2.180103659629821777e-01
-7.715340703725814819e-02
4.459195770323276520e-03
9.609895199537277222e-02
7.874751836061477661e-02
1.687888652086257935e-01
9.673755615949630737e-02
-1.653805747628211975e-02
3.129775449633598328e-02
-1.331207808107137680e-02
1.121245417743921280e-02
-3.056685067713260651e-02
-4.767926037311553955e-02
-2.195562794804573059e-02
-1.690465211868286133e-01
1.234672293066978455e-01
-1.927577406167984009e-01
-1.252362579107284546e-01
-3.349911794066429138e-02
6.024685129523277283e-02
-5.662460462190210819e-04
-8.547699451446533203e-02
1.365032605826854706e-02
1.400011628866195679e-01
9.442029893398284912e-02
-1.237920448184013367e-01
9.835377335548400879e-02
-5.087981745600700378e-02
-5.014522373676300049e-02
-3.178061172366142273e-02
-4.617930576205253601e-02
-7.854953408241271973e-02
-4.492803663015365601e-02
5.258382111787796021e-02
-2.025529369711875916e-02
-1.224747858941555023e-02
8.514139801263809204e-02
-3.739404259249567986e-03
1.119700670242309570e-01
-3.561661019921302795e-02
-5.225880071520805359e-02
-7.842531055212020874e-02
-1.636257171630859375e-01
-6.927853822708129883e-02
-1.052661463618278503e-01
-1.312786638736724854e-01
4.898139461874961853e-02
2.474817913025617599e-03
6.880548316985368729e-03
-6.508162617683410645e-02
-3.381178155541419983e-02
2.670913375914096832e-02
1.796392910182476044e-02
-1.653082370758056641e-01
-5.951922014355659485e-02
5.558612570166587830e-02
1.295469999313354492e-01
-2.754054963588714600e-02
-5.932605639100074768e-02
-1.583407372236251831e-01
-4.648601263761520386e-02
-1.077440530061721802e-01
4.423073306679725647e-02
