-2.923436090350151062e-02
5.449886992573738098e-02
-1.636101864278316498e-02
1.135737076401710510e-01
-1.566340923309326172e-01
-4.587589297443628311e-03
-8.001897949725389481e-04
-5.625493079423904419e-02
-2.291601151227951050e-01
-1.770171523094177246e-02
3.339086472988128662e-02
2.915297448635101318e-02
-1.731058657169342041e-01
-1.145673543214797974e-01
-5.076389759778976440e-03
1.011414825916290283e-01
-8.994762785732746124e-03
2.578702569007873535e-02
3.897834941744804382e-02
-3.725239261984825134e-02
-1.042277291417121887e-01
1.099539175629615784e-01
-1.447868067771196365e-02
5.174160748720169067e-02
-9.500376135110855103e-02
1.439057141542434692e-01
-4.054549708962440491e-02
3.067462891340255737e-02
4.817160218954086304e-02
-7.755023986101150513e-02
6.762120872735977173e-02
5.541939288377761841e-03
8.949987590312957764e-02
-1.236196421086788177e-02
7.580636534839868546e-03
4.545156285166740417e-02
1.688981056213378906e-02
-9.374860674142837524e-02
-1.002793610095977783e-01
2.174431681632995605e-01
-6.591098010540008545e-02
5.800730362534523010e-02
-6.532510370016098022e-02
5.490473285317420959e-02
-1.146544795483350754e-02
7.032631337642669678e-02
1.021587252616882324e-01
-4.802719131112098694e-02
6.156242266297340393e-02
1.077234968543052673e-01
2.162026017904281616e-01
5.653000622987747192e-02
-1.117212623357772827e-01
-5.847354605793952942e-02
1.253871768712997437e-01
1.610013097524642944e-02
-6.747228652238845825e-02
2.086120657622814178e-02
-5.444604903459548950e-02
-2.814519964158535004e-02
4.222506657242774963e-02
2.285837754607200623e-02
-6.004721298813819885e-02
3.031152673065662384e-02
3.380247950553894043e-02
3.297242894768714905e-02
-4.032677039504051208e-02
-1.699641346931457520e-02
-2.528802026063203812e-03
4.739414155483245850e-02
1.088119670748710632e-01
5.892989411950111389e-02
-1.256535798311233521e-01
6.606960296630859375e-02
1.176414340734481812e-01
-8.785040676593780518e-02
-7.922136783599853516e-02
3.045530803501605988e-02
-7.413323223590850830e-02
-1.325985491275787354e-01
1.966977417469024658e-01
-1.205200552940368652e-01
-9.335342049598693848e-02
-2.032728493213653564e-01
1.108467951416969299e-01
1.260269880294799805e-01
8.071763068437576294e-02
5.772831290960311890e-02
8.361886441707611084e-02
-6.529685342684388161e-04
-1.170591935515403748e-01
1.519972681999206543e-01
1.625258848071098328e-02
-5.216038972139358521e-02
-7.548363506793975830e-02
-4.735049325972795486e-03
1.063593626022338867e-01
3.445866331458091736e-02
5.705733969807624817e-02
-1.380889117717742920e-01
4.032830893993377686e-02
-1.316427141427993774e-01
2.299425378441810608e-02
6.230097264051437378e-02
-2.414216659963130951e-02
3.952117264270782471e-02
4.308488219976425171e-02
-5.971550941467285156e-02
-3.027079701423645020e-01
1.522834412753582001e-02
7.246596366167068481e-02
1.312804291956126690e-03
9.191717207431793213e-02
2.885930007323622704e-04
-7.623883336782455444e-02
2.819718420505523682e-02
-9.219433367252349854e-02
-8.434928022325038910e-03
6.094110384583473206e-02
-1.184492185711860657e-01
-9.564471431076526642e-03
1.420509908348321915e-02
-1.045225411653518677e-01
6.104664504528045654e-02
-1.909095495939254761e-01
-1.162511482834815979e-02
1.393471751362085342e-02
8.160357177257537842e-02
