-2.445647493004798889e-02
-1.098413243889808655e-01
-2.226218581199645996e-02
1.137809976935386658e-01
-3.461506590247154236e-02
1.983681879937648773e-02
-1.212470829486846924e-01
-2.168734930455684662e-02
-2.233521342277526855e-01
-2.304339595139026642e-02
-1.025734022259712219e-01
1.496158447116613388e-02
-1.563392393290996552e-02
-9.459234029054641724e-02
7.426799088716506958e-02
6.894998997449874878e-02
3.697598353028297424e-02
-7.318837940692901611e-02
-1.744398660957813263e-02
-6.675264984369277954e-02
-2.672389708459377289e-02
9.426913410425186157e-02
4.842123389244079590e-02
1.185622066259384155e-02
-2.020245343446731567e-01
1.038960069417953491e-01
3.149778023362159729e-02
-3.779356181621551514e-02
-6.486305966973304749e-03
-5.060229822993278503e-02
1.925567537546157837e-01
-2.700574882328510284e-02
6.535112857818603516e-02
-1.039769873023033142e-01
-2.554486878216266632e-02
9.109633974730968475e-03
-3.136418014764785767e-02
3.807468339800834656e-02
2.365273609757423401e-02
1.165234819054603577e-01
-7.556344568729400635e-02
-5.212112888693809509e-02
-9.849445521831512451e-02
1.520022004842758179e-01
-5.543140694499015808e-02
3.179345279932022095e-03
-1.645421236753463745e-02
1.293583773076534271e-02
4.509069025516510010e-02
3.113504685461521149e-02
2.193139791488647461e-01
-1.558486185967922211e-02
-2.794902073219418526e-03
9.545414708554744720e-03
9.371405839920043945e-02
3.788086399435997009e-02
6.604814529418945312e-02
-9.199198335409164429e-03
1.220868825912475586e-01
1.835204311646521091e-03
8.995950967073440552e-02
2.969336509704589844e-02
2.168416418135166168e-02
1.221265867352485657e-01
-7.434304803609848022e-02
-3.301549330353736877e-02
1.172374561429023743e-01
2.621542662382125854e-02
9.317266941070556641e-02
-4.014790803194046021e-02
6.611164659261703491e-02
-5.520239472389221191e-02
-1.519904583692550659e-01
5.934211611747741699e-02
1.863837987184524536e-01
-1.349736452102661133e-01
3.533496754243969917e-03
-3.897567465901374817e-02
-1.840637251734733582e-02
-7.046293467283248901e-02
1.368313431739807129e-01
-1.447907388210296631e-01
-1.614508777856826782e-01
-4.079278558492660522e-02
2.771383523941040039e-02
9.228999167680740356e-02
-1.245161667466163635e-01
1.701112021692097187e-03
1.623883992433547974e-01
-9.634092450141906738e-02
-7.051896303892135620e-02
3.788839280605316162e-02
-7.093633525073528290e-03
-2.160232812166213989e-01
-2.036420814692974091e-02
-1.745560616254806519e-01
8.453880250453948975e-02
-8.571901917457580566e-02
2.433518134057521820e-02
1.058095134794712067e-02
1.419094111770391464e-02
6.240837275981903076e-03
-1.132997125387191772e-02
1.980161368846893311e-01
5.930440872907638550e-02
4.082248732447624207e-02
2.895967476069927216e-02
-3.698404878377914429e-02
-1.475232839584350586e-01
-4.237772524356842041e-02
5.914178118109703064e-02
6.256502866744995117e-02
1.905300468206405640e-01
8.194510638713836670e-02
-1.218845546245574951e-01
-9.414397180080413818e-03
-2.087450176477432251e-01
-9.943286888301372528e-03
1.573802717030048370e-02
5.546914041042327881e-02
1.299315243959426880e-01
-4.674822464585304260e-02
-5.496780946850776672e-02
1.027080565690994263e-01
-2.537659928202629089e-02
7.180229574441909790e-02
1.600481569766998291e-02
4.631227999925613403e-02
