-6.595554202795028687e-02
-1.208943501114845276e-01
-1.757168769836425781e-01
9.293587505817413330e-02
-4.626186192035675049e-02
7.409179955720901489e-02
-2.564117871224880219e-02
-2.280431538820266724e-01
-7.173831015825271606e-02
3.732256591320037842e-02
2.956775948405265808e-02
-1.294518858194351196e-01
4.846820980310440063e-02
-1.852572313509881496e-03
7.309032231569290161e-02
-5.174403637647628784e-02
-8.018669672310352325e-03
5.117662623524665833e-02
6.445361673831939697e-02
-9.190113842487335205e-02
-1.379433274269104004e-01
1.883069276809692383e-01
8.605833351612091064e-02
-3.692283853888511658e-02
-3.154831705614924431e-03
1.674379035830497742e-02
3.236784413456916809e-02
-1.937899924814701080e-02
-1.441143006086349487e-01
-2.059903740882873535e-02
6.523828953504562378e-02
-3.245255723595619202e-02
8.118394762277603149e-02
-6.302438676357269287e-02
-6.275820732116699219e-02
2.952239662408828735e-02
-1.565205007791519165e-01
4.827113449573516846e-02
-6.760968267917633057e-02
9.126365184783935547e-02
-1.637323051691055298e-01
-4.123834893107414246e-02
-5.989693850278854370e-02
1.447843164205551147e-01
-3.033562749624252319e-02
-8.403132855892181396e-02
-8.724915236234664917e-02
-5.921487510204315186e-02
1.323760151863098145e-01
-2.413002960383892059e-02
9.833128005266189575e-02
-5.956562981009483337e-02
4.424530640244483948e-02
5.296737421303987503e-03
1.016581663861870766e-03
1.459970772266387939e-01
3.453206643462181091e-02
1.100081279873847961e-01
9.642834216356277466e-02
-6.767513696104288101e-03
-8.844381198287010193e-03
1.964422464370727539e-01
-5.259024351835250854e-02
5.994497332721948624e-03
6.393495202064514160e-02
9.588684141635894775e-02
-1.247191987931728363e-02
-1.420661062002182007e-02
1.117972210049629211e-01
1.281293034553527832e-01
1.238585859537124634e-01
1.080941408872604370e-01
-2.312269061803817749e-02
-2.333023399114608765e-02
7.918473333120346069e-02
-9.694153815507888794e-02
1.271085441112518311e-01
-3.891639783978462219e-02
7.232695817947387695e-02
-1.125828772783279419e-01
2.299016118049621582e-01
-1.081238836050033569e-01
-8.477553725242614746e-02
2.938002534210681915e-02
7.734044641256332397e-02
-4.852650687098503113e-02
-1.440245062112808228e-01
-1.672320300713181496e-03
1.445026099681854248e-01
2.507561445236206055e-02
-1.294792145490646362e-01
9.046930819749832153e-02
-1.102994978427886963e-01
-1.166103556752204895e-01
-1.807595193386077881e-01
-1.450653225183486938e-01
7.018682360649108887e-02
5.427795276045799255e-02
-1.124513223767280579e-01
-2.359601901844143867e-03
-1.259942539036273956e-02
1.545131206512451172e-02
1.171353273093700409e-02
8.775424212217330933e-02
-1.823048572987318039e-03
-5.732537060976028442e-02
-1.037103608250617981e-01
2.409983240067958832e-02
-8.019071072340011597e-02
-8.091394603252410889e-02
8.923005312681198120e-03
-4.327396675944328308e-02
2.381659112870693207e-02
5.612611025571823120e-02
-1.088534295558929443e-01
-5.693478509783744812e-02
-9.304665029048919678e-02
2.952363714575767517e-02
-1.512050256133079529e-02
-1.149674803018569946e-01
-1.551612629555165768e-03
4.381887987256050110e-02
4.122730344533920288e-02
2.683401666581630707e-02
8.920835331082344055e-03
3.509882837533950806e-02
-1.957371532917022705e-01
1.864164695143699646e-02
