-1.292253136634826660e-01
-4.498059302568435669e-02
-9.599170833826065063e-02
2.072017937898635864e-01
7.704539597034454346e-02
1.911752372980117798e-01
-6.668031215667724609e-02
-1.164906695485115051e-01
-1.426097005605697632e-01
-9.689094871282577515e-02
4.164053127169609070e-02
-5.804063752293586731e-02
4.271336644887924194e-02
1.098426524549722672e-02
-1.623408310115337372e-02
-2.001580968499183655e-02
-2.463817410171031952e-02
-7.607244700193405151e-02
4.085091874003410339e-03
-6.601117551326751709e-02
6.038262322545051575e-02
1.938454508781433105e-01
1.142526119947433472e-01
-1.152103319764137268e-01
-1.296466588973999023e-01
1.247428134083747864e-01
5.280821770429611206e-02
-7.374496757984161377e-02
-3.793488442897796631e-02
8.092232048511505127e-02
2.258811704814434052e-02
9.290132671594619751e-02
-5.767298117280006409e-02
-3.183004632592201233e-02
-1.890570521354675293e-01
8.355343714356422424e-03
-6.772097945213317871e-02
-1.540496759116649628e-02
-1.176189556717872620e-01
5.499118939042091370e-02
-3.443414811044931412e-03
-3.244919329881668091e-02
-1.615627855062484741e-02
1.010494306683540344e-01
-1.734334276989102364e-03
-9.204718470573425293e-02
-5.776783451437950134e-02
-1.943117193877696991e-02
1.169573981314897537e-02
6.550614535808563232e-02
1.576745659112930298e-01
-1.929509686306118965e-03
2.062930725514888763e-03
7.711931318044662476e-02
4.881079867482185364e-02
8.354644477367401123e-02
8.773059397935867310e-02
7.066753506660461426e-02
-1.035986002534627914e-02
2.515599317848682404e-02
-2.882888726890087128e-02
1.530343443155288696e-01
-1.130490656942129135e-02
-4.413607716560363770e-02
-2.069827727973461151e-02
7.510737329721450806e-02
4.717036336660385132e-02
1.106551811099052429e-01
1.257838606834411621e-01
7.327611744403839111e-02
1.881214529275894165e-01
5.860503762960433960e-02
-1.527294814586639404e-01
1.162667945027351379e-01
4.493405669927597046e-02
-1.071032136678695679e-02
-7.625145837664604187e-03
-1.054916903376579285e-01
4.439219087362289429e-02
-2.185161560773849487e-01
9.079422056674957275e-02
-2.148350924253463745e-01
-5.578228831291198730e-02
-9.487821161746978760e-02
3.654026985168457031e-02
8.809215389192104340e-03
-5.992696434259414673e-02
-3.726268187165260315e-02
6.432412564754486084e-02
6.132049858570098877e-02
-1.361673474311828613e-01
-2.947253175079822540e-02
-1.012109443545341492e-01
-1.408913284540176392e-01
-2.702974155545234680e-02
-1.641391366720199585e-01
8.966493606567382812e-02
8.917032741010189056e-03
3.684688359498977661e-02
-7.807389367371797562e-03
-8.540609478950500488e-02
4.427945986390113831e-02
-9.944420307874679565e-02
2.023335993289947510e-01
4.507154598832130432e-02
9.666321426630020142e-02
-5.223516747355461121e-02
-2.118144929409027100e-02
-1.191858053207397461e-01
5.421015992760658264e-02
-3.376881405711174011e-02
-1.221637148410081863e-02
5.996688082814216614e-02
-4.786646738648414612e-02
-6.025741621851921082e-02
5.250369012355804443e-02
-8.637860417366027832e-02
-1.907375268638134003e-02
-2.373735792934894562e-02
7.730604708194732666e-02
1.395097374916076660e-01
6.775835528969764709e-03
4.793980345129966736e-02
-1.136306859552860260e-02
-1.514791995286941528e-01
-4.220013320446014404e-02
7.660933304578065872e-03
-1.041208878159523010e-01
