3.754718601703643799e-02
-1.197556406259536743e-01
-1.903131045401096344e-02
1.256622523069381714e-01
2.872193977236747742e-02
9.653244167566299438e-02
-5.304399132728576660e-02
-1.608330458402633667e-01
-5.572826042771339417e-02
1.342209130525588989e-01
-3.093598224222660065e-02
-1.859798431396484375e-01
-1.554929912090301514e-01
3.099718317389488220e-02
-2.486724220216274261e-02
8.122804015874862671e-02
-6.542838364839553833e-02
-2.761464193463325500e-02
1.452395021915435791e-01
-1.827578395605087280e-01
-1.349019408226013184e-01
1.330868452787399292e-01
5.104480776935815811e-03
-1.093171015381813049e-01
-9.305500239133834839e-02
2.020654641091823578e-02
-3.294060006737709045e-02
-3.463875129818916321e-02
5.307729542255401611e-02
6.296632438898086548e-02
5.622247979044914246e-02
-8.258064836263656616e-02
-5.863730795681476593e-03
-3.714542090892791748e-02
4.367607831954956055e-02
2.429085725452750921e-04
-1.141451746225357056e-01
1.022304072976112366e-01
-1.126309856772422791e-01
1.833491176366806030e-01
-4.092224314808845520e-02
-9.879405796527862549e-02
4.240114986896514893e-02
1.082882732152938843e-01
8.855406939983367920e-02
-8.178529888391494751e-02
2.162007428705692291e-02
-1.432347297668457031e-01
7.973549515008926392e-02
1.594944670796394348e-02
1.513365656137466431e-01
-1.262596994638442993e-02
-6.357961893081665039e-02
3.292672336101531982e-02
1.782473325729370117e-01
1.496479064226150513e-01
1.189824417233467102e-01
1.063565015792846680e-01
8.580396324396133423e-02
3.029289282858371735e-02
-2.115419507026672363e-02
8.489897847175598145e-02
3.136602789163589478e-02
-1.417486742138862610e-02
6.136053055524826050e-02
1.428434401750564575e-01
-2.408639714121818542e-02
-2.231788448989391327e-02
6.787282228469848633e-02
2.692659571766853333e-02
1.830758601427078247e-01
-5.704619362950325012e-02
-7.372035086154937744e-02
2.884513884782791138e-02
6.740280240774154663e-02
-5.746816471219062805e-02
-7.990399375557899475e-03
-2.438450045883655548e-02
2.803704887628555298e-02
-6.271703168749809265e-03
1.002706438302993774e-01
-2.308861315250396729e-01
4.305236041545867920e-02
-2.001353166997432709e-02
5.137762799859046936e-02
1.112730801105499268e-02
-9.810423105955123901e-02
5.165639519691467285e-02
1.808262914419174194e-01
6.230394914746284485e-02
-1.274667382240295410e-01
1.481381803750991821e-01
-4.353518132120370865e-03
-1.240171194076538086e-01
-1.801519840955734253e-02
-1.077721789479255676e-01
-2.750378847122192383e-02
4.531853273510932922e-02
1.079755201935768127e-01
2.978859841823577881e-02
2.627426013350486755e-02
-2.629251405596733093e-02
-9.050951898097991943e-02
1.740884482860565186e-01
1.171477884054183960e-01
5.512105301022529602e-03
-9.798150509595870972e-03
-1.580284349620342255e-02
-7.235992699861526489e-02
2.252363227307796478e-02
-5.230301991105079651e-02
2.805005013942718506e-02
7.575986534357070923e-02
9.134051948785781860e-02
-9.966357052326202393e-02
-2.181678544729948044e-03
1.285639684647321701e-02
-8.534207940101623535e-02
-2.202835679054260254e-02
-4.338867589831352234e-02
-2.177533321082592010e-02
-6.119883037172257900e-04
-3.627935051918029785e-02
6.576043367385864258e-02
-1.427590399980545044e-01
8.184158056974411011e-02
-1.549454629421234131e-01
6.483721733093261719e-02
