-1.226586401462554932e-01
7.664649933576583862e-02
1.713167689740657806e-02
7.334347069263458252e-02
-8.425501734018325806e-02
-4.664127528667449951e-02
-5.186145380139350891e-02
-5.691256746649742126e-02
-8.706562966108322144e-02
-8.993600308895111084e-02
-7.178802788257598877e-02
-7.229951024055480957e-02
2.011943608522415161e-02
-7.776904106140136719e-02
-3.891423344612121582e-02
-1.075049787759780884e-01
-7.454095780849456787e-02
5.501255765557289124e-02
-3.320951759815216064e-02
-5.715109780430793762e-02
-6.194038689136505127e-02
1.672920882701873779e-01
-1.117935329675674438e-01
-1.064916625618934631e-01
3.944137319922447205e-02
1.276301741600036621e-01
-9.082225710153579712e-02
3.908530622720718384e-02
2.202571777161210775e-04
-7.610957324504852295e-02
1.166616231203079224e-01
-4.634528420865535736e-03
1.295614689588546753e-01
-8.850663900375366211e-02
-5.007662624120712280e-02
7.265360653400421143e-02
-2.011924386024475098e-01
7.697163522243499756e-02
-8.674531430006027222e-02
1.815396696329116821e-01
-6.197794899344444275e-02
-7.073659449815750122e-02
7.684555370360612869e-03
3.801319375634193420e-02
-2.884840406477451324e-02
1.000095829367637634e-01
1.465585678815841675e-01
2.703987620770931244e-02
1.253408491611480713e-01
1.446312963962554932e-01
1.431321799755096436e-01
-3.143192082643508911e-02
-1.175625696778297424e-01
-4.735973849892616272e-02
2.317201532423496246e-02
-2.557779895141720772e-03
-5.308638513088226318e-02
2.153674885630607605e-02
8.505791425704956055e-02
-1.386457588523626328e-02
5.760813364759087563e-04
3.634449094533920288e-03
-3.005183674395084381e-02
-3.271714225411415100e-02
-4.198019579052925110e-02
-3.279075399041175842e-02
-1.310459524393081665e-01
3.446913138031959534e-02
6.197368726134300232e-02
1.496090590953826904e-01
1.556173060089349747e-02
6.892645359039306641e-02
-1.087529733777046204e-01
6.944878399372100830e-02
1.104251295328140259e-01
-6.240155920386314392e-02
8.418896794319152832e-02
6.262225657701492310e-02
-9.900150448083877563e-02
-7.642884552478790283e-02
2.423744350671768188e-01
-1.112780421972274780e-01
8.465077728033065796e-03
-2.092035114765167236e-01
1.014322713017463684e-01
1.009720936417579651e-01
1.803207676857709885e-03
5.514506250619888306e-03
1.211556196212768555e-01
-1.180551014840602875e-03
-9.079956263303756714e-02
1.603283137083053589e-01
-4.497419297695159912e-02
-8.233508467674255371e-02
-1.467389464378356934e-01
-1.378434300422668457e-01
3.818955644965171814e-02
-6.576125975698232651e-03
1.981224715709686279e-01
-7.767728716135025024e-02
1.751274801790714264e-02
-7.814224809408187866e-02
-2.793478220701217651e-02
1.187111958861351013e-01
-1.331553980708122253e-02
-5.089180171489715576e-02
3.255777060985565186e-02
-5.473674088716506958e-02
-3.395580127835273743e-02
-1.605058312416076660e-01
1.184754818677902222e-02
-2.181973122060298920e-02
1.145575419068336487e-01
9.249760210514068604e-02
-3.957252949476242065e-02
-9.203922748565673828e-02
-1.338447928428649902e-01
7.219945639371871948e-02
6.567797157913446426e-03
-9.846537560224533081e-02
-1.020649969577789307e-01
-7.628631591796875000e-02
-1.665435731410980225e-03
4.750905930995941162e-02
-5.604109168052673340e-02
6.563054770231246948e-02
7.886492460966110229e-02
4.951833933591842651e-02
