-1.226531527936458588e-02
1.606907509267330170e-02
-9.004625678062438965e-02
2.293137907981872559e-01
8.287544362246990204e-03
1.336461007595062256e-01
-1.966378651559352875e-02
-1.834725588560104370e-01
-1.488062888383865356e-01
1.148011088371276855e-01
-1.155430823564529419e-01
-9.200162440538406372e-02
-5.678226053714752197e-02
-5.321701988577842712e-02
-7.177268713712692261e-02
8.096724748611450195e-03
3.743321448564529419e-02
7.149520795792341232e-03
1.212753355503082275e-01
-1.129351407289505005e-01
4.852676019072532654e-02
4.277861490845680237e-02
5.011163279414176941e-02
-5.853478610515594482e-02
-1.220750138163566589e-01
8.947510272264480591e-02
-1.962674781680107117e-02
2.925009233877062798e-03
1.156354695558547974e-02
7.672450691461563110e-02
1.167433187365531921e-01
1.439546048641204834e-02
-5.160995200276374817e-02
1.319546066224575043e-02
-9.937704354524612427e-02
7.806660234928131104e-02
-2.345350198447704315e-02
5.950279906392097473e-02
-1.958454102277755737e-01
1.251582205295562744e-01
4.267180338501930237e-02
3.927830979228019714e-02
2.699804306030273438e-02
-2.042546495795249939e-02
3.818041831254959106e-02
-2.426834776997566223e-02
-1.503910170868039131e-03
-6.814707070589065552e-02
-1.692946441471576691e-02
9.744842350482940674e-02
1.114098951220512390e-01
8.568760938942432404e-03
-6.040979176759719849e-02
9.173212200403213501e-02
1.361665278673171997e-01
1.277873665094375610e-01
8.274709433317184448e-02
6.679358426481485367e-03
-2.076815254986286163e-02
-8.080515265464782715e-02
-8.214187808334827423e-03
7.976495474576950073e-02
4.563995450735092163e-02
-1.651669442653656006e-01
-6.962919980287551880e-02
8.018539100885391235e-02
8.103621751070022583e-02
8.007019013166427612e-02
7.045389711856842041e-02
5.251367017626762390e-02
2.311318665742874146e-01
1.574180833995342255e-02
-1.467389911413192749e-01
2.083207853138446808e-02
2.578636072576045990e-02
-2.245842106640338898e-02
-6.874327547848224640e-03
-7.314459234476089478e-02
2.677367441356182098e-02
-5.516706407070159912e-02
1.033456102013587952e-01
-2.492767721414566040e-01
-2.459748275578022003e-02
-1.175750195980072021e-01
5.516665801405906677e-02
-8.934081532061100006e-03
-7.817112654447555542e-02
-5.868284404277801514e-02
9.613427519798278809e-02
6.024686247110366821e-02
-1.101368889212608337e-01
-2.566937822848558426e-03
4.880157485604286194e-02
-1.912219524383544922e-01
3.221542388200759888e-02
-4.995181411504745483e-02
1.911279372870922089e-02
1.704663969576358795e-02
8.098532259464263916e-02
-5.226588621735572815e-02
-4.131014575250446796e-04
2.013965137302875519e-02
-8.046716451644897461e-03
2.399856001138687134e-01
7.726205885410308838e-02
9.999309480190277100e-02
2.530165715143084526e-03
-1.920904405415058136e-02
-2.347510308027267456e-01
-1.353866513818502426e-02
-8.152341097593307495e-02
-1.826275698840618134e-02
8.778678625822067261e-02
-4.458577185869216919e-02
-1.140855401754379272e-01
2.975135110318660736e-03
-1.025493294000625610e-01
2.992439083755016327e-02
-3.784252703189849854e-02
-5.725555866956710815e-02
5.458670854568481445e-02
1.452462165616452694e-03
-5.658509209752082825e-03
4.324159771203994751e-02
-2.156167477369308472e-01
-8.056076616048812866e-02
-2.555167861282825470e-02
-2.493937266990542412e-03
