2.380766160786151886e-02
-9.544678777456283569e-02
-6.761272251605987549e-02
2.001325935125350952e-01
5.974133685231208801e-02
9.670106321573257446e-02
6.515479832887649536e-02
-1.798896193504333496e-01
-1.044107303023338318e-01
2.753077633678913116e-02
-1.196224391460418701e-01
-1.075168922543525696e-01
-1.715053319931030273e-01
1.043262146413326263e-02
7.453683298081159592e-03
-1.517447736114263535e-02
4.641801863908767700e-02
1.270937472581863403e-01
1.754725724458694458e-01
-1.626417487859725952e-01
1.216490101069211960e-02
9.057276695966720581e-02
3.420791123062372208e-03
-4.419366642832756042e-02
-8.902267366647720337e-02
1.590986177325248718e-02
-3.994332998991012573e-02
-3.754781326279044151e-03
7.196351140737533569e-02
1.312455981969833374e-01
7.390263676643371582e-02
1.032138243317604065e-01
3.619670495390892029e-02
-3.427222371101379395e-02
-9.706366062164306641e-02
4.153173044323921204e-02
-1.281412988901138306e-01
-2.164123579859733582e-02
-5.460408702492713928e-02
1.616230905055999756e-01
-7.872927933931350708e-02
-9.616173803806304932e-02
7.006571441888809204e-02
-1.503968704491853714e-02
1.567518711090087891e-01
-4.269000887870788574e-02
-1.012703869491815567e-03
-1.051116958260536194e-01
4.157510027289390564e-02
5.306224152445793152e-02
1.156021580100059509e-01
-8.476027287542819977e-03
-4.249858111143112183e-02
2.775111235678195953e-02
1.557824015617370605e-01
6.684263795614242554e-02
8.717099577188491821e-02
5.196344107389450073e-02
7.844248414039611816e-02
-2.022967115044593811e-02
-5.455961078405380249e-02
1.370022743940353394e-01
8.498436212539672852e-02
-7.667227089405059814e-02
1.055646613240242004e-01
1.257337331771850586e-01
1.233566179871559143e-02
-9.555265307426452637e-02
8.219075202941894531e-02
9.228577464818954468e-02
1.468419581651687622e-01
6.695856899023056030e-02
-1.179932504892349243e-01
6.811616569757461548e-02
1.213299110531806946e-02
4.774102941155433655e-02
1.611301489174365997e-02
-4.495246335864067078e-02
-1.413826644420623779e-02
-8.658207207918167114e-02
1.507566124200820923e-01
-1.904726028442382812e-01
-4.970153048634529114e-02
-7.262381911277770996e-02
4.285518079996109009e-02
5.684013012796640396e-03
-8.442573994398117065e-02
-4.038627445697784424e-02
1.181114390492439270e-01
7.050252705812454224e-02
-1.652464270591735840e-01
1.062503531575202942e-01
-3.006538003683090210e-02
-7.910656929016113281e-02
-7.870522141456604004e-02
-3.475328907370567322e-02
-7.990149408578872681e-02
7.471582293510437012e-02
6.026861444115638733e-02
-3.527435660362243652e-02
-2.284550853073596954e-02
5.463509634137153625e-02
3.173324512317776680e-03
1.499532312154769897e-01
5.477911606431007385e-02
-1.348816230893135071e-02
-6.413581967353820801e-02
-1.633128821849822998e-01
-1.225970312952995300e-01
-5.460429191589355469e-02
-1.234831959009170532e-01
-4.376680031418800354e-02
-1.743054762482643127e-02
7.673381268978118896e-02
-7.179737836122512817e-02
-1.816282980144023895e-02
4.003863036632537842e-02
-1.473731268197298050e-02
-1.410633027553558350e-01
-8.393134176731109619e-02
3.311272710561752319e-02
1.338177025318145752e-01
-7.006528973579406738e-02
1.139011140912771225e-02
-1.517321914434432983e-01
-1.996590010821819305e-02
-1.340666115283966064e-01
1.298923417925834656e-02
