-8.940654993057250977e-02
7.035787403583526611e-02
2.451563440263271332e-02
5.363228544592857361e-02
-6.128947064280509949e-02
4.621736705303192139e-02
-3.350704163312911987e-02
-1.212348937988281250e-01
-8.197576552629470825e-02
-4.947108402848243713e-02
1.175582930445671082e-01
-6.349845230579376221e-02
-8.375512063503265381e-02
-4.531126096844673157e-02
-2.342942543327808380e-02
-5.294343084096908569e-02
-3.468806296586990356e-02
6.300867348909378052e-02
-3.048224374651908875e-02
-2.505670674145221710e-02
-1.016206666827201843e-01
9.140986204147338867e-02
3.918312117457389832e-02
-5.960821732878684998e-02
-4.865369945764541626e-02
9.403101354837417603e-02
-5.956686660647392273e-02
1.326290704309940338e-02
9.927263110876083374e-02
-6.286324560642242432e-02
-6.768079940229654312e-03
-3.066319599747657776e-02
1.665464788675308228e-01
-1.127098873257637024e-02
-8.062209933996200562e-02
6.777752190828323364e-02
-1.784258782863616943e-01
-1.905683726072311401e-01
-1.015591919422149658e-01
2.027003914117813110e-01
-1.525314897298812866e-01
-1.214058622717857361e-01
-9.826491773128509521e-02
8.009638637304306030e-02
9.146573394536972046e-02
-1.205213461071252823e-02
1.196528449654579163e-01
-2.109263278543949127e-02
1.479688733816146851e-01
7.433959841728210449e-02
1.887179017066955566e-01
-1.902559399604797363e-02
-5.678319558501243591e-02
4.624286293983459473e-02
1.106189750134944916e-02
8.531502448022365570e-03
4.606497660279273987e-02
2.641223184764385223e-02
-1.402665860950946808e-02
-1.151251327246427536e-02
1.967680081725120544e-02
1.049325093626976013e-01
-4.003701359033584595e-02
7.432130724191665649e-02
1.006223633885383606e-02
1.157383322715759277e-01
-1.218796819448471069e-01
7.190793752670288086e-02
4.082494974136352539e-02
9.668531268835067749e-02
1.175751984119415283e-01
1.717122346162796021e-01
-6.832576543092727661e-02
8.347542583942413330e-02
1.057083010673522949e-01
-4.012011736631393433e-02
3.334844112396240234e-02
7.039728760719299316e-02
-1.935689710080623627e-02
-1.359461396932601929e-01
2.229772955179214478e-01
-8.131249248981475830e-02
-1.120939105749130249e-01
-9.542650729417800903e-02
1.525201201438903809e-01
3.286996111273765564e-02
3.406150266528129578e-02
-9.023132920265197754e-02
1.151311695575714111e-01
1.312693208456039429e-01
-2.228647768497467041e-01
1.630688160657882690e-01
-1.219184696674346924e-01
-4.079037159681320190e-02
-1.533381193876266479e-01
-1.134695410728454590e-01
-5.495374277234077454e-02
-1.450388599187135696e-02
9.224034100770950317e-02
-9.298988431692123413e-02
-2.453943714499473572e-02
-8.608589321374893188e-02
-6.797027587890625000e-02
2.738429605960845947e-02
-5.245704203844070435e-02
-1.064692884683609009e-01
5.401124246418476105e-03
-1.057110950350761414e-01
-3.274152055382728577e-02
-3.688370063900947571e-02
-6.466928869485855103e-02
-4.743025079369544983e-02
3.039157204329967499e-02
1.076977401971817017e-01
-1.678513921797275543e-02
-9.664744883775711060e-02
2.304664440453052521e-02
-2.124516293406486511e-02
8.902927488088607788e-02
-2.359233051538467407e-02
-4.000694025307893753e-03
2.438248135149478912e-03
-1.946903183124959469e-03
-5.814521014690399170e-02
-1.025745794177055359e-01
1.146465986967086792e-01
-2.241790480911731720e-02
-9.976423345506191254e-03
