1.696392521262168884e-02
-1.095287203788757324e-01
-2.786175906658172607e-02
9.512295573949813843e-02
-8.407792448997497559e-02
3.007150441408157349e-02
8.049368858337402344e-03
-4.209823533892631531e-02
-2.723092734813690186e-01
-5.821858718991279602e-02
-6.477845832705497742e-03
-3.459958359599113464e-03
-4.520573467016220093e-02
-1.023729443550109863e-01
1.545250266790390015e-01
1.355559229850769043e-01
1.248965635895729065e-01
-4.972280468791723251e-03
6.374602019786834717e-02
-1.429312527179718018e-01
-4.160648584365844727e-02
9.138187766075134277e-02
1.501847207546234131e-01
1.126627996563911438e-02
-6.781366467475891113e-02
4.035211727023124695e-02
-2.567862160503864288e-03
-2.373076230287551880e-02
1.157835051417350769e-01
4.971020296216011047e-02
7.242912799119949341e-02
-5.576306954026222229e-02
6.775962561368942261e-02
4.104505106806755066e-02
4.952049627900123596e-02
-4.227158054709434509e-02
1.074981060810387135e-03
-5.157190933823585510e-02
3.933194279670715332e-02
1.787582933902740479e-01
-1.096383258700370789e-01
-5.411095917224884033e-03
-1.257738620042800903e-01
1.024307161569595337e-01
7.624411955475807190e-03
1.155512779951095581e-02
7.777354866266250610e-02
-1.017517521977424622e-01
1.063326746225357056e-01
-3.553343471139669418e-03
2.070934921503067017e-01
-3.803190961480140686e-02
-8.174258470535278320e-02
-1.261633355170488358e-02
1.160105168819427490e-01
-3.191373497247695923e-02
9.301093220710754395e-02
2.949388325214385986e-02
6.842691451311111450e-02
3.617305308580398560e-02
5.556986480951309204e-02
6.382338702678680420e-02
3.287691622972488403e-02
1.004723682999610901e-01
1.275004148483276367e-01
4.214981198310852051e-02
-3.055666945874691010e-02
-6.816920638084411621e-02
1.059364005923271179e-01
2.440725266933441162e-02
7.027984410524368286e-02
7.848942768760025501e-04
-9.197624027729034424e-02
-1.630537025630474091e-02
1.344679147005081177e-01
-9.522746503353118896e-02
-3.076004609465599060e-02
2.302118577063083649e-02
6.071219220757484436e-03
-1.586785167455673218e-01
1.172022446990013123e-01
-1.468524336814880371e-01
-9.290998429059982300e-02
-8.344614878296852112e-03
3.068822994828224182e-02
1.724068075418472290e-01
-1.803094148635864258e-02
1.308674812316894531e-01
6.101034581661224365e-02
-4.669529572129249573e-02
-1.626036167144775391e-01
8.032918721437454224e-02
-1.184703037142753601e-02
-3.689401969313621521e-02
-1.087138652801513672e-01
3.583022207021713257e-02
2.397719398140907288e-02
5.086744576692581177e-02
-2.034074440598487854e-02
-4.487351514399051666e-03
1.138394582085311413e-03
-8.859392255544662476e-02
5.128736421465873718e-02
1.475585997104644775e-01
7.810844480991363525e-02
-4.101349785923957825e-02
8.347069472074508667e-02
-1.269721835851669312e-01
-2.918883562088012695e-01
-4.784715548157691956e-02
1.488489098846912384e-02
-3.519745916128158569e-02
1.370495408773422241e-01
3.005884774029254913e-02
-1.165254637598991394e-01
-6.794598884880542755e-03
-9.845327585935592651e-02
-3.626802563667297363e-02
1.239992398768663406e-02
3.207473084330558777e-02
1.312667876482009888e-01
6.703791022300720215e-02
-1.125128120183944702e-01
1.169492974877357483e-01
-1.399106532335281372e-02
2.062341757118701935e-02
-1.295446604490280151e-01
-6.518298387527465820e-02
