-1.020813286304473877e-01
-1.852603629231452942e-02
-7.082143425941467285e-02
7.516641169786453247e-02
-3.371372073888778687e-02
4.193878918886184692e-02
-9.114683419466018677e-02
-1.008132249116897583e-01
-1.766931563615798950e-01
2.681179437786340714e-03
-7.738933712244033813e-02
-3.877058625221252441e-02
-5.884129926562309265e-02
-1.094213724136352539e-01
2.169054001569747925e-02
-3.633617237210273743e-02
-8.013399690389633179e-02
2.588770724833011627e-02
3.242160379886627197e-02
-1.529376655817031860e-01
-1.612253487110137939e-01
1.316964477300643921e-01
9.731946140527725220e-02
-2.695548161864280701e-02
-1.951549351215362549e-01
9.488188475370407104e-02
-1.001449394971132278e-02
-2.286349795758724213e-02
-8.868353068828582764e-02
-8.469527214765548706e-02
8.279939740896224976e-02
-1.509484834969043732e-02
8.851218968629837036e-02
-1.716982573270797729e-02
-1.065688729286193848e-01
2.831066213548183441e-02
-9.292652457952499390e-02
-3.130260109901428223e-02
-3.476821584627032280e-03
1.335775107145309448e-01
-1.402549743652343750e-01
-7.811230421066284180e-02
-1.064380630850791931e-01
8.761632442474365234e-02
2.746179327368736267e-02
4.644781351089477539e-02
3.336608782410621643e-02
-2.276985906064510345e-02
4.812500625848770142e-02
1.291170250624418259e-02
2.490653991699218750e-01
2.074461954180151224e-04
5.147612467408180237e-02
1.650698296725749969e-02
6.864587310701608658e-03
3.337096050381660461e-02
6.944093853235244751e-02
4.504331573843955994e-02
6.142522767186164856e-02
1.283949892967939377e-02
5.491454154253005981e-02
1.320267766714096069e-01
-1.466037798672914505e-02
4.296580329537391663e-02
-9.753613919019699097e-02
1.103540956974029541e-01
3.163362666964530945e-02
2.693413197994232178e-02
1.352456957101821899e-01
-8.481883443892002106e-03
-2.039751224219799042e-02
3.965483605861663818e-02
-4.636027663946151733e-02
1.339201629161834717e-01
1.269214153289794922e-01
-9.222097694873809814e-02
2.969597652554512024e-02
-5.334789678454399109e-02
1.562424842268228531e-02
-1.496840715408325195e-01
1.897044181823730469e-01
-1.620970517396926880e-01
-1.141985207796096802e-01
-4.577481746673583984e-02
6.555896252393722534e-02
4.475792497396469116e-02
-1.690551936626434326e-01
3.069203346967697144e-02
2.493688017129898071e-01
-5.992154031991958618e-02
-9.729557484388351440e-02
5.177328735589981079e-02
-2.436512149870395660e-02
-1.176484078168869019e-01
-7.066421955823898315e-02
-1.778449863195419312e-01
4.426439478993415833e-02
-6.115283444523811340e-02
2.062640711665153503e-02
-5.078331567347049713e-03
-3.107184171676635742e-02
1.079215481877326965e-02
-3.209786117076873779e-02
1.173110604286193848e-01
-1.091066226363182068e-01
-3.041793592274188995e-02
-1.374207250773906708e-02
-9.808947890996932983e-02
-1.866459995508193970e-01
-8.174601197242736816e-02
6.497991830110549927e-02
2.279957197606563568e-02
1.227666735649108887e-01
1.140751168131828308e-01
-2.879020199179649353e-02
-7.922790944576263428e-02
-1.074370145797729492e-01
-7.743459194898605347e-02
-5.718906223773956299e-02
7.668327540159225464e-02
8.528826385736465454e-02
-2.540295198559761047e-02
1.080901846289634705e-01
6.062537059187889099e-02
-5.020961165428161621e-02
8.097968995571136475e-02
-6.773322820663452148e-02
2.417320199310779572e-02
