-6.446965783834457397e-02
-3.704603761434555054e-02
-8.371303975582122803e-02
9.118045866489410400e-02
-1.215581819415092468e-01
-3.858074918389320374e-02
-1.927149668335914612e-02
-8.366320282220840454e-02
-1.689767390489578247e-01
-2.721663005650043488e-02
-1.266736630350351334e-02
-7.890959829092025757e-02
-8.974477648735046387e-02
-1.360312253236770630e-01
1.476267725229263306e-01
6.227592751383781433e-02
1.053371699526906013e-03
-5.229429155588150024e-02
9.934426099061965942e-02
-1.356159746646881104e-01
-1.305128913372755051e-02
1.121875494718551636e-01
1.476784609258174896e-02
-4.117489978671073914e-02
4.007535986602306366e-03
1.690915226936340332e-01
5.303770769387483597e-03
-4.592879861593246460e-02
-8.297620713710784912e-02
5.104643292725086212e-03
1.992072612047195435e-01
2.810784988105297089e-02
1.133352965116500854e-01
-1.686098724603652954e-01
-3.449444472789764404e-02
1.546341739594936371e-02
-8.048053830862045288e-03
3.818646445870399475e-02
9.115332365036010742e-02
7.746694982051849365e-02
-1.254124343395233154e-01
2.112782746553421021e-02
-7.352580875158309937e-02
1.369450539350509644e-01
-2.132858615368604660e-03
5.378038436174392700e-02
6.765446811914443970e-02
3.891499340534210205e-02
7.295208424329757690e-02
2.037378214299678802e-02
2.867133021354675293e-01
-6.846605800092220306e-03
-6.614516675472259521e-02
-1.529799103736877441e-01
-5.248677358031272888e-02
-1.957195997238159180e-02
-3.683784976601600647e-02
-3.276011347770690918e-02
1.456502526998519897e-01
8.956222236156463623e-02
6.212328374385833740e-02
3.244127333164215088e-02
-1.390110999345779419e-01
-2.166115678846836090e-02
-2.128219045698642731e-02
-7.427102327346801758e-02
5.419050902128219604e-02
-6.841322779655456543e-02
1.234378293156623840e-01
-4.282963275909423828e-02
1.319040656089782715e-01
3.128392621874809265e-02
-4.249737784266471863e-02
3.128073737025260925e-02
1.806602180004119873e-01
-1.804514378309249878e-01
-7.777867466211318970e-02
-1.375910192728042603e-01
-1.106456816196441650e-01
-9.038086235523223877e-02
1.163562908768653870e-01
-9.651028364896774292e-02
-1.018029600381851196e-01
-1.176828220486640930e-01
-2.909124456346035004e-02
5.775093287229537964e-02
-8.420097082853317261e-02
-1.710195839405059814e-02
7.190220803022384644e-02
-7.735908776521682739e-02
6.676889461232349277e-05
1.137417107820510864e-01
-2.371944859623908997e-02
-5.859160795807838440e-02
-6.856457889080047607e-02
-4.301133751869201660e-02
1.826982349157333374e-01
2.220954373478889465e-02
-3.405751893296837807e-03
-2.242814376950263977e-02
1.548192352056503296e-01
-2.711898414418101311e-03
5.651811510324478149e-02
1.313763111829757690e-01
1.217365711927413940e-01
3.108857758343219757e-02
-6.887239962816238403e-02
1.171208568848669529e-03
-1.559031754732131958e-01
-2.999318297952413559e-03
1.120984479784965515e-01
3.685157373547554016e-02
1.426916271448135376e-01
1.052115694619715214e-03
4.603194538503885269e-03
2.037558890879154205e-02
-1.078200414776802063e-01
-5.144133791327476501e-02
3.667148575186729431e-02
8.656341582536697388e-03
-1.385869458317756653e-02
-3.457354754209518433e-02
-5.304440483450889587e-02
9.927403181791305542e-03
-1.012274995446205139e-01
-9.624721854925155640e-02
8.075204677879810333e-03
8.389779180288314819e-02
