3.059663437306880951e-02
-2.499240264296531677e-02
-3.380633145570755005e-02
1.438979059457778931e-01
2.197974361479282379e-02
5.062483996152877808e-02
-1.303080320358276367e-01
-1.228345185518264771e-01
-1.993535608053207397e-01
-2.369494177401065826e-02
-5.278178304433822632e-02
-5.436129868030548096e-02
2.235500328242778778e-02
-2.184142544865608215e-02
9.220685809850692749e-02
-2.462769113481044769e-02
8.513977378606796265e-02
-6.514786928892135620e-02
-3.474331274628639221e-02
-1.967994496226310730e-02
-9.790892153978347778e-02
1.658155620098114014e-01
6.210927292704582214e-02
-2.029262669384479523e-02
-9.428234398365020752e-02
1.002508923411369324e-01
-3.100740723311901093e-02
5.005435552448034286e-03
6.523800641298294067e-02
-1.495691947638988495e-02
1.370415985584259033e-01
-4.071884229779243469e-02
-4.736400768160820007e-02
-2.101936563849449158e-02
-8.982519060373306274e-02
1.478247642517089844e-01
-9.199450910091400146e-02
4.491320997476577759e-02
-1.032067984342575073e-01
1.780594438314437866e-01
2.245686773676425219e-04
-2.658392535522580147e-03
-1.166955083608627319e-01
1.130464524030685425e-01
-7.481778413057327271e-02
-3.502009063959121704e-02
-5.001193284988403320e-02
-2.366156503558158875e-02
7.261343300342559814e-02
4.393168166279792786e-02
5.755118653178215027e-02
-9.387042373418807983e-02
-1.239007115364074707e-01
4.546761885285377502e-02
5.037800967693328857e-02
4.127153381705284119e-02
1.003185734152793884e-01
-5.865540355443954468e-02
-1.151675265282392502e-02
-9.540735185146331787e-02
-1.532586198300123215e-02
1.116800829768180847e-01
-5.158789083361625671e-02
6.060606986284255981e-02
2.091336250305175781e-02
1.850397139787673950e-02
-1.392574887722730637e-02
-3.737857937812805176e-02
1.235753446817398071e-01
6.894387304782867432e-02
1.108414530754089355e-01
6.740953773260116577e-02
-4.873853921890258789e-02
1.697426487226039171e-04
9.124834090471267700e-02
-6.177870184183120728e-02
7.583781331777572632e-02
-5.315294489264488220e-02
3.256363794207572937e-02
-1.009548902511596680e-01
1.987642347812652588e-01
-2.303681522607803345e-01
-1.487356722354888916e-01
-3.748383000493049622e-02
1.242365762591362000e-01
3.158592432737350464e-02
3.509916830807924271e-03
6.387963145971298218e-02
1.573721021413803101e-01
1.659072004258632660e-02
-1.672985106706619263e-01
-3.947405144572257996e-02
-6.225701048970222473e-02
-1.778413802385330200e-01
-4.135754704475402832e-02
-8.422685414552688599e-02
3.868478164076805115e-02
-4.201822355389595032e-02
1.161617040634155273e-01
2.362234808970242739e-04
-1.257063448429107666e-01
2.889327704906463623e-02
-3.775776550173759460e-02
2.442055940628051758e-01
5.169068276882171631e-02
-5.570455640554428101e-02
4.613045975565910339e-02
-1.137390807271003723e-01
-2.019239068031311035e-01
-6.920037418603897095e-02
-1.071438845247030258e-02
-6.350042670965194702e-02
8.275134861469268799e-02
-4.139907658100128174e-03
-5.438693985342979431e-02
-2.653950825333595276e-02
-1.341596990823745728e-01
-5.308357626199722290e-02
8.193177729845046997e-02
5.280618369579315186e-02
1.216568797826766968e-01
6.634097080677747726e-03
1.026389151811599731e-01
4.283457249402999878e-02
-2.302533015608787537e-02
1.474256664514541626e-01
-3.915562294423580170e-03
-1.308570653200149536e-01
