-1.314059793949127197e-01
-6.446173787117004395e-02
-6.745091080665588379e-02
1.330256313085556030e-01
8.749270439147949219e-02
1.381152868270874023e-01
8.917281031608581543e-02
-1.654599756002426147e-01
-1.991485506296157837e-01
5.596956983208656311e-02
-6.984997540712356567e-02
-1.523174941539764404e-01
-9.231182187795639038e-02
7.754730433225631714e-02
1.325847581028938293e-02
-5.394251272082328796e-02
-1.688524335622787476e-02
5.999951809644699097e-02
4.732557013630867004e-02
4.822804778814315796e-02
-7.503379881381988525e-02
1.811249405145645142e-01
5.378086119890213013e-02
-1.695825755596160889e-01
-9.142435342073440552e-02
6.201982498168945312e-02
1.716658473014831543e-02
2.423762343823909760e-03
1.257715970277786255e-01
1.225470080971717834e-01
1.368928700685501099e-01
1.316516250371932983e-01
-9.697749279439449310e-03
1.820303685963153839e-02
-1.494427323341369629e-01
4.423514008522033691e-02
-2.251050062477588654e-02
4.532868415117263794e-02
-1.584412530064582825e-02
-2.300551714142784476e-04
-3.874212503433227539e-02
-6.258373707532882690e-02
1.771970838308334351e-02
9.720616042613983154e-02
-5.094157531857490540e-02
-1.835152320563793182e-02
-9.885645657777786255e-02
-1.012754067778587341e-01
4.763787612318992615e-02
7.794331014156341553e-02
6.230198591947555542e-02
7.998608052730560303e-03
-1.558867935091257095e-02
3.132351674139499664e-03
-5.991985090076923370e-03
1.297252029180526733e-01
1.088821366429328918e-01
1.462564915418624878e-01
1.653585024178028107e-02
1.027442864142358303e-03
-4.212522134184837341e-02
1.587529480457305908e-01
-5.158605054020881653e-02
2.778455428779125214e-02
-1.602403074502944946e-02
1.223892122507095337e-01
1.325141638517379761e-02
-2.580300159752368927e-02
-1.214937889017164707e-03
1.054815351963043213e-01
1.479657143354415894e-01
-1.226446765940636396e-04
-4.804619029164314270e-02
3.760617226362228394e-02
2.981472015380859375e-02
-1.203058985993266106e-03
-4.430600255727767944e-02
-9.910415858030319214e-02
9.833613038063049316e-02
-1.152900159358978271e-01
1.052245274186134338e-01
-1.483572423458099365e-01
-1.797211319208145142e-01
-8.343882858753204346e-02
6.328318268060684204e-02
-9.233075380325317383e-02
-7.590468227863311768e-02
8.770812302827835083e-02
1.837136149406433105e-01
1.263464987277984619e-01
-9.262853860855102539e-02
4.075523465871810913e-02
-1.021813824772834778e-01
-5.052776634693145752e-02
1.950312638655304909e-03
-7.200206071138381958e-02
-2.239453233778476715e-02
1.280532479286193848e-01
6.360501516610383987e-03
4.374391213059425354e-02
-7.787303067743778229e-03
9.101748466491699219e-02
-1.097610741853713989e-01
9.139833599328994751e-02
6.089062616229057312e-02
6.347639113664627075e-02
-1.086161360144615173e-01
-2.460853569209575653e-02
-7.506170123815536499e-02
-3.073685616254806519e-02
3.977419110015034676e-04
-8.543151617050170898e-02
-1.351177413016557693e-02
-1.125028729438781738e-01
-6.281591951847076416e-02
1.665684208273887634e-02
-3.756393119692802429e-02
-1.872034072875976562e-01
-1.214599460363388062e-01
5.721628665924072266e-02
2.732326742261648178e-03
1.374702602624893188e-01
7.590345293283462524e-02
-1.436022073030471802e-01
-1.033831909298896790e-01
-7.157250493764877319e-02
-5.873555317521095276e-02
-7.864781469106674194e-02
