-2.797299064695835114e-02
-9.884463250637054443e-02
-6.285943090915679932e-02
1.200976371765136719e-01
-7.306679338216781616e-02
-1.188892684876918793e-02
-9.052963554859161377e-02
-4.775785282254219055e-02
-1.466623544692993164e-01
3.089655749499797821e-02
9.808376431465148926e-02
-3.857323154807090759e-02
-7.496733218431472778e-02
-2.455294877290725708e-02
4.727285355329513550e-03
8.719769120216369629e-02
-8.474170416593551636e-02
-8.590608090162277222e-02
9.862920641899108887e-02
5.952452775090932846e-03
7.680091261863708496e-02
6.091061234474182129e-02
9.634618461132049561e-02
5.520009249448776245e-02
-1.201607361435890198e-01
1.254883259534835815e-01
3.973515331745147705e-02
-1.116072311997413635e-01
-3.441220149397850037e-02
-1.048266235738992691e-02
7.734917104244232178e-02
4.993014782667160034e-02
7.315137982368469238e-02
-1.534547209739685059e-01
-3.607549145817756653e-02
2.061559446156024933e-02
4.731726832687854767e-03
1.432300731539726257e-02
-1.013382822275161743e-01
6.744261085987091064e-02
-6.917223334312438965e-02
2.452238462865352631e-02
-7.391813397407531738e-02
2.037679702043533325e-01
7.205305155366659164e-03
-3.339977934956550598e-02
-5.422922316938638687e-03
2.036231942474842072e-02
-2.267357148230075836e-02
3.249224647879600525e-02
2.538247406482696533e-01
1.597447395324707031e-01
-4.685507714748382568e-02
-1.403621584177017212e-01
1.828017458319664001e-02
9.126579388976097107e-03
-6.822639144957065582e-03
9.025140851736068726e-02
2.544537372887134552e-02
1.589538604021072388e-01
-1.155815944075584412e-01
2.069867216050624847e-02
-1.441239118576049805e-01
-1.214473880827426910e-02
9.949154919013381004e-04
2.504655160009860992e-02
-4.130689799785614014e-02
-1.770121161825954914e-03
1.488904505968093872e-01
-9.291214495897293091e-02
1.415206342935562134e-01
4.762037843465805054e-02
-2.162719368934631348e-01
3.795419260859489441e-02
1.383575946092605591e-01
-1.081587970256805420e-01
-1.731737107038497925e-01
-5.429447814822196960e-02
-6.614408642053604126e-02
-2.949651330709457397e-02
1.662549190223217010e-02
-1.216366589069366455e-01
-1.485044062137603760e-01
-1.062273830175399780e-01
-7.978219538927078247e-02
1.048060208559036255e-01
-3.322124853730201721e-02
-1.077746525406837463e-01
-7.879122346639633179e-02
-5.264449864625930786e-02
1.894495682790875435e-03
1.550288498401641846e-01
-1.293387264013290405e-01
-7.098263502120971680e-02
-6.551597267389297485e-02
-1.355373114347457886e-01
1.659451723098754883e-01
-6.893621385097503662e-02
-1.537320017814636230e-02
-8.425266132690012455e-04
1.055566146969795227e-01
4.487211257219314575e-02
-7.148564606904983521e-02
3.009929880499839783e-02
1.296249032020568848e-01
2.807912975549697876e-02
-2.226426079869270325e-02
1.385579630732536316e-02
-1.977785974740982056e-01
-1.139116380363702774e-02
3.875399380922317505e-02
1.034618318080902100e-01
1.415854990482330322e-01
6.054427009075880051e-03
-4.045207798480987549e-02
9.660253673791885376e-02
-4.713457310572266579e-04
8.377947844564914703e-03
2.588196098804473877e-02
-3.705700486898422241e-02
-3.539564833045005798e-02
7.255797833204269409e-02
-6.385830789804458618e-02
-2.329866634681820869e-03
-1.015055626630783081e-01
5.215065181255340576e-02
4.637115448713302612e-02
1.271940022706985474e-01
