-1.827421635389328003e-01
4.088670387864112854e-02
-1.835755817592144012e-02
8.847134560346603394e-02
-6.705421954393386841e-02
5.127628333866596222e-03
-2.175495959818363190e-02
-8.579719066619873047e-02
-4.917677491903305054e-02
-3.254825621843338013e-02
-5.518537014722824097e-02
-8.166734129190444946e-02
-2.835757285356521606e-02
-5.118304118514060974e-02
1.364842951297760010e-01
-1.115915924310684204e-01
-1.873717643320560455e-02
7.904746383428573608e-02
4.402674734592437744e-02
-2.102210419252514839e-03
-1.977017223834991455e-01
9.325066953897476196e-02
-3.726827353239059448e-02
-5.838105082511901855e-02
5.026020854711532593e-02
1.242957189679145813e-01
-6.400248967111110687e-03
1.214974001049995422e-02
-2.465757075697183609e-03
3.717389702796936035e-02
1.459572613239288330e-01
5.281923711299896240e-02
1.595858782529830933e-01
-9.024273604154586792e-02
-1.351583302021026611e-01
1.867826795205473900e-03
-1.615240424871444702e-01
2.594184770714491606e-04
-1.000670120120048523e-01
1.341164261102676392e-01
-1.155133843421936035e-01
-2.034936398267745972e-01
-1.059540640562772751e-02
6.492494046688079834e-02
1.280485652387142181e-03
9.087421931326389313e-03
3.567649051547050476e-02
4.518209025263786316e-02
1.662653088569641113e-01
4.586039856076240540e-02
1.844677776098251343e-01
-2.618937008082866669e-02
1.597293466329574585e-02
-3.484290093183517456e-02
-3.460576990619301796e-03
1.594121567904949188e-02
6.113542988896369934e-02
1.323624998331069946e-01
7.716366648674011230e-02
2.595161832869052887e-02
-2.361757680773735046e-02
1.090152114629745483e-01
-6.287208199501037598e-02
6.145850941538810730e-02
2.389824204146862030e-02
7.131042331457138062e-02
-7.916440069675445557e-02
-2.559897839091718197e-04
1.275007575750350952e-01
1.086549386382102966e-01
9.150904417037963867e-02
7.369048148393630981e-02
5.931477062404155731e-03
1.207899898290634155e-01
1.026612520217895508e-01
-1.205642446875572205e-01
8.621097356081008911e-02
-3.317404910922050476e-02
-5.061390623450279236e-02
-1.557361483573913574e-01
2.097246050834655762e-01
-9.611907601356506348e-02
-8.604049682617187500e-02
-4.766742140054702759e-02
8.529951423406600952e-02
-2.457062713801860809e-02
-1.372376233339309692e-01
-8.389008790254592896e-02
1.317416280508041382e-01
1.039048284292221069e-01
-1.535404771566390991e-01
2.078458219766616821e-01
-1.134384348988533020e-01
8.760353084653615952e-04
-1.584752351045608521e-01
-6.727448850870132446e-02
-2.003712393343448639e-02
1.339982599020004272e-01
-1.629033708013594151e-03
9.603653103113174438e-03
9.617632627487182617e-02
-5.955423042178153992e-02
-1.119063720107078552e-01
4.079312086105346680e-02
-7.544433325529098511e-02
-2.581720938906073570e-03
-5.156887322664260864e-02
-1.383784264326095581e-01
-4.682148620486259460e-02
-6.854672729969024658e-02
2.498473040759563446e-03
-5.782633647322654724e-02
5.628145113587379456e-02
7.189010828733444214e-02
5.991888791322708130e-02
-1.426162868738174438e-01
4.348665825091302395e-04
-3.468779101967811584e-02
-2.559479512274265289e-02
6.013610959053039551e-02
-5.709441378712654114e-02
4.499892517924308777e-02
-7.289322093129158020e-03
-4.682779684662818909e-02
-9.438292682170867920e-02
1.584438420832157135e-02
-9.185772389173507690e-02
1.632153242826461792e-02
