-7.403022050857543945e-02
-5.173708871006965637e-02
-1.119559556245803833e-01
-6.423846818506717682e-03
5.806722864508628845e-02
2.668466977775096893e-02
-1.027204245328903198e-01
-1.897082291543483734e-02
-4.573325067758560181e-02
8.426494896411895752e-02
3.569920733571052551e-02
-1.788462251424789429e-01
-1.196314543485641479e-01
3.411536337807774544e-03
-2.015059627592563629e-02
4.494109749794006348e-02
-9.602427482604980469e-02
-1.192470118403434753e-01
1.398746222257614136e-01
-7.722848653793334961e-02
-1.382427066564559937e-01
1.805907487869262695e-01
-1.905542239546775818e-02
-6.647787243127822876e-02
-9.440584480762481689e-02
4.011421650648117065e-02
6.194565072655677795e-02
-7.758493721485137939e-02
1.290625147521495819e-02
6.406825780868530273e-02
4.316315427422523499e-02
6.746908277273178101e-02
-1.587645150721073151e-02
-5.104558542370796204e-02
6.215254962444305420e-02
-8.013897575438022614e-03
-3.593946248292922974e-02
9.062838740646839142e-03
-5.136496573686599731e-02
6.742051243782043457e-02
-1.145616993308067322e-01
-3.258099779486656189e-02
8.192820101976394653e-02
1.788847297430038452e-01
-5.259581655263900757e-02
-2.481367206200957298e-03
-1.062442734837532043e-02
-1.307161003351211548e-01
-6.206504255533218384e-02
-9.275332093238830566e-03
2.761996909976005554e-02
1.269184350967407227e-01
-6.095180287957191467e-03
-1.063869986683130264e-02
1.245208159089088440e-01
9.121523797512054443e-02
8.528462797403335571e-02
1.109588965773582458e-01
2.004955261945724487e-01
1.034701392054557800e-01
-5.915877223014831543e-02
1.269203424453735352e-01
-8.106230944395065308e-02
-3.823760524392127991e-02
9.907195717096328735e-02
4.426912218332290649e-02
-4.666981846094131470e-02
5.528017878532409668e-02
1.864937990903854370e-01
1.010342687368392944e-01
1.170754879713058472e-01
-8.741081506013870239e-02
-1.332330107688903809e-01
-1.643800735473632812e-02
3.829110041260719299e-02
-8.369681984186172485e-02
-3.585262596607208252e-02
-6.142139434814453125e-02
4.587822034955024719e-02
-8.720595389604568481e-03
7.269077748060226440e-02
-1.824241727590560913e-01
-1.758212037384510040e-02
-1.861152797937393188e-01
-3.684742003679275513e-02
1.166334077715873718e-01
-7.281595468521118164e-02
-3.298557549715042114e-02
8.220102638006210327e-02
1.243285015225410461e-01
-4.501084238290786743e-02
9.620791673660278320e-02
-5.269076675176620483e-02
-7.664385437965393066e-02
6.433061510324478149e-02
-1.367766410112380981e-01
2.000981708988547325e-03
1.425279825925827026e-01
3.154395148158073425e-02
1.369105875492095947e-01
6.941259652376174927e-02
-4.187867417931556702e-02
-1.706282645463943481e-01
2.273875474929809570e-02
1.403530985116958618e-01
4.108494892716407776e-02
-1.554047875106334686e-02
9.315855801105499268e-02
-1.524572968482971191e-01
8.482138812541961670e-02
-1.980850659310817719e-02
4.867357760667800903e-02
9.376338869333267212e-02
-7.772561162710189819e-02
-1.103939339518547058e-01
1.063623577356338501e-01
-3.686075331643223763e-03
-9.082198888063430786e-02
-1.183129400014877319e-01
-5.423686653375625610e-02
-8.320397138595581055e-02
9.969398379325866699e-02
1.776619628071784973e-02
4.995086789131164551e-02
-1.473968774080276489e-01
1.672778651118278503e-02
-8.495073020458221436e-02
9.095540642738342285e-02
