-1.133581344038248062e-02
-1.183965206146240234e-01
-1.354576796293258667e-01
1.111655011773109436e-01
6.895061582326889038e-02
1.507122218608856201e-01
-8.162755519151687622e-02
-1.421575397253036499e-01
-2.171805873513221741e-02
9.176400303840637207e-02
2.222113870084285736e-02
-1.194271519780158997e-01
-1.150248721241950989e-01
1.628357730805873871e-02
-4.896471276879310608e-02
-1.110665313899517059e-02
-9.420961141586303711e-02
-6.893116980791091919e-03
1.013644933700561523e-01
-9.661991149187088013e-02
-5.681443959474563599e-02
1.953143477439880371e-01
1.509898155927658081e-02
-1.500902473926544189e-01
-1.336337327957153320e-01
5.802237242460250854e-02
6.454112380743026733e-02
-7.730677723884582520e-02
-1.375910639762878418e-02
6.845686584711074829e-02
8.194641023874282837e-02
4.976951703429222107e-02
-4.276401549577713013e-02
-2.559380419552326202e-02
-7.354020327329635620e-02
3.479021787643432617e-02
-9.561767429113388062e-02
5.357664451003074646e-02
-1.156607642769813538e-01
1.022857502102851868e-01
-2.976225316524505615e-02
-1.016053408384323120e-01
8.906770497560501099e-02
8.991622924804687500e-02
-1.250312104821205139e-02
-1.554060578346252441e-01
-1.783895865082740784e-02
-9.052327275276184082e-02
-4.624978080391883850e-02
-4.881183058023452759e-02
6.636711955070495605e-02
-3.658042475581169128e-02
-2.758165821433067322e-02
5.065483972430229187e-02
8.178433775901794434e-02
1.704547703266143799e-01
1.659097224473953247e-01
1.142326295375823975e-01
1.372068282216787338e-02
-7.554533891379833221e-03
-1.157809197902679443e-01
1.747814416885375977e-01
3.068174608051776886e-02
-7.121141254901885986e-02
2.814359590411186218e-02
6.663045287132263184e-02
3.420245274901390076e-02
5.526575446128845215e-02
1.883424669504165649e-01
3.963555023074150085e-02
1.517896652221679688e-01
7.699920982122421265e-02
-1.143911853432655334e-01
9.129110723733901978e-02
5.547122657299041748e-02
-3.225643560290336609e-02
4.904205724596977234e-02
-1.345804780721664429e-01
9.322167187929153442e-02
-1.057225093245506287e-01
3.848347440361976624e-02
-2.318552136421203613e-01
1.222593244165182114e-02
-3.480067104101181030e-02
4.737608507275581360e-02
-4.455829411745071411e-02
-5.927386879920959473e-02
-2.051868708804249763e-03
7.905343174934387207e-02
1.819077692925930023e-02
-1.300122141838073730e-01
7.657247781753540039e-02
-6.687837094068527222e-02
-1.993257254362106323e-01
-2.043939009308815002e-02
-1.212137266993522644e-01
6.271285563707351685e-02
2.124062180519104004e-02
5.915257707238197327e-02
4.552502930164337158e-02
-4.931358993053436279e-02
4.045547172427177429e-02
-1.049257442355155945e-01
1.645404696464538574e-01
6.130991876125335693e-02
7.547473162412643433e-02
-8.404738456010818481e-02
-1.664163172245025635e-02
-1.390354335308074951e-01
-4.572081845253705978e-03
-1.101232599467039108e-02
-2.764450386166572571e-02
1.038113161921501160e-01
3.505495935678482056e-02
-9.423878788948059082e-02
4.168713465332984924e-02
-8.354169130325317383e-02
-1.185608375817537308e-02
1.840604841709136963e-02
2.050887094810605049e-03
5.827118083834648132e-02
2.806958742439746857e-02
1.008054520934820175e-02
7.996572554111480713e-02
-2.089205682277679443e-01
1.385448779910802841e-02
-9.749572724103927612e-02
-1.642062887549400330e-02
