-9.974380582571029663e-02
-2.799640968441963196e-02
-1.101609170436859131e-01
2.881577424705028534e-02
-4.470954462885856628e-02
1.967763714492321014e-02
1.450778823345899582e-02
-3.607274964451789856e-02
-1.142690032720565796e-01
-2.444334886968135834e-02
6.453941576182842255e-03
2.125917375087738037e-02
-8.605891466140747070e-02
-1.673865616321563721e-01
1.015611514449119568e-01
4.731281846761703491e-02
9.414078295230865479e-02
-4.064083099365234375e-02
4.882950335741043091e-02
-6.235839426517486572e-02
-1.049258187413215637e-01
2.269163131713867188e-01
-8.177900314331054688e-02
-3.242551535367965698e-02
-4.406813066452741623e-03
1.541492342948913574e-01
8.074924349784851074e-02
-3.654457628726959229e-02
3.043861873447895050e-02
5.558871477842330933e-02
1.471961587667465210e-01
3.088539466261863708e-02
8.613636344671249390e-02
2.229126356542110443e-02
2.542486414313316345e-02
-6.991805136203765869e-02
-8.451578766107559204e-02
-1.138056046329438686e-03
-6.346999108791351318e-02
1.349889636039733887e-01
-1.569455265998840332e-01
-1.274305880069732666e-01
-4.347433801740407944e-03
8.950375765562057495e-02
-6.998261064291000366e-02
1.036873832345008850e-01
1.907527795992791653e-03
2.871023863554000854e-02
6.465049088001251221e-02
1.541203819215297699e-02
1.035908237099647522e-01
-5.972393602132797241e-02
-1.834169775247573853e-02
-6.850544363260269165e-02
5.004995316267013550e-02
6.179193034768104553e-03
4.694009199738502502e-02
9.654039889574050903e-02
5.668697878718376160e-02
-2.506915107369422913e-02
1.735930293798446655e-01
1.060644239187240601e-01
-3.149048984050750732e-02
4.117434099316596985e-02
-4.444395750761032104e-02
1.275648176670074463e-02
4.118697345256805420e-02
1.396084320731461048e-03
6.057579815387725830e-02
3.362273052334785461e-02
3.562151268124580383e-02
-4.163418337702751160e-02
-1.442317515611648560e-01
3.793964534997940063e-02
2.529003918170928955e-01
-1.771128773689270020e-01
1.796051487326622009e-02
4.244804754853248596e-02
-7.045421749353408813e-02
-1.286730468273162842e-01
2.311343997716903687e-01
-8.203855156898498535e-02
-8.423333615064620972e-02
-8.001782000064849854e-02
3.334913402795791626e-02
8.610369265079498291e-02
-2.103852666914463043e-02
5.120768398046493530e-02
1.160842925310134888e-01
2.522796764969825745e-02
-4.914862290024757385e-02
8.175309002399444580e-02
-5.254166573286056519e-02
-2.359050884842872620e-02
-1.782559901475906372e-01
-9.956806153059005737e-02
6.058409810066223145e-03
1.129303947091102600e-01
4.464873299002647400e-02
-3.890134859830141068e-03
8.084829151630401611e-02
-1.506223082542419434e-01
1.492485031485557556e-02
1.160979345440864563e-01
1.524145598523318768e-03
9.266371279954910278e-02
-9.822751581668853760e-02
-5.472852289676666260e-02
-2.205148786306381226e-01
9.326848387718200684e-02
7.610898464918136597e-02
-6.296604871749877930e-03
4.840417951345443726e-02
-3.494529426097869873e-02
-9.429968148469924927e-02
-8.570923656225204468e-02
-1.710111945867538452e-01
-7.138672471046447754e-02
-3.813803941011428833e-02
1.245147362351417542e-01
2.718321979045867920e-02
-3.817022964358329773e-02
-1.139231845736503601e-01
1.120603233575820923e-01
-1.022479087114334106e-01
-6.594447046518325806e-02
-8.370990306138992310e-02
-4.423904418945312500e-02
