-8.829184621572494507e-02
-7.052129507064819336e-02
-1.516514867544174194e-01
1.772434078156948090e-02
3.462331369519233704e-02
3.534668684005737305e-02
-9.578406810760498047e-02
1.393276080489158630e-02
-4.149162268731743097e-04
4.039050638675689697e-02
-3.259861469268798828e-02
2.148361690342426300e-02
-1.380314826965332031e-01
-1.028599515557289124e-01
-3.802174329757690430e-02
3.347699344158172607e-02
-4.276000335812568665e-02
-3.019363805651664734e-02
7.652644813060760498e-02
9.044581092894077301e-03
-5.649710819125175476e-02
1.556372940540313721e-01
-4.662875831127166748e-02
-7.859033346176147461e-02
-1.023796945810317993e-01
1.770418733358383179e-01
1.155234128236770630e-01
-1.435212939977645874e-01
-7.014054805040359497e-02
3.886554762721061707e-02
1.763097345829010010e-01
9.882384538650512695e-02
3.135618939995765686e-02
-1.090653762221336365e-01
-7.672683894634246826e-02
-1.080486699938774109e-01
-4.087195545434951782e-02
9.115006029605865479e-02
-6.998796761035919189e-02
-3.248637169599533081e-02
-1.634868979454040527e-01
-1.135285124182701111e-01
3.732585534453392029e-02
1.251709759235382080e-01
-6.699984520673751831e-02
-2.788360789418220520e-02
-3.814307227730751038e-02
2.775609306991100311e-02
-3.084219247102737427e-02
-7.568740099668502808e-02
1.144353896379470825e-01
6.447914987802505493e-02
1.030751541256904602e-01
-5.328841879963874817e-02
8.080495148897171021e-02
3.930473327636718750e-02
1.053490564227104187e-01
1.163806542754173279e-01
1.184255257248878479e-01
7.101088017225265503e-02
1.743009313941001892e-02
1.531196534633636475e-01
-7.513441145420074463e-02
3.764767944812774658e-02
-7.635559141635894775e-02
-4.949177429080009460e-02
6.265870481729507446e-02
1.100680828094482422e-01
1.534447818994522095e-01
1.484742388129234314e-02
5.628399178385734558e-02
-7.311131060123443604e-02
-1.347068995237350464e-01
1.635922342538833618e-01
1.595944017171859741e-01
-1.445643901824951172e-01
-1.982341893017292023e-02
-8.176407217979431152e-02
-4.271221905946731567e-02
-1.845696717500686646e-01
5.283307284116744995e-02
-3.776433691382408142e-02
-9.650912880897521973e-02
-7.157606631517410278e-02
-6.970863789319992065e-02
2.531166933476924896e-02
-1.592185795307159424e-01
-6.652580201625823975e-02
2.720804139971733093e-02
6.077082455158233643e-02
3.666024282574653625e-02
1.231099069118499756e-01
-1.488491594791412354e-01
-1.222523003816604614e-01
-6.969034671783447266e-02
-1.622402369976043701e-01
6.565688177943229675e-03
-1.511307433247566223e-02
-1.657957769930362701e-02
9.451740980148315430e-02
8.368540555238723755e-02
5.964535474777221680e-02
-9.157896041870117188e-02
3.473233059048652649e-02
2.925362437963485718e-02
1.043450161814689636e-01
-1.215675696730613708e-01
3.561492636799812317e-02
-5.742821842432022095e-02
3.745594993233680725e-02
8.848485350608825684e-02
1.072559505701065063e-01
1.553112715482711792e-01
4.958621226251125336e-03
-1.562849134206771851e-01
2.644650079309940338e-02
-1.031813398003578186e-01
-6.044892594218254089e-02
-3.175370022654533386e-02
6.838604062795639038e-02
6.510180979967117310e-02
2.848707884550094604e-02
-9.512513130903244019e-02
4.732710868120193481e-02
-1.081567704677581787e-01
-4.626076295971870422e-02
8.854440413415431976e-03
6.129568815231323242e-02
