-1.366015225648880005e-01
9.170139580965042114e-02
2.915883960667997599e-04
1.914385333657264709e-02
-9.811471402645111084e-02
-2.504398301243782043e-02
-3.872000845149159431e-03
-1.393670141696929932e-01
-6.764649599790573120e-02
8.822460658848285675e-03
-1.506356056779623032e-02
-4.958682507276535034e-02
-4.323556087911128998e-03
-1.123757213354110718e-01
3.876574710011482239e-02
-4.551830887794494629e-02
-6.891927123069763184e-02
4.248005524277687073e-02
1.414217241108417511e-02
-7.255081832408905029e-02
-6.368746608495712280e-02
1.536716669797897339e-01
-7.435381412506103516e-02
-1.458007246255874634e-01
5.385188758373260498e-02
1.221023797988891602e-01
-6.699836999177932739e-02
7.474175095558166504e-02
-1.761284098029136658e-02
-6.346263736486434937e-02
7.226009666919708252e-02
-2.452772296965122223e-02
1.751329898834228516e-01
-7.586998492479324341e-02
-5.480479449033737183e-02
3.559234365820884705e-02
-1.752759367227554321e-01
8.944767527282238007e-03
-1.019651293754577637e-01
1.554296463727951050e-01
-1.414873600006103516e-01
-1.320103257894515991e-01
2.676911884918808937e-03
6.478517502546310425e-02
4.615164175629615784e-02
1.116798520088195801e-01
9.521328657865524292e-02
6.008446961641311646e-02
1.538321375846862793e-01
1.618350744247436523e-01
1.598377823829650879e-01
-3.725073859095573425e-02
-1.071053668856620789e-01
-1.605914719402790070e-02
3.212217614054679871e-02
2.500798925757408142e-02
5.698043853044509888e-03
-1.103306189179420471e-02
1.136890277266502380e-01
7.155725266784429550e-03
1.040198132395744324e-01
1.210253220051527023e-02
-2.827203460037708282e-02
-2.240034006536006927e-02
-6.988212466239929199e-02
-1.138979382812976837e-02
-1.507054418325424194e-01
-2.480657771229743958e-03
-3.330267791170626879e-04
1.109004467725753784e-01
8.855491876602172852e-02
2.655811794102191925e-02
-1.170127168297767639e-01
5.206177756190299988e-02
1.416549384593963623e-01
-8.885591477155685425e-02
1.048679798841476440e-01
6.809885147958993912e-03
-3.699371963739395142e-02
-1.329150646924972534e-01
1.877772957086563110e-01
-8.515789359807968140e-02
3.396496921777725220e-02
-1.212370917201042175e-01
1.069077700376510620e-01
5.060492549091577530e-03
-1.127997133880853653e-02
5.164666101336479187e-02
1.455964297056198120e-01
6.082417815923690796e-02
-1.486127972602844238e-01
1.776833236217498779e-01
-7.777387648820877075e-02
-1.254639774560928345e-02
-2.025883197784423828e-01
-1.681405305862426758e-01
3.607974387705326080e-03
1.997828669846057892e-02
9.421273320913314819e-02
-4.893217235803604126e-02
9.899521619081497192e-02
-5.902977287769317627e-02
-2.973180636763572693e-02
5.271637067198753357e-02
-3.284386545419692993e-02
-6.689314544200897217e-02
1.094599068164825439e-02
6.271509453654289246e-03
-3.556649386882781982e-02
-1.106216758489608765e-01
3.224620968103408813e-02
-5.487250164151191711e-02
1.406963467597961426e-01
1.136235520243644714e-01
-5.340368300676345825e-02
-9.643636643886566162e-02
-1.770454049110412598e-01
4.566239938139915466e-02
1.472192909568548203e-02
-1.097598820924758911e-01
-1.154633238911628723e-01
-8.867238461971282959e-02
6.230842787772417068e-03
-8.762050420045852661e-03
-7.985776662826538086e-02
-6.058922037482261658e-02
2.808503108099102974e-03
2.664647623896598816e-02
