-1.714935600757598877e-01
5.051045492291450500e-02
-1.186125427484512329e-01
3.666929900646209717e-02
7.440649718046188354e-02
4.201022908091545105e-02
1.302087306976318359e-02
-8.997248113155364990e-02
-5.644326284527778625e-02
1.158668249845504761e-01
-8.675269037485122681e-02
-1.610254943370819092e-01
-1.862695999443531036e-02
-6.389626301825046539e-03
-1.826090365648269653e-02
-8.101753890514373779e-02
7.509483955800533295e-03
-4.573642089962959290e-02
8.987551182508468628e-02
-3.369858954101800919e-03
-1.631507426500320435e-01
1.892091184854507446e-01
-2.970774844288825989e-02
-1.187044605612754822e-01
-6.442022323608398438e-02
5.071839317679405212e-02
-2.613313123583793640e-02
9.350921027362346649e-03
2.554235234856605530e-02
1.177907139062881470e-01
1.433963775634765625e-01
1.376129239797592163e-01
5.759838595986366272e-02
-5.059004202485084534e-02
-9.446001797914505005e-02
2.108441479504108429e-02
-6.477518379688262939e-02
4.007012769579887390e-02
-5.747250095009803772e-02
-8.669937960803508759e-03
-9.303963929414749146e-02
-1.281513273715972900e-01
7.349545508623123169e-02
1.421546936035156250e-01
1.447975169867277145e-03
5.636439844965934753e-02
8.806195110082626343e-03
-1.013274863362312317e-01
1.048218575306236744e-03
1.231062132865190506e-02
4.821849986910820007e-02
1.151193156838417053e-01
-1.576461072545498610e-04
-9.891556948423385620e-02
2.259439416229724884e-02
1.028520092368125916e-01
1.492511928081512451e-01
1.252954602241516113e-01
1.172241196036338806e-01
2.798448689281940460e-02
2.962521463632583618e-02
1.276928484439849854e-01
-6.941428780555725098e-02
3.380806744098663330e-02
-9.331001341342926025e-02
1.276845633983612061e-01
2.206948585808277130e-02
-2.813793253153562546e-04
7.780136913061141968e-02
8.317381888628005981e-02
1.259582042694091797e-01
-9.333711117506027222e-02
-2.677630633115768433e-02
6.855786591768264771e-02
3.614848479628562927e-02
-7.629062980413436890e-02
1.638800278306007385e-02
-1.209662184119224548e-01
-3.204334527254104614e-02
-1.896921396255493164e-01
1.450191140174865723e-01
-1.330953538417816162e-01
-1.528676450252532959e-01
-1.522012501955032349e-01
9.985178709030151367e-02
7.104827556759119034e-03
-7.080935686826705933e-02
-8.686552755534648895e-03
1.227881982922554016e-01
2.132780998945236206e-01
-6.155774742364883423e-02
1.792140901088714600e-01
2.279318310320377350e-02
-6.849277019500732422e-02
-2.395654842257499695e-02
1.092511788010597229e-02
-7.997567951679229736e-02
1.248912811279296875e-01
3.752655535936355591e-02
7.069553434848785400e-02
6.242668256163597107e-02
4.313936457037925720e-02
-1.408826559782028198e-01
1.237462162971496582e-01
6.842682510614395142e-02
5.084093287587165833e-02
-4.342230781912803650e-02
-1.750379567965865135e-03
-1.356841772794723511e-01
-8.800504729151725769e-03
5.389282107353210449e-02
-3.975366242229938507e-03
2.708044648170471191e-02
-1.084699779748916626e-01
-5.802367813885211945e-04
-8.032122626900672913e-03
-7.236750796437263489e-03
-9.558884799480438232e-02
-1.635437309741973877e-01
-4.023773968219757080e-02
-8.071690797805786133e-02
8.931488543748855591e-02
1.061286628246307373e-01
-7.714307308197021484e-02
-3.313056379556655884e-02
-4.906180128455162048e-02
-4.324714094400405884e-02
1.110256165266036987e-01
