-1.539691239595413208e-01
-6.055198982357978821e-02
-1.116738915443420410e-01
9.859619289636611938e-02
-1.253694854676723480e-02
7.403189688920974731e-02
-9.987191110849380493e-02
-5.910735204815864563e-02
-2.202938497066497803e-01
-3.993411734700202942e-02
-1.206308752298355103e-01
1.574111916124820709e-02
-5.399752780795097351e-02
-7.319661229848861694e-02
6.327096372842788696e-02
6.919772177934646606e-02
4.325863346457481384e-02
-6.727098673582077026e-02
-5.391972372308373451e-04
-4.936273768544197083e-02
-9.485483169555664062e-04
1.822198182344436646e-01
1.854347065091133118e-02
-5.575672257691621780e-03
-1.784422397613525391e-01
2.556914389133453369e-01
6.250153481960296631e-02
-9.374867379665374756e-02
-7.538039237260818481e-02
6.406939774751663208e-02
1.575243473052978516e-01
2.585769444704055786e-02
3.016709908843040466e-02
-1.283580362796783447e-01
-1.224494650959968567e-01
-1.283580716699361801e-02
-5.683440342545509338e-02
4.039895534515380859e-02
2.627512998878955841e-02
7.847675681114196777e-02
-1.530454009771347046e-01
-8.734987676143646240e-02
-5.172340571880340576e-02
1.534117162227630615e-01
5.845857411623001099e-02
1.638047583401203156e-02
-1.011173799633979797e-02
9.363612043671309948e-04
5.751193687319755554e-02
-5.197115242481231689e-02
2.337021678686141968e-01
3.933639824390411377e-02
-5.819615442305803299e-03
-1.949941366910934448e-02
-8.615024387836456299e-03
2.578571625053882599e-02
6.871806085109710693e-02
2.598370611667633057e-02
-1.259445026516914368e-02
1.956549100577831268e-02
7.457359880208969116e-02
1.059537008404731750e-01
-3.361991047859191895e-02
8.657620102167129517e-02
-1.284748762845993042e-01
1.201442792080342770e-03
8.935646712779998779e-02
4.243211075663566589e-02
8.732447028160095215e-02
2.327259443700313568e-02
7.186862826347351074e-02
3.454495221376419067e-02
-1.065046489238739014e-01
1.727574616670608521e-01
1.842500418424606323e-01
-1.620830893516540527e-01
4.066316038370132446e-02
-9.965065121650695801e-02
-1.135867163538932800e-01
-1.094540283083915710e-01
1.231475397944450378e-01
-1.253222972154617310e-01
-1.475093215703964233e-01
-6.689369678497314453e-02
3.176938369870185852e-02
2.493337914347648621e-02
-8.412098139524459839e-02
4.411238059401512146e-02
1.112986728549003601e-01
3.539342433214187622e-02
-7.019787281751632690e-02
2.567198500037193298e-02
-7.826314121484756470e-02
-5.008165165781974792e-02
-1.005702614784240723e-01
-6.500725448131561279e-02
1.242238655686378479e-01
3.837595134973526001e-02
1.352549809962511063e-02
3.771349415183067322e-02
7.496018707752227783e-02
2.725732047110795975e-03
-7.614937424659729004e-02
1.468857079744338989e-01
-3.484717011451721191e-02
6.918438524007797241e-02
-5.151757225394248962e-02
-5.732748191803693771e-03
-1.050841137766838074e-01
6.824070960283279419e-02
5.245620012283325195e-02
8.698819577693939209e-02
1.000596955418586731e-01
6.866660434752702713e-03
1.439477317035198212e-02
-7.425069808959960938e-02
-9.090676158666610718e-02
-1.026419773697853088e-01
-5.499276518821716309e-02
1.411738395690917969e-01
1.355831325054168701e-01
4.684295877814292908e-02
-1.962824352085590363e-02
2.875425154343247414e-03
-7.403259724378585815e-02
2.059589885175228119e-02
-1.938917301595211029e-02
4.588851705193519592e-02
