9.807351976633071899e-02
-8.821447193622589111e-02
2.821998298168182373e-02
8.953005075454711914e-02
-6.400129199028015137e-02
1.276269182562828064e-02
5.446228384971618652e-02
-8.279599994421005249e-02
-8.719340711832046509e-02
4.193631932139396667e-02
-1.592125147581100464e-01
-3.801288828253746033e-02
-9.079400449991226196e-02
-9.098417125642299652e-03
5.619330704212188721e-02
1.645943708717823029e-02
4.761959984898567200e-02
4.609216749668121338e-02
1.216711625456809998e-01
-1.725884824991226196e-01
-1.989005506038665771e-02
1.069072401151061058e-03
1.030217483639717102e-02
-7.370065152645111084e-02
-6.130269914865493774e-02
3.754282370209693909e-02
-7.517671585083007812e-02
-6.553990766406059265e-03
1.617871373891830444e-01
1.628969982266426086e-02
1.152079775929450989e-01
-3.251668810844421387e-02
8.108856528997421265e-02
-1.377966720610857010e-02
2.029376104474067688e-02
4.054817184805870056e-02
-5.349377542734146118e-02
-3.808534145355224609e-02
-4.424703365657478571e-04
2.311873137950897217e-01
5.525226891040802002e-02
-2.788917347788810730e-02
3.132123127579689026e-02
-3.157778084278106689e-02
4.598805308341979980e-02
5.230351164937019348e-02
8.430623263120651245e-02
1.641500554978847504e-02
4.175919666886329651e-02
6.655988842248916626e-02
1.135050207376480103e-01
-7.555834203958511353e-02
-1.356394439935684204e-01
1.020641103386878967e-01
1.482371836900711060e-01
-3.080430813133716583e-02
1.093431934714317322e-01
-5.507296323776245117e-02
5.526270717382431030e-02
-9.955443441867828369e-02
-6.165765598416328430e-02
1.152780931442975998e-02
1.950705796480178833e-02
-3.947741165757179260e-02
7.002840936183929443e-02
-1.362271234393119812e-02
-3.580108284950256348e-02
-1.121151596307754517e-01
1.538198292255401611e-01
-1.857198588550090790e-02
1.323819011449813843e-01
1.804451644420623779e-02
-1.138948276638984680e-01
1.671316847205162048e-02
1.061660945415496826e-01
-7.620679587125778198e-02
-9.476046077907085419e-03
5.344157665967941284e-02
5.306260194629430771e-03
-1.067885160446166992e-01
1.737024188041687012e-01
-2.274914085865020752e-01
-6.519775092601776123e-02
-7.043874263763427734e-02
6.586284935474395752e-02
1.146847531199455261e-01
-1.511885672807693481e-01
-4.030825570225715637e-02
8.779513835906982422e-02
-8.538105338811874390e-02
-1.480589658021926880e-01
6.092041358351707458e-02
-4.733466729521751404e-02
-1.127858161926269531e-01
-9.690906852483749390e-02
-6.370037049055099487e-02
-5.313974246382713318e-02
-3.761022537946701050e-02
1.337698847055435181e-01
-1.153825223445892334e-01
1.186852995306253433e-02
-2.623185701668262482e-02
-2.361718099564313889e-03
1.951670646667480469e-01
1.282865852117538452e-01
-2.823398075997829437e-02
7.683350145816802979e-02
-2.060604542493820190e-01
-2.391409128904342651e-01
-1.155863851308822632e-01
-5.453531444072723389e-02
-4.357100930064916611e-03
1.288262903690338135e-01
1.488835364580154419e-01
-1.209971532225608826e-01
-5.656316876411437988e-02
-3.453305363655090332e-02
-5.238809436559677124e-02
-3.435761481523513794e-02
-1.436131773516535759e-03
6.073549017310142517e-02
-8.803699165582656860e-03
-6.858710199594497681e-02
7.671147584915161133e-02
-9.986733645200729370e-02
3.959654644131660461e-02
-3.499631956219673157e-02
1.634107716381549835e-02
