-1.521422713994979858e-01
-3.189403936266899109e-02
-1.166629716753959656e-01
8.732078969478607178e-02
2.470923587679862976e-02
2.213473245501518250e-02
-1.511784344911575317e-01
-1.386076677590608597e-02
-9.705925732851028442e-02
5.939904227852821350e-02
2.634199894964694977e-02
-5.079998448491096497e-02
-8.833453804254531860e-02
3.916684072464704514e-03
1.917667221277952194e-03
3.120586089789867401e-02
-3.617520257830619812e-02
-6.181259453296661377e-02
1.359914094209671021e-01
-7.458837330341339111e-02
-8.879840373992919922e-02
2.115785181522369385e-01
-7.835412770509719849e-02
-8.094491064548492432e-02
-1.780412718653678894e-02
1.155622377991676331e-01
9.848231822252273560e-02
-1.048579886555671692e-01
4.400430619716644287e-02
5.995218642055988312e-03
9.679335355758666992e-02
4.649244993925094604e-02
-2.536532282829284668e-02
-1.066886410117149353e-01
-1.646357960999011993e-02
-7.617182284593582153e-02
1.400050986558198929e-02
1.654445938766002655e-02
-7.881055027246475220e-02
6.135656312108039856e-02
-1.363561004400253296e-01
-1.339922696352005005e-01
3.088039346039295197e-02
2.154654711484909058e-01
-4.627618566155433655e-02
-4.639546200633049011e-02
-2.746171131730079651e-02
-1.065803971141576767e-02
-1.031717360019683838e-01
3.062514215707778931e-02
1.644178181886672974e-01
1.251795738935470581e-01
6.249513104557991028e-02
-7.738489657640457153e-02
1.009413972496986389e-01
5.432388558983802795e-02
1.043855622410774231e-01
1.392147541046142578e-01
1.042270064353942871e-01
1.100641712546348572e-01
-7.110987603664398193e-02
8.576302975416183472e-02
-1.053020358085632324e-01
-2.014170773327350616e-02
-3.565735369920730591e-02
6.698487559333443642e-04
1.210767589509487152e-02
4.274614155292510986e-02
1.258131265640258789e-01
7.839207351207733154e-02
1.016965359449386597e-01
-6.023229286074638367e-02
-1.668624728918075562e-01
9.369231015443801880e-02
1.274875849485397339e-01
-1.162658110260963440e-01
-1.122921705245971680e-01
-7.777742296457290649e-02
5.762870237231254578e-02
-2.236903458833694458e-02
5.336815118789672852e-02
-1.181310117244720459e-01
-9.856257587671279907e-02
-1.419288814067840576e-01
-6.033303216099739075e-02
3.947208821773529053e-02
-5.923026427626609802e-02
7.987071876414120197e-05
3.481668606400489807e-02
-2.743678726255893707e-02
7.393164560198783875e-03
6.833696365356445312e-02
-1.702480912208557129e-01
-1.374955624341964722e-01
1.220857072621583939e-02
-1.678896546363830566e-01
9.915421158075332642e-02
-1.009164564311504364e-02
-5.376864573918282986e-04
6.238089874386787415e-02
6.435570120811462402e-02
2.134689129889011383e-03
-1.540319472551345825e-01
8.846201747655868530e-02
1.606579422950744629e-01
4.453746974468231201e-02
-9.072089940309524536e-02
-1.417503878474235535e-02
-1.065519079566001892e-01
4.602672159671783447e-02
4.903887957334518433e-02
9.886694699525833130e-02
9.272333234548568726e-02
-1.049577165395021439e-02
-7.089907675981521606e-02
1.127496212720870972e-01
-4.649957269430160522e-02
-1.872927546501159668e-01
-8.821169286966323853e-02
3.182109817862510681e-02
7.103498093783855438e-03
6.553021818399429321e-02
5.553906038403511047e-02
-2.955950424075126648e-02
-1.417112797498703003e-01
-7.738205045461654663e-02
-1.495412457734346390e-02
7.810578495264053345e-02
