-1.465587913990020752e-01
3.185315430164337158e-02
-1.401928216218948364e-01
1.277855336666107178e-01
4.462432116270065308e-02
1.010491251945495605e-01
-1.766554117202758789e-01
-3.140252828598022461e-02
-1.326885074377059937e-01
3.999001346528530121e-03
-5.884668603539466858e-02
-3.045690990984439850e-02
-4.206433147192001343e-02
-1.273799091577529907e-01
-4.457468539476394653e-02
3.377061709761619568e-02
1.098519191145896912e-02
-1.383786499500274658e-01
6.799792026868090034e-05
-1.959425210952758789e-02
7.910074200481176376e-04
1.595653742551803589e-01
2.717875409871339798e-03
-8.502068929374217987e-03
-2.351778149604797363e-01
2.014481276273727417e-01
6.968241184949874878e-02
-1.076122224330902100e-01
-7.244245707988739014e-02
1.784352399408817291e-02
1.348358243703842163e-01
4.863685369491577148e-02
-5.569681897759437561e-02
-9.484595805406570435e-02
-3.179758787155151367e-02
2.654326334595680237e-02
-4.239839687943458557e-02
3.670595586299896240e-02
3.035175148397684097e-03
4.179418832063674927e-02
-1.389082074165344238e-01
-9.081070870161056519e-02
-3.333465009927749634e-02
1.654047220945358276e-01
-3.564532846212387085e-02
-5.069196224212646484e-03
-6.810917705297470093e-02
-1.772862859070301056e-02
-1.569341681897640228e-02
-2.990547381341457367e-02
1.618679612874984741e-01
1.753063499927520752e-02
-8.214192348532378674e-04
-8.993105962872505188e-03
-2.645530179142951965e-02
1.021941453218460083e-01
8.261054754257202148e-02
3.144998103380203247e-02
9.983699768781661987e-03
-1.686737313866615295e-02
2.562124468386173248e-02
1.420395076274871826e-01
-1.934980042278766632e-02
7.154463976621627808e-02
-1.186191439628601074e-01
2.189491316676139832e-02
6.661097705364227295e-02
1.106376945972442627e-01
1.222158819437026978e-01
-1.630703359842300415e-02
8.948373049497604370e-02
2.158509194850921631e-02
-1.331710815429687500e-01
7.391912490129470825e-02
1.142766699194908142e-01
-1.252046823501586914e-01
-1.689849980175495148e-02
-6.955717504024505615e-02
-2.069978415966033936e-02
-1.705215424299240112e-01
1.067580357193946838e-01
-1.391858756542205811e-01
-1.736141592264175415e-01
-1.563286334276199341e-01
4.057155922055244446e-02
4.852009937167167664e-02
-5.970047414302825928e-02
7.679978013038635254e-02
1.466715335845947266e-01
5.490370094776153564e-02
-6.794860959053039551e-02
6.785940378904342651e-02
-1.143677253276109695e-02
-1.073719710111618042e-01
-8.246187120676040649e-03
-1.751628220081329346e-01
8.033545315265655518e-02
-7.690594997256994247e-03
8.071897178888320923e-02
6.197853386402130127e-02
-3.571441164240241051e-03
5.656947195529937744e-02
-8.143272250890731812e-02
1.770713031291961670e-01
-2.038647606968879700e-02
1.120559424161911011e-01
-4.175078868865966797e-02
7.521808892488479614e-02
-1.649452596902847290e-01
6.509980559349060059e-02
5.354477837681770325e-02
7.501080632209777832e-02
1.737573146820068359e-01
-6.785073876380920410e-02
-7.693905383348464966e-02
-4.007400572299957275e-02
-9.155339002609252930e-02
-6.527903676033020020e-02
-1.827438361942768097e-02
3.122922731563448906e-03
7.808155566453933716e-02
3.408941254019737244e-02
3.590657562017440796e-02
4.261954128742218018e-02
-9.089865535497665405e-02
5.023454129695892334e-02
3.248194232583045959e-02
6.044855341315269470e-02
