-8.892361074686050415e-02
-1.097638532519340515e-01
-1.233725175261497498e-01
7.395294308662414551e-02
2.196208201348781586e-02
8.605211973190307617e-02
-8.654194325208663940e-02
-6.362514197826385498e-02
-1.096261516213417053e-01
9.716093540191650391e-03
3.527881205081939697e-02
-9.188487380743026733e-02
-1.226949989795684814e-01
-1.152325421571731567e-01
8.693259209394454956e-02
4.316438734531402588e-02
-9.347984194755554199e-02
-4.719898849725723267e-02
2.385270781815052032e-02
-2.215755544602870941e-02
-1.430298835039138794e-01
1.740136295557022095e-01
1.803324557840824127e-02
-7.940797507762908936e-02
-1.672452092170715332e-01
1.395516395568847656e-01
6.955829262733459473e-02
-1.290135234594345093e-01
-3.379889950156211853e-02
1.312173251062631607e-02
1.825424134731292725e-01
-2.730756625533103943e-02
1.858856715261936188e-02
-8.708786219358444214e-02
-4.307347536087036133e-02
-1.032231003046035767e-02
-7.791049033403396606e-02
1.141757443547248840e-01
-5.441245809197425842e-02
4.919866472482681274e-02
-1.826714277267456055e-01
-9.067961573600769043e-02
-1.048007830977439880e-01
1.143026947975158691e-01
2.111469395458698273e-02
-1.711398363113403320e-02
5.859535187482833862e-02
-2.546542137861251831e-02
6.489249318838119507e-02
-6.883002817630767822e-02
1.687811762094497681e-01
-1.810867153108119965e-02
-1.586657017469406128e-02
5.114814639091491699e-02
1.619747839868068695e-02
1.051265746355056763e-01
6.623372435569763184e-02
1.280945390462875366e-01
8.001070469617843628e-02
3.615877777338027954e-02
2.935932576656341553e-02
1.587929129600524902e-01
-7.524364441633224487e-02
1.150671467185020447e-01
-5.381523817777633667e-02
1.166454702615737915e-02
7.132144272327423096e-02
3.189182374626398087e-03
1.258588433265686035e-01
1.150221470743417740e-02
4.999931436032056808e-03
4.665942862629890442e-02
-7.994174957275390625e-02
1.415726393461227417e-01
6.953951716423034668e-02
-1.532757282257080078e-01
1.216424852609634399e-01
-6.134910508990287781e-02
-2.713435143232345581e-02
-1.039781421422958374e-01
1.408987492322921753e-01
-1.206718608736991882e-01
-6.363195180892944336e-02
1.184416934847831726e-02
-1.568554341793060303e-02
-2.615606039762496948e-02
-1.129538491368293762e-01
-1.994057558476924896e-02
2.306719720363616943e-01
5.025691166520118713e-02
-9.749551862478256226e-02
1.353057175874710083e-01
-5.882796272635459900e-02
-3.453494608402252197e-02
-1.411813348531723022e-01
-1.694686114788055420e-01
7.596180588006973267e-02
3.283087536692619324e-02
-8.220304735004901886e-03
4.504191130399703979e-02
5.713722109794616699e-02
5.852577835321426392e-02
-9.307181090116500854e-02
-8.485609665513038635e-03
6.447244435548782349e-02
4.147790744900703430e-02
-8.206371217966079712e-02
4.029631987214088440e-02
-1.221041381359100342e-01
7.302353531122207642e-02
5.761332809925079346e-03
5.054147914052009583e-02
1.650928854942321777e-01
3.805959224700927734e-02
-5.406771600246429443e-02
-7.822120189666748047e-02
-1.690314263105392456e-01
-9.511253237724304199e-02
1.455433014780282974e-02
3.292320296168327332e-02
3.689253330230712891e-02
2.835072018206119537e-02
-1.386336535215377808e-01
7.952923327684402466e-02
-7.484164088964462280e-02
1.495479233562946320e-02
-6.213793531060218811e-02
1.400429569184780121e-02
