6.665652990341186523e-02
3.269784897565841675e-02
8.330166339874267578e-03
6.000067293643951416e-02
-1.462530046701431274e-01
5.353601276874542236e-02
3.761809319257736206e-02
-9.999253600835800171e-02
-1.961381882429122925e-01
1.691128164529800415e-01
-5.725394561886787415e-02
9.981300681829452515e-03
-7.671438902616500854e-02
-1.280218362808227539e-01
2.764156833291053772e-02
4.452114552259445190e-02
1.293306052684783936e-01
-1.365721225738525391e-02
4.115456715226173401e-02
-9.801246970891952515e-02
-3.279896825551986694e-02
9.960921853780746460e-02
1.251621842384338379e-01
5.233755335211753845e-02
-1.343573629856109619e-01
1.250870376825332642e-01
-9.725952893495559692e-02
3.116716397926211357e-03
4.360467195510864258e-02
-6.146711483597755432e-02
1.076593846082687378e-01
6.148592103272676468e-03
4.720808193087577820e-02
8.223952725529670715e-03
1.904746517539024353e-02
8.902651816606521606e-02
-5.415298417210578918e-02
-1.187310889363288879e-01
-2.819530665874481201e-02
1.855283379554748535e-01
3.215643391013145447e-02
4.178720712661743164e-02
-7.378239184617996216e-02
3.818443417549133301e-02
-7.343424484133720398e-03
1.802817359566688538e-02
1.191863641142845154e-01
2.485669404268264771e-02
5.064083635807037354e-02
9.704986959695816040e-02
2.368483245372772217e-01
-2.094081416726112366e-02
-6.748693436384201050e-02
-2.274495363235473633e-02
9.476467221975326538e-02
-1.348250545561313629e-02
3.524832427501678467e-02
-2.180841937661170959e-02
-4.092562943696975708e-02
-3.441162779927253723e-02
2.912837662734091282e-04
2.615343593060970306e-02
-6.830683350563049316e-02
-4.160068556666374207e-02
4.341926891356706619e-03
-2.873103506863117218e-02
4.489174112677574158e-02
-1.219175755977630615e-02
3.347339108586311340e-02
-1.372637320309877396e-02
1.808505654335021973e-01
1.449082791805267334e-01
-5.707660689949989319e-02
5.206808075308799744e-02
1.277455091476440430e-01
-8.648344129323959351e-02
-2.676580473780632019e-02
8.907191455364227295e-03
1.222817413508892059e-02
-2.229956090450286865e-01
1.378306001424789429e-01
-2.334539145231246948e-01
-1.164964437484741211e-01
-1.127298697829246521e-01
1.180081963539123535e-01
9.674111753702163696e-02
-5.385217443108558655e-02
-3.679599612951278687e-02
3.196261823177337646e-02
3.974146395921707153e-02
-1.383038163185119629e-01
6.661745905876159668e-02
3.752499760594218969e-04
-5.425075814127922058e-02
-5.204832181334495544e-03
-1.257608383893966675e-01
5.827818065881729126e-03
-7.769000530242919922e-02
7.087112218141555786e-02
-1.126357913017272949e-01
-2.051386516541242599e-03
-5.046623572707176208e-02
5.204634368419647217e-02
1.421742290258407593e-01
5.058317631483078003e-02
1.691178418695926666e-02
4.891574010252952576e-02
-9.011235088109970093e-02
-2.594640552997589111e-01
-8.137595653533935547e-02
2.864379435777664185e-02
-3.133781254291534424e-02
1.776080131530761719e-01
9.766750782728195190e-02
1.052943640388548374e-03
-5.456946790218353271e-02
-8.868363499641418457e-02
4.961554706096649170e-02
8.164980262517929077e-02
-3.683744743466377258e-02
6.781893968582153320e-02
-6.866586208343505859e-02
-2.780221402645111084e-02
1.447717938572168350e-02
-1.349602490663528442e-01
1.330810338258743286e-01
-4.118815436959266663e-02
6.799043621867895126e-03
