-1.177767813205718994e-01
-3.581812977790832520e-02
-6.458068639039993286e-02
1.718606352806091309e-01
5.542826279997825623e-02
1.103354319930076599e-01
-8.431220799684524536e-02
-9.145441651344299316e-02
-8.378572016954421997e-02
-4.725043848156929016e-02
3.216990455985069275e-02
-8.143182098865509033e-02
-9.674543142318725586e-02
-7.517770398408174515e-03
-7.926392555236816406e-02
-1.062194816768169403e-02
-3.882795199751853943e-02
-8.226843178272247314e-02
4.890700802206993103e-02
1.184508670121431351e-02
3.648267313838005066e-02
1.576892435550689697e-01
4.958118498325347900e-02
-1.004671454429626465e-01
-1.157299652695655823e-01
1.471152305603027344e-01
1.090333610773086548e-01
-1.257626414299011230e-01
-3.647121414542198181e-02
7.002186775207519531e-02
1.115254908800125122e-01
1.195691451430320740e-01
-6.453751772642135620e-02
-1.058632731437683105e-01
-1.816273182630538940e-01
1.211571320891380310e-02
-4.364488646388053894e-02
2.223908901214599609e-02
-9.959968179464340210e-02
2.981722168624401093e-02
-5.266051739454269409e-02
-1.229082718491554260e-01
1.340640522539615631e-02
9.619877487421035767e-02
-6.710155308246612549e-02
-5.050943791866302490e-02
-2.237267792224884033e-02
7.075798232108354568e-03
6.440924946218729019e-03
-1.130918599665164948e-02
1.386033445596694946e-01
1.647215522825717926e-02
7.284773164428770542e-05
-1.269408129155635834e-02
3.158857673406600952e-02
4.429253935813903809e-02
1.455406844615936279e-01
2.761021815240383148e-02
2.578239887952804565e-02
5.155208706855773926e-02
-1.472804248332977295e-01
1.106789633631706238e-01
-1.175251379609107971e-01
-4.922332707792520523e-03
-2.136450074613094330e-02
7.382874377071857452e-03
3.328510746359825134e-02
5.177896935492753983e-03
1.678640693426132202e-01
4.316641762852668762e-02
1.974842995405197144e-01
-1.388763263821601868e-02
-1.469882726669311523e-01
9.450517594814300537e-02
2.784269303083419800e-02
-1.024309843778610229e-01
-1.185601279139518738e-01
-1.374068409204483032e-01
4.676878079771995544e-02
-1.895663738250732422e-01
-1.951374486088752747e-02
-1.277951002120971680e-01
-1.159366145730018616e-01
-1.401247084140777588e-01
-2.103928849101066589e-02
4.206938296556472778e-02
-8.498340845108032227e-02
-7.836428284645080566e-02
-5.794486030936241150e-02
1.335643976926803589e-01
-9.486642479896545410e-02
6.020334362983703613e-02
-1.710287332534790039e-01
-1.290266960859298706e-01
-1.754204742610454559e-03
-1.033740714192390442e-01
4.329541698098182678e-02
-1.276192720979452133e-02
6.645754724740982056e-02
1.011858135461807251e-01
-1.046467013657093048e-02
1.156654730439186096e-01
-1.488314270973205566e-01
1.393172591924667358e-01
6.907007843255996704e-02
5.775473266839981079e-02
-6.854119896888732910e-02
-4.447574913501739502e-02
-1.795130372047424316e-01
-1.496390346437692642e-02
8.921161293983459473e-03
-5.143981426954269409e-03
1.217108592391014099e-01
-1.832786132581532001e-03
-3.412907570600509644e-02
1.566685885190963745e-01
-2.370768971741199493e-02
-5.769607424736022949e-02
-3.400836884975433350e-02
1.600248552858829498e-02
9.777924418449401855e-02
8.673462271690368652e-02
-1.244583516381680965e-03
-6.222184747457504272e-02
-1.140609458088874817e-01
-7.112613320350646973e-02
6.895548105239868164e-02
-4.204091057181358337e-02
