-2.542806044220924377e-02
-5.502477660775184631e-02
-1.072173938155174255e-01
1.585800349712371826e-01
4.504575952887535095e-02
1.489634066820144653e-01
1.075891312211751938e-02
-1.416812539100646973e-01
-4.239223524928092957e-02
-9.370153769850730896e-03
1.302343676798045635e-03
-1.675330549478530884e-01
-1.717972308397293091e-01
-4.161398485302925110e-02
1.473763375543057919e-03
-7.977446168661117554e-02
-8.235616981983184814e-02
6.334458291530609131e-02
8.164763450622558594e-02
3.089927881956100464e-02
-1.290322095155715942e-01
1.885872930288314819e-01
9.491629898548126221e-03
-7.532818615436553955e-02
-5.933274328708648682e-02
2.881060354411602020e-02
5.692759156227111816e-02
-2.569795772433280945e-02
-6.893778592348098755e-02
7.430537790060043335e-02
6.438425183296203613e-02
1.536958664655685425e-01
-3.727599605917930603e-02
-3.036355413496494293e-02
-1.686241775751113892e-01
3.308252990245819092e-02
-1.383656114339828491e-01
6.514488905668258667e-02
-1.567145735025405884e-01
5.255136638879776001e-02
-9.874989092350006104e-02
-9.226217120885848999e-02
3.185294568538665771e-02
2.504128962755203247e-02
2.143862843513488770e-02
-1.346527785062789917e-01
-9.331308305263519287e-02
-6.363285332918167114e-02
8.272100239992141724e-02
-9.932190179824829102e-03
1.002084910869598389e-01
6.687801796942949295e-03
8.656063117086887360e-03
5.901305377483367920e-02
8.295147120952606201e-02
1.362830102443695068e-01
1.399710178375244141e-01
1.269276738166809082e-01
5.155942216515541077e-02
-1.561924535781145096e-02
-7.133329659700393677e-02
2.154315710067749023e-01
-4.819107428193092346e-02
-2.875135838985443115e-02
3.673284500837326050e-02
1.378120947629213333e-02
-1.899904757738113403e-02
3.914627060294151306e-02
2.085398286581039429e-01
1.349390745162963867e-01
1.401978433132171631e-01
5.146939679980278015e-02
-3.528277948498725891e-02
1.166755259037017822e-01
-1.094754505902528763e-02
-1.061184611171483994e-02
9.134306013584136963e-02
-9.033759683370590210e-02
5.102455988526344299e-02
-1.746187806129455566e-01
1.161918863654136658e-01
-1.499936729669570923e-01
-5.242726579308509827e-02
-2.187340706586837769e-02
2.827895991504192352e-02
-7.903122156858444214e-02
-7.254667580127716064e-02
-1.393737345933914185e-01
6.995378434658050537e-02
1.072908863425254822e-01
-1.234191581606864929e-01
7.094656676054000854e-02
-1.261382400989532471e-01
-1.031370908021926880e-01
-5.889501795172691345e-02
-7.522556185722351074e-02
-7.927341386675834656e-03
1.224048584699630737e-01
-9.819306433200836182e-03
4.584565013647079468e-02
8.179939351975917816e-03
6.500158458948135376e-02
-1.038794144988059998e-01
7.905229926109313965e-02
2.851867862045764923e-02
6.164656952023506165e-02
-1.124069169163703918e-01
-3.071184083819389343e-02
-1.234842762351036072e-01
7.897008210420608521e-03
-7.646450400352478027e-02
-8.420671522617340088e-02
1.046864967793226242e-02
-2.013704180717468262e-02
-3.493737429380416870e-02
-3.757592756301164627e-03
-1.317497622221708298e-02
7.642804831266403198e-02
-2.742987871170043945e-02
3.022390976548194885e-02
3.663169592618942261e-02
8.571428805589675903e-02
-3.770592436194419861e-02
1.781901810318231583e-03
-1.583206951618194580e-01
-2.174711599946022034e-02
-1.283235102891921997e-01
-9.963902086019515991e-02
