-2.238691225647926331e-02
2.873855875805020332e-03
-1.030123606324195862e-01
1.709100157022476196e-01
-8.498252928256988525e-02
1.294473111629486084e-01
3.903070092201232910e-02
-2.077135443687438965e-01
-6.049481406807899475e-02
1.016613468527793884e-01
-7.229300588369369507e-02
-1.162474751472473145e-01
-5.818345770239830017e-02
-4.251812770962715149e-02
-2.758724801242351532e-02
-5.958329513669013977e-02
4.920051246881484985e-02
7.193105667829513550e-02
7.643384486436843872e-02
-4.893371835350990295e-03
-2.288996055722236633e-02
1.811448782682418823e-01
1.276971399784088135e-01
-7.513411343097686768e-02
-7.676716893911361694e-02
7.728813588619232178e-02
6.869944278150796890e-03
-1.855265907943248749e-02
-1.159903332591056824e-01
1.181866526603698730e-01
-2.462956495583057404e-02
5.794480443000793457e-02
-5.549543071538209915e-03
1.312221400439739227e-02
-8.098143339157104492e-02
7.041838020086288452e-02
-5.414288118481636047e-02
1.358882058411836624e-02
-1.181655675172805786e-01
1.119126006960868835e-01
-1.046259254217147827e-01
-7.926542311906814575e-02
2.469192259013652802e-03
-2.337633259594440460e-02
-4.402824863791465759e-02
-8.243975043296813965e-02
-7.109941542148590088e-02
-9.990824759006500244e-02
9.097322821617126465e-02
-1.858036220073699951e-02
7.161686569452285767e-02
-1.445283368229866028e-02
-6.601738743484020233e-03
2.049567922949790955e-02
7.469855993986129761e-02
1.283189356327056885e-01
1.245711371302604675e-01
6.677050888538360596e-02
-4.814191162586212158e-02
-7.466900348663330078e-02
-5.790388211607933044e-02
1.434217393398284912e-01
-2.614298276603221893e-02
-4.990926384925842285e-02
6.549606472253799438e-02
1.699269860982894897e-01
-1.224580686539411545e-02
1.659236848354339600e-02
7.091307640075683594e-02
4.770299419760704041e-02
2.201894968748092651e-01
5.908193439245223999e-02
2.388780936598777771e-02
-5.505299568176269531e-02
4.805155098438262939e-02
-4.849264398217201233e-02
6.833972036838531494e-02
-1.071041375398635864e-01
1.009617671370506287e-01
-1.793925464153289795e-01
1.065364852547645569e-01
-2.292341738939285278e-01
-6.208622828125953674e-02
-2.847726270556449890e-02
6.514900922775268555e-02
-2.201463468372821808e-02
-2.291861921548843384e-02
8.764468133449554443e-02
7.692588120698928833e-02
1.293511539697647095e-01
-1.394784748554229736e-01
4.459158331155776978e-02
1.059610769152641296e-02
-1.331773400306701660e-01
-5.177078768610954285e-03
1.115636993199586868e-02
-4.403377696871757507e-02
6.098824739456176758e-02
6.570707261562347412e-02
3.386574238538742065e-02
-3.685775026679039001e-02
4.494101554155349731e-02
-4.927210975438356400e-03
2.091360539197921753e-01
-9.683069586753845215e-02
-2.597361430525779724e-02
-1.244686692953109741e-01
-7.919240742921829224e-02
-1.421195864677429199e-01
-1.640664935111999512e-01
-2.435151860117912292e-02
-9.141528606414794922e-02
5.901514738798141479e-02
-3.392059355974197388e-02
-1.180260330438613892e-01
-3.784133493900299072e-02
9.582258760929107666e-03
1.299446970224380493e-01
-3.518866375088691711e-02
-5.656942725181579590e-02
2.957116067409515381e-02
9.271982312202453613e-02
1.168571971356868744e-02
-2.143017202615737915e-02
-1.273871660232543945e-01
5.674423277378082275e-02
-2.028722167015075684e-01
-2.474084310233592987e-02
