-2.636626735329627991e-02
3.087554685771465302e-02
-1.220335587859153748e-01
1.516124159097671509e-01
5.788870528340339661e-02
1.288858205080032349e-01
-1.216763332486152649e-01
-1.446835398674011230e-01
-1.385344266891479492e-01
-1.819129474461078644e-02
3.192112222313880920e-02
-1.208063289523124695e-01
-5.618510767817497253e-02
6.054750457406044006e-02
-1.231469884514808655e-01
-4.327223077416419983e-02
-4.754414316266775131e-03
8.541372604668140411e-03
1.510015279054641724e-01
-8.220104873180389404e-02
-2.957123890519142151e-02
1.784047335386276245e-01
9.226439148187637329e-02
-1.815747022628784180e-01
-2.511669509112834930e-02
6.583253294229507446e-02
2.311475388705730438e-02
-3.915845602750778198e-02
3.134167194366455078e-02
8.388568460941314697e-02
3.898266935721039772e-03
1.294635832309722900e-01
-7.718854397535324097e-02
-5.491435155272483826e-02
-1.135921701788902283e-01
-6.690669059753417969e-02
-1.138305477797985077e-02
-9.342747926712036133e-02
-1.083236932754516602e-01
1.342892926186323166e-02
2.998326718807220459e-02
1.367994002066552639e-03
9.755874425172805786e-02
1.052734479308128357e-01
5.148764699697494507e-02
-9.986524283885955811e-02
3.645526012405753136e-03
-1.171308010816574097e-01
-8.848500996828079224e-02
9.064172953367233276e-02
1.570169627666473389e-01
1.002061367034912109e-01
4.150100424885749817e-02
-8.926716446876525879e-02
-4.384214803576469421e-02
1.301956325769424438e-01
8.562178164720535278e-02
8.281060308218002319e-02
7.652669399976730347e-02
5.508267879486083984e-02
8.377236872911453247e-02
8.586991578340530396e-02
8.347722701728343964e-03
-1.537589430809020996e-01
-1.200285740196704865e-02
-1.353342458605766296e-02
5.169820412993431091e-02
1.382809579372406006e-01
5.985479429364204407e-02
1.105951219797134399e-01
1.677272617816925049e-01
-7.988814264535903931e-02
-1.884174197912216187e-01
8.568537980318069458e-02
5.180255696177482605e-02
6.598123908042907715e-02
-4.933524504303932190e-02
-1.205114498734474182e-01
4.993658512830734253e-02
-1.017622575163841248e-01
8.280874788761138916e-02
-2.094380706548690796e-01
-1.951016113162040710e-02
-1.183692663908004761e-01
-3.666764497756958008e-02
-1.483998261392116547e-02
-5.852653831243515015e-02
9.202735498547554016e-03
4.913500696420669556e-02
2.647523395717144012e-02
-5.068551748991012573e-02
-3.728671371936798096e-02
-6.208475679159164429e-02
-6.580722332000732422e-02
8.360727876424789429e-02
-9.700126945972442627e-02
4.025937244296073914e-02
7.525022327899932861e-02
-3.940722346305847168e-02
3.985263034701347351e-02
-2.512210234999656677e-02
-5.178889259696006775e-02
-8.317446708679199219e-02
1.532792747020721436e-01
8.275102078914642334e-02
1.236776188015937805e-01
-6.418059766292572021e-02
5.283270031213760376e-02
-5.302146077156066895e-02
1.059834584593772888e-01
-5.145760625600814819e-02
-6.651581730693578720e-03
-4.096555337309837341e-02
-9.289031475782394409e-02
-1.381581425666809082e-01
1.036390215158462524e-01
3.262530267238616943e-02
-6.758001446723937988e-02
-8.174870908260345459e-02
7.165604829788208008e-02
-4.784524813294410706e-02
-4.068747162818908691e-03
3.571886941790580750e-02
-8.785328269004821777e-02
-1.975541859865188599e-01
-1.482375562191009521e-01
-8.560186251997947693e-03
-2.746696956455707550e-02
