2.030204981565475464e-02
-5.299898609519004822e-02
-1.336264461278915405e-01
1.422579139471054077e-01
3.949605301022529602e-02
4.827206581830978394e-02
-6.501013785600662231e-02
-1.342262178659439087e-01
-2.444131067022681236e-03
-2.563636749982833862e-02
-1.331959664821624756e-02
-1.098261028528213501e-01
-4.601553454995155334e-02
1.013598032295703888e-02
1.540056429803371429e-02
-4.014461860060691833e-02
-2.925864607095718384e-02
1.095555443316698074e-02
1.253820508718490601e-01
4.057965055108070374e-02
-1.411742269992828369e-01
1.756632179021835327e-01
-1.904097385704517365e-02
-1.618638783693313599e-01
8.109848201274871826e-02
1.080243587493896484e-01
1.178729981184005737e-01
-6.005001813173294067e-02
1.380820013582706451e-02
5.668426677584648132e-02
-7.192591577768325806e-02
1.434773504734039307e-01
-9.325479716062545776e-02
-7.327923923730850220e-02
-8.404240012168884277e-02
-1.553684193640947342e-02
-1.040043774992227554e-03
7.183783501386642456e-02
-9.534140676259994507e-02
6.909657269716262817e-02
-1.211592853069305420e-01
-7.520323246717453003e-02
3.833694383502006531e-02
7.972528040409088135e-02
-1.229517757892608643e-01
-1.270875036716461182e-01
-7.846770435571670532e-02
-1.191369965672492981e-01
3.881629183888435364e-02
-4.551161825656890869e-02
2.392109110951423645e-02
-3.265099599957466125e-02
2.671685442328453064e-02
-7.135296612977981567e-02
7.966151088476181030e-02
1.192735657095909119e-01
1.654622554779052734e-01
1.164911761879920959e-01
1.161297336220741272e-01
-2.394475787878036499e-02
-1.757885664701461792e-01
1.496760249137878418e-01
-1.330348700284957886e-01
-9.828770160675048828e-02
1.413032114505767822e-01
9.147232025861740112e-02
-9.564486891031265259e-02
-6.992523372173309326e-02
1.762422025203704834e-01
5.442451313138008118e-02
1.016711369156837463e-01
-5.128137022256851196e-02
-3.742340579628944397e-02
-3.024111315608024597e-02
7.527796179056167603e-02
-4.320482909679412842e-02
-1.890575513243675232e-02
-1.265757381916046143e-01
1.345362514257431030e-01
-1.139187961816787720e-01
6.843821704387664795e-02
-1.681884378194808960e-01
1.480778492987155914e-02
-7.169918715953826904e-02
-3.638760745525360107e-02
1.820810511708259583e-02
-1.058401614427566528e-01
-8.115218579769134521e-02
7.645901292562484741e-02
1.023204997181892395e-01
-1.096913218498229980e-01
4.982239753007888794e-02
-6.992328166961669922e-02
-8.779031038284301758e-02
3.099386207759380341e-02
-2.966427057981491089e-02
4.301933571696281433e-03
9.320934116840362549e-02
9.519794955849647522e-03
7.818289101123809814e-02
2.197700319811701775e-03
2.504408545792102814e-02
-7.296483963727951050e-02
9.087958931922912598e-02
1.804239302873611450e-02
1.098155602812767029e-01
-1.536322832107543945e-01
-3.095598518848419189e-02
-1.951361149549484253e-01
-8.681303262710571289e-02
2.062714286148548126e-02
-8.020339161157608032e-02
4.712875932455062866e-02
-3.944613784551620483e-02
-1.685678660869598389e-01
9.213012456893920898e-02
4.638240113854408264e-02
6.186900660395622253e-02
-2.729307673871517181e-02
8.956287801265716553e-02
-2.634351886808872223e-02
4.003623500466346741e-02
3.705202043056488037e-02
5.667531490325927734e-02
-1.360880732536315918e-01
-1.284478418529033661e-02
-9.572229534387588501e-02
-9.555330872535705566e-02
