-5.708356574177742004e-02
-1.287566274404525757e-01
-1.185496672987937927e-01
-1.923329429700970650e-03
-2.335087582468986511e-02
-4.268160462379455566e-02
-1.278629302978515625e-01
-2.545794285833835602e-02
-1.760110557079315186e-01
1.947629451751708984e-02
4.267871752381324768e-02
-4.276429116725921631e-02
-4.518721252679824829e-02
-1.527039855718612671e-01
8.838258683681488037e-02
1.178494542837142944e-01
-5.050269514322280884e-02
-9.537667781114578247e-02
4.674493893980979919e-02
-4.887437820434570312e-02
-5.589970946311950684e-02
9.963075071573257446e-02
6.173248961567878723e-02
2.497031725943088531e-02
-1.259029358625411987e-01
1.709126681089401245e-01
6.091205403208732605e-02
-1.156918480992317200e-01
-7.682909071445465088e-02
-3.859696164727210999e-02
1.794446110725402832e-01
-1.191711053252220154e-02
4.084116965532302856e-02
-1.660653948783874512e-01
-3.923948854207992554e-02
-4.272465128451585770e-03
-2.822427824139595032e-02
8.116825670003890991e-02
3.794361650943756104e-02
5.531973019242286682e-02
-1.046880409121513367e-01
2.692810818552970886e-02
-9.394359588623046875e-02
1.789982020854949951e-01
-2.072832919657230377e-02
-2.887054905295372009e-02
2.212372794747352600e-02
2.937386743724346161e-02
-6.257455097511410713e-04
-8.711070404388010502e-04
2.427287399768829346e-01
5.036317557096481323e-02
-2.443207241594791412e-02
-1.631374005228281021e-03
3.643767535686492920e-02
2.416530391201376915e-03
-5.083591677248477936e-04
8.042096346616744995e-02
1.781445890665054321e-01
1.608383059501647949e-01
4.077777639031410217e-02
7.875006645917892456e-02
-9.282388538122177124e-02
4.770127683877944946e-02
-5.051251500844955444e-02
-2.502488158643245697e-02
1.088182106614112854e-01
2.660047821700572968e-02
1.306015253067016602e-01
-1.650750637054443359e-02
8.789171278476715088e-02
-2.020157501101493835e-02
-1.316582858562469482e-01
3.156465827487409115e-04
1.570884138345718384e-01
-1.656101346015930176e-01
-6.676599383354187012e-02
-5.597493425011634827e-02
-1.104554608464241028e-01
2.771200425922870636e-02
8.395208418369293213e-02
-9.968025237321853638e-02
-6.677935272455215454e-02
1.539340335875749588e-02
-3.212018683552742004e-02
4.106903076171875000e-02
-1.460049003362655640e-01
-4.927185550332069397e-02
1.022822409868240356e-01
-3.700464218854904175e-02
-2.271643839776515961e-03
1.115302368998527527e-01
-9.022418409585952759e-02
-1.124401837587356567e-01
-1.337287276983261108e-01
-1.297146528959274292e-01
1.417230814695358276e-01
-4.005977511405944824e-02
-6.749303638935089111e-02
1.945467479526996613e-02
1.614747643470764160e-01
5.440002679824829102e-02
3.389378637075424194e-02
9.712819755077362061e-02
8.233979344367980957e-02
5.876217409968376160e-02
-1.048146001994609833e-02
5.613750964403152466e-02
-1.512965708971023560e-01
5.834375624544918537e-04
5.627167224884033203e-02
8.907619118690490723e-02
1.710531860589981079e-01
9.854697622358798981e-03
-1.080567017197608948e-01
2.481611259281635284e-02
-1.534145474433898926e-01
-1.749487966299057007e-02
8.159461617469787598e-02
2.851766720414161682e-02
1.476534409448504448e-03
-4.911740496754646301e-02
-1.078483685851097107e-01
1.233640760183334351e-01
-3.640384599566459656e-02
2.535995468497276306e-02
-3.070331178605556488e-02
8.391106873750686646e-02
