-5.907609686255455017e-02
-9.333290159702301025e-02
-1.094997450709342957e-01
9.193181246519088745e-02
-1.910574547946453094e-02
5.625004321336746216e-02
1.542842667549848557e-02
-1.517738103866577148e-01
-2.286969274282455444e-01
-7.275893003679811954e-04
-5.686075612902641296e-02
-7.931835949420928955e-02
8.248668164014816284e-02
-2.902329713106155396e-02
1.187605187296867371e-01
-2.562634460628032684e-02
2.687989920377731323e-02
-4.569131508469581604e-02
8.022657036781311035e-02
-1.577592343091964722e-01
-6.257907301187515259e-02
7.531401515007019043e-02
7.189793139696121216e-02
-1.272149831056594849e-01
5.104134604334831238e-02
1.363733084872364998e-03
3.331955755129456520e-03
2.302994579076766968e-02
-3.173397108912467957e-02
8.950379490852355957e-02
1.415495425462722778e-01
-1.177606824785470963e-02
9.844841808080673218e-02
-2.189002931118011475e-02
-4.930900782346725464e-02
1.022393554449081421e-01
-3.219808265566825867e-02
9.306951612234115601e-02
-3.482395038008689880e-02
1.024159863591194153e-01
-2.708798274397850037e-02
-2.272600249852985144e-04
1.718465355224907398e-03
1.617104709148406982e-01
-9.587296843528747559e-02
-1.110818516463041306e-02
-3.946138545870780945e-03
-1.342743751592934132e-03
8.120369911193847656e-02
2.866174094378948212e-02
1.093714758753776550e-01
-9.339632093906402588e-02
-7.471861690282821655e-02
3.862499073147773743e-02
2.435276098549365997e-02
8.896367996931076050e-02
2.164582908153533936e-02
6.061676144599914551e-02
1.634336858987808228e-01
3.086965344846248627e-02
-3.853283822536468506e-02
1.428131014108657837e-01
-8.828027173876762390e-03
3.449577838182449341e-02
4.891803860664367676e-02
3.542597964406013489e-02
1.312312437221407890e-03
-8.753982186317443848e-02
1.802107691764831543e-01
3.511609137058258057e-02
1.054600477218627930e-01
6.434310227632522583e-02
-5.142581835389137268e-02
-1.169543620198965073e-02
2.033094018697738647e-01
-1.412899792194366455e-01
1.585173234343528748e-02
-6.291096657514572144e-02
-4.193667322397232056e-02
-1.259034425020217896e-01
2.110235393047332764e-01
-1.686660796403884888e-01
-1.793908774852752686e-01
-2.200546115636825562e-02
8.890882134437561035e-02
3.401513025164604187e-02
-1.656092703342437744e-01
1.924024894833564758e-02
1.615349054336547852e-01
2.012354508042335510e-02
-1.179417744278907776e-01
3.314624354243278503e-02
-7.766828685998916626e-02
-1.412991732358932495e-01
-1.620872616767883301e-01
-6.404890120029449463e-02
7.334212958812713623e-02
2.488622255623340607e-02
6.672465801239013672e-02
-3.084233775734901428e-02
4.243457689881324768e-02
2.235768176615238190e-02
1.760441437363624573e-02
1.693891286849975586e-01
3.979730606079101562e-02
2.030174061655998230e-02
-2.426582761108875275e-02
-4.102497547864913940e-02
-1.607164293527603149e-01
-1.785827726125717163e-01
7.930382341146469116e-02
-5.254445970058441162e-02
7.417508214712142944e-02
1.773903146386146545e-02
-8.506834506988525391e-02
-1.188897248357534409e-02
-1.844087839126586914e-01
-1.279374510049819946e-01
-2.344161970540881157e-03
1.307549048215150833e-02
2.309933491051197052e-02
-3.737981244921684265e-02
3.150252997875213623e-02
1.639510318636894226e-02
-3.500245884060859680e-02
6.872006505727767944e-02
-7.308293879032135010e-02
-3.247212246060371399e-02
