-4.697681590914726257e-02
5.443689599633216858e-02
-9.560962021350860596e-02
3.277707844972610474e-02
5.295006185770034790e-02
3.112478740513324738e-02
-2.453402429819107056e-02
-1.714183576405048370e-02
-6.457608193159103394e-02
7.205355167388916016e-02
3.621889278292655945e-02
-8.758154511451721191e-02
-1.267840713262557983e-01
3.303977474570274353e-02
-9.928193688392639160e-02
-7.633585482835769653e-02
-5.856377258896827698e-02
5.480441823601722717e-02
1.155809685587882996e-01
-1.078148037195205688e-01
-7.305159419775009155e-02
1.760751903057098389e-01
-8.434806019067764282e-02
-1.321011334657669067e-01
-2.408965304493904114e-02
2.655457332730293274e-02
-1.436893362551927567e-02
-4.358575865626335144e-02
2.006403543055057526e-02
8.964993059635162354e-02
1.120346933603286743e-01
1.405481845140457153e-01
4.317939281463623047e-02
-6.532189995050430298e-02
-1.003757491707801819e-02
-1.121558845043182373e-01
-1.026227772235870361e-01
-7.013144344091415405e-02
-1.212588995695114136e-01
5.266090855002403259e-02
-5.702909827232360840e-02
-1.359358876943588257e-01
1.350747346878051758e-01
1.480955481529235840e-01
3.647477133199572563e-04
-7.134912908077239990e-02
-3.763217478990554810e-02
-6.343441456556320190e-02
-7.618198543787002563e-02
3.883285820484161377e-02
1.515899300575256348e-01
1.647429317235946655e-01
8.240475505590438843e-02
-1.555341482162475586e-01
1.122583523392677307e-01
2.661276422441005707e-02
9.594899415969848633e-02
1.821495741605758667e-01
2.036206424236297607e-01
1.616197377443313599e-01
-1.825765357352793217e-03
1.046144589781761169e-01
-1.015336811542510986e-02
-7.916569709777832031e-02
-1.427758391946554184e-02
-7.405021786689758301e-02
-1.064608339220285416e-02
1.407914906740188599e-01
1.365811079740524292e-01
1.650625914335250854e-01
8.828597515821456909e-02
-6.658503413200378418e-02
-1.325851976871490479e-01
1.751026064157485962e-01
7.603219896554946899e-02
-3.565297275781631470e-02
-4.035357013344764709e-02
-9.193576127290725708e-02
2.209474332630634308e-02
-1.023993790149688721e-01
5.551481619477272034e-02
-1.218671873211860657e-01
-2.836800552904605865e-02
-1.889793127775192261e-01
-2.332706376910209656e-02
2.335555478930473328e-02
-2.378794364631175995e-02
-2.998314425349235535e-02
3.144707903265953064e-02
-2.891332656145095825e-02
-1.696350798010826111e-02
1.063649654388427734e-01
-1.366673707962036133e-01
-9.065548330545425415e-02
2.254110760986804962e-02
-4.557065293192863464e-02
8.222365751862525940e-03
1.334485709667205811e-01
-5.520884320139884949e-02
9.430004656314849854e-02
7.955499924719333649e-03
-7.192973047494888306e-02
-1.258745640516281128e-01
1.540836691856384277e-01
1.065125092864036560e-01
7.402827031910419464e-03
-6.808903813362121582e-02
-6.664073094725608826e-03
-2.500805258750915527e-02
7.951654493808746338e-02
-9.872684255242347717e-03
5.156353581696748734e-03
-4.862470086663961411e-03
-7.289052754640579224e-02
-5.329671129584312439e-02
8.597969263792037964e-02
2.643823809921741486e-02
-6.252683699131011963e-02
-1.113893017172813416e-01
-1.902606803923845291e-03
-9.637992829084396362e-02
5.915069580078125000e-02
5.011624842882156372e-02
-1.987800188362598419e-02
-1.457623541355133057e-01
-7.421382516622543335e-02
-6.555914133787155151e-02
4.438602924346923828e-02
