-1.244320645928382874e-01
-4.908601567149162292e-02
-8.135573565959930420e-02
7.117564231157302856e-02
5.475169420242309570e-02
6.785908341407775879e-02
4.721447825431823730e-02
-5.934745818376541138e-02
3.536834195256233215e-02
9.923607856035232544e-02
-5.066288635134696960e-02
-1.389845013618469238e-01
-1.229579001665115356e-01
-2.162058604881167412e-03
-5.240092868916690350e-04
-9.686006605625152588e-02
-4.898798838257789612e-02
9.013409912586212158e-02
4.164627194404602051e-02
5.832720920443534851e-02
-1.218342557549476624e-01
1.203089132905006409e-01
-1.115958467125892639e-01
-1.100310459733009338e-01
2.075701765716075897e-02
1.146032214164733887e-01
7.177529484033584595e-02
-9.151224046945571899e-02
3.296988829970359802e-02
1.762301474809646606e-02
2.213253229856491089e-01
1.161630898714065552e-01
5.094334483146667480e-03
-6.119727715849876404e-02
-1.195869445800781250e-01
-3.778938204050064087e-02
-8.346825838088989258e-02
1.146020218729972839e-01
-1.291674077510833740e-01
6.082144007086753845e-02
-8.818103373050689697e-02
-1.934816688299179077e-01
5.269372835755348206e-02
6.314050406217575073e-02
-9.569556266069412231e-02
-3.791700303554534912e-02
-1.381005197763442993e-01
-3.152136877179145813e-02
8.694558590650558472e-02
-7.734335958957672119e-02
2.039455249905586243e-02
1.715904474258422852e-02
6.711784005165100098e-02
1.154941227287054062e-02
9.273374825716018677e-02
5.379764363169670105e-02
1.870602816343307495e-01
1.325851529836654663e-01
9.236038476228713989e-02
4.828950762748718262e-02
-1.050409153103828430e-01
1.794806867837905884e-01
-9.123022854328155518e-02
2.104221284389495850e-02
-4.507801029831171036e-03
5.103229731321334839e-02
1.642345823347568512e-02
-5.953151360154151917e-02
1.662316918373107910e-01
1.098786368966102600e-01
1.467633396387100220e-01
-4.709303751587867737e-02
3.456813097000122070e-02
1.316886544227600098e-01
5.374474078416824341e-02
-1.326626092195510864e-01
2.093766443431377411e-02
-1.172005906701087952e-01
4.664603248238563538e-02
-6.992118805646896362e-02
7.298604398965835571e-02
-8.117296546697616577e-02
3.657064959406852722e-02
-1.090048626065254211e-01
2.852852689102292061e-03
-3.460938110947608948e-02
-1.208235472440719604e-01
-1.658802777528762817e-01
8.423266932368278503e-03
1.334096491336822510e-01
-2.634203433990478516e-02
1.362148821353912354e-01
-1.313330233097076416e-01
-1.409880667924880981e-01
-5.147336423397064209e-02
-2.276294492185115814e-02
-6.547186989337205887e-03
1.249309480190277100e-01
-8.493710309267044067e-03
8.916427195072174072e-02
7.234635204076766968e-02
3.925234824419021606e-02
-1.573616266250610352e-01
2.733599767088890076e-02
2.655887603759765625e-02
2.692811563611030579e-02
-1.232088506221771240e-01
-1.043214797973632812e-01
-7.548184692859649658e-02
-7.069035619497299194e-02
6.370979547500610352e-02
-1.060734242200851440e-01
2.365717850625514984e-02
-5.026361718773841858e-02
-1.748145930469036102e-02
-4.522422328591346741e-02
5.527269560843706131e-03
-6.812975555658340454e-02
-7.380311191082000732e-02
1.026827916502952576e-01
-6.154605373740196228e-02
1.180488914251327515e-01
-1.046853605657815933e-02
4.270030185580253601e-02
-8.750715851783752441e-02
1.700185122899711132e-03
-8.576094359159469604e-02
-6.607182323932647705e-02
