-6.118561699986457825e-02
4.293142631649971008e-02
1.290973275899887085e-02
6.328129023313522339e-02
-8.980424702167510986e-02
-2.039200253784656525e-02
-9.160287678241729736e-02
-1.518252789974212646e-01
-9.361529350280761719e-02
-2.664786390960216522e-02
-5.490410607308149338e-03
-1.878494396805763245e-02
-9.514120966196060181e-02
-7.366778701543807983e-02
-8.467224240303039551e-02
-5.427818745374679565e-02
-3.234773129224777222e-02
1.286849081516265869e-01
-6.887808907777070999e-03
-2.715700119733810425e-02
-1.798594743013381958e-02
1.084874793887138367e-01
4.182815086096525192e-03
-7.545788586139678955e-02
-5.230543762445449829e-02
1.236206293106079102e-01
-7.488238811492919922e-02
1.493570767343044281e-02
4.727380350232124329e-02
-7.001779973506927490e-02
2.512538433074951172e-02
-3.385029500350356102e-03
1.670162379741668701e-01
-8.963985368609428406e-03
-5.546820908784866333e-02
6.458800286054611206e-02
-1.925553530454635620e-01
-1.309966146945953369e-01
-1.393227279186248779e-01
2.084526419639587402e-01
-1.470013409852981567e-01
-5.070515442639589310e-03
-6.412050127983093262e-02
-3.682755632326006889e-03
7.143259793519973755e-02
3.802213445305824280e-02
2.013826817274093628e-01
2.731887437403202057e-02
9.802674502134323120e-02
1.063089221715927124e-01
2.475146800279617310e-01
6.736562936566770077e-04
-1.343709230422973633e-01
5.162128806114196777e-02
-3.375292196869850159e-02
2.423372818157076836e-03
-1.064497698098421097e-02
-1.104875747114419937e-02
-2.545517310500144958e-02
1.977036334574222565e-02
4.909405019134283066e-03
-3.267677500844001770e-02
-9.228030592203140259e-02
-6.587225943803787231e-02
4.895752295851707458e-02
7.721978425979614258e-02
-1.257857233285903931e-01
5.077740177512168884e-02
8.157177269458770752e-02
4.054857045412063599e-02
8.401302993297576904e-02
1.811432838439941406e-01
-1.166934594511985779e-01
1.073342636227607727e-01
6.403835117816925049e-02
-4.595197737216949463e-02
4.316686093807220459e-02
1.329634897410869598e-02
-2.785302512347698212e-02
-2.017974406480789185e-01
2.110751420259475708e-01
-1.474748104810714722e-01
-5.957170575857162476e-02
-1.047545149922370911e-01
8.370479196310043335e-02
1.032033413648605347e-01
1.734027452766895294e-02
-1.546635478734970093e-02
1.621991395950317383e-01
7.738538086414337158e-03
-1.425498425960540771e-01
8.654859662055969238e-02
-8.579423278570175171e-02
1.191788353025913239e-02
-8.793807029724121094e-02
-1.144978404045104980e-01
-2.125503681600093842e-02
-7.265656441450119019e-02
9.839389473199844360e-02
-8.667305111885070801e-02
6.991277914494276047e-03
-4.960984364151954651e-02
-4.510019905865192413e-03
1.025758385658264160e-01
-5.494785681366920471e-02
-1.341153234243392944e-01
-1.144937938079237938e-03
-1.337088495492935181e-01
-4.814241454005241394e-02
-6.895267218351364136e-02
-8.872275054454803467e-02
5.090481135994195938e-03
1.154853031039237976e-01
1.206651255488395691e-01
-4.074874147772789001e-02
-7.285296171903610229e-02
-2.795504964888095856e-02
6.011497229337692261e-02
6.764060258865356445e-02
-7.610226422548294067e-02
-1.675894600339233875e-03
-3.749393299221992493e-02
-2.536904066801071167e-02
4.502534866333007812e-03
-1.577595174312591553e-01
2.268431708216667175e-02
6.002296879887580872e-02
3.079809807240962982e-02
