-5.886743217706680298e-02
6.224933266639709473e-02
-5.713355913758277893e-02
1.360681802034378052e-01
-6.004087626934051514e-02
7.035467028617858887e-02
2.880371175706386566e-02
-4.886394739151000977e-02
-2.334844172000885010e-01
7.653457671403884888e-02
-1.005171090364456177e-01
-4.253245890140533447e-02
-5.122648552060127258e-02
-1.178784072399139404e-01
2.508244104683399200e-02
-2.239328436553478241e-02
3.644499182701110840e-02
1.078711729496717453e-02
-4.357675556093454361e-03
-3.132409974932670593e-02
-6.823480874300003052e-02
1.031666472554206848e-01
-3.388848528265953064e-02
-1.753164827823638916e-02
-3.479638323187828064e-02
9.953664988279342651e-02
-7.633972167968750000e-02
1.035309284925460815e-01
6.097591668367385864e-02
2.451886609196662903e-02
8.618943393230438232e-02
1.243435591459274292e-02
4.206859692931175232e-02
7.901984453201293945e-02
-1.022671815007925034e-02
1.112871393561363220e-01
-7.527406513690948486e-02
5.251118168234825134e-02
-1.407480686902999878e-01
1.846341788768768311e-01
-2.908335998654365540e-02
7.102460414171218872e-02
2.294856356456875801e-03
1.884966855868697166e-03
-4.899225383996963501e-02
6.587032973766326904e-02
1.136312410235404968e-01
-4.455991089344024658e-02
6.747522205114364624e-02
1.292492151260375977e-01
5.207090079784393311e-02
-4.758825898170471191e-02
-1.142389774322509766e-01
-2.962315455079078674e-02
1.519232541322708130e-01
7.665327191352844238e-02
8.832516521215438843e-02
5.158844962716102600e-02
-1.787226833403110504e-02
-1.013295426964759827e-01
4.972042143344879150e-02
7.673858851194381714e-02
-4.660549387335777283e-02
-3.062854148447513580e-02
1.258342340588569641e-02
4.997519031167030334e-02
-5.169757828116416931e-02
9.655377268791198730e-02
3.036211803555488586e-02
2.633197605609893799e-02
1.695979088544845581e-01
2.957676164805889130e-02
-1.045365706086158752e-01
-1.794045604765415192e-02
7.398521155118942261e-02
-4.443461447954177856e-02
-1.972776092588901520e-02
-5.845283740200102329e-04
5.778774619102478027e-02
-1.314270943403244019e-01
2.019949257373809814e-01
-1.945326179265975952e-01
-9.300956130027770996e-02
-1.479816734790802002e-01
1.517277359962463379e-01
1.096331179141998291e-01
-1.319529768079519272e-02
2.283960208296775818e-02
1.165112406015396118e-01
8.205437660217285156e-02
-1.629687696695327759e-01
5.646974593400955200e-02
-2.643666975200176239e-02
-1.269793361425399780e-01
-5.665235966444015503e-02
-1.336445957422256470e-01
-7.289493083953857422e-02
-1.219630590640008450e-03
2.092864215373992920e-01
-9.484765678644180298e-02
-4.249313473701477051e-02
-1.560989394783973694e-02
-3.040913119912147522e-02
1.480504572391510010e-01
-3.117191046476364136e-02
3.509683907032012939e-02
6.645134091377258301e-02
-8.773569017648696899e-02
-2.106569707393646240e-01
-9.954224526882171631e-02
4.814688861370086670e-02
-1.268121153116226196e-01
1.410294175148010254e-01
1.722132228314876556e-02
-8.239820599555969238e-02
-9.070882201194763184e-02
-1.546164602041244507e-01
5.121751222759485245e-03
5.870097503066062927e-02
-8.418118953704833984e-02
1.178414374589920044e-02
-2.890142844989895821e-03
-4.992671683430671692e-02
2.872971817851066589e-02
-1.826477348804473877e-01
5.466565489768981934e-02
1.126141287386417389e-02
-1.747120730578899384e-02
