-9.298745542764663696e-02
-1.069249436259269714e-01
-1.323377937078475952e-01
4.794096946716308594e-02
3.181008249521255493e-02
7.539152354001998901e-02
-8.978125452995300293e-02
-7.259828504174947739e-03
-1.234672069549560547e-01
-1.235522404313087463e-01
-6.696157157421112061e-02
-4.731373488903045654e-02
-4.497147351503372192e-02
-5.086354911327362061e-02
6.814011931419372559e-02
-1.588911167345941067e-03
-6.702575087547302246e-02
-3.361575677990913391e-02
1.115499250590801239e-02
-7.749118655920028687e-02
-1.279328167438507080e-01
1.467268466949462891e-01
1.305830013006925583e-02
-4.629468172788619995e-02
-1.816398948431015015e-01
1.162031665444374084e-01
8.048818260431289673e-02
-1.117433235049247742e-01
-2.173799462616443634e-02
9.236542880535125732e-02
1.984370499849319458e-01
-2.838465943932533264e-02
8.963610976934432983e-02
-5.135408416390419006e-02
-6.811247020959854126e-02
-4.345461726188659668e-02
-8.026126772165298462e-02
7.421118766069412231e-02
-3.214473370462656021e-03
4.226206988096237183e-02
-1.872727274894714355e-01
-1.440675556659698486e-01
-4.397123679518699646e-02
1.039015203714370728e-01
9.742881171405315399e-03
3.528821095824241638e-02
-2.238876372575759888e-02
-5.104328691959381104e-02
1.285401731729507446e-01
-3.430972620844841003e-02
1.525552123785018921e-01
-1.141994819045066833e-02
6.883179396390914917e-02
3.816395252943038940e-02
3.810000792145729065e-02
9.190643578767776489e-02
3.632757440209388733e-02
7.530479878187179565e-02
8.424323052167892456e-02
4.758894816040992737e-02
1.115690991282463074e-01
1.840106099843978882e-01
3.133616223931312561e-02
8.758906275033950806e-02
-5.858267471194267273e-02
4.283391311764717102e-02
6.930638104677200317e-02
6.530509144067764282e-02
6.129726395010948181e-02
1.941917836666107178e-02
-3.796342015266418457e-02
1.957306265830993652e-02
-6.076233088970184326e-02
2.068643271923065186e-01
1.268907487392425537e-01
-1.232049688696861267e-01
1.302916407585144043e-01
-4.376339912414550781e-02
-7.232748717069625854e-02
-1.261838525533676147e-01
1.451978385448455811e-01
-4.838058352470397949e-02
-1.801958382129669189e-01
-1.918639801442623138e-02
-2.100102230906486511e-02
-2.503282390534877777e-02
-1.003293320536613464e-01
7.476755976676940918e-02
1.713946312665939331e-01
7.975526154041290283e-02
-8.046945929527282715e-02
8.303876966238021851e-02
-5.151141807436943054e-02
-1.279018968343734741e-01
-1.162230297923088074e-01
-2.279110401868820190e-01
9.443694353103637695e-02
8.124944753944873810e-03
2.813590504229068756e-02
5.355614051222801208e-02
-3.968799859285354614e-02
5.930550023913383484e-02
-7.902022451162338257e-02
2.267189137637615204e-02
-2.764532715082168579e-02
6.307486444711685181e-02
-6.056809797883033752e-02
-3.861900046467781067e-02
-6.092703342437744141e-02
7.151012541726231575e-04
6.285791844129562378e-02
3.019381128251552582e-02
1.598219871520996094e-01
1.010787114500999451e-02
-1.055695042014122009e-01
-3.461664170026779175e-02
-1.904634684324264526e-01
-9.459211677312850952e-02
-3.476477041840553284e-02
4.283320903778076172e-02
8.775979280471801758e-02
6.391473114490509033e-02
-4.676583036780357361e-02
8.644750714302062988e-02
4.870950803160667419e-02
2.312844991683959961e-02
-2.863431908190250397e-02
2.613439410924911499e-02
