-4.179935902357101440e-02
-1.767887175083160400e-02
-1.131158396601676941e-01
8.508925884962081909e-02
5.283556878566741943e-02
2.282086573541164398e-02
-1.105284690856933594e-01
-1.131219416856765747e-01
-4.276614636182785034e-02
2.227590605616569519e-02
3.999508917331695557e-02
-1.734346747398376465e-01
-1.328373998403549194e-01
5.386374890804290771e-02
-2.898084186017513275e-02
-1.036066841334104538e-02
-5.423934385180473328e-02
-5.471428111195564270e-02
2.022162228822708130e-01
-1.498266309499740601e-01
-1.464048475027084351e-01
1.939895898103713989e-01
-5.614075064659118652e-02
-1.306520849466323853e-01
-7.820903323590755463e-03
3.716328740119934082e-02
1.035344973206520081e-02
-3.615173324942588806e-02
-2.009649574756622314e-02
8.085187524557113647e-02
-1.516943611204624176e-02
4.410433769226074219e-02
1.668418349254352506e-06
-8.034491539001464844e-02
4.922061786055564880e-02
-5.680709332227706909e-02
-5.618864297866821289e-02
-4.539797082543373108e-02
-1.336597800254821777e-01
1.464805454015731812e-01
-7.305648922920227051e-02
-6.535636726766824722e-03
9.186926484107971191e-02
1.149075552821159363e-01
-4.512581974267959595e-02
-2.609105408191680908e-02
3.954209759831428528e-02
-1.264587044715881348e-01
-3.044574335217475891e-02
6.198126822710037231e-02
1.125269308686256409e-01
8.811116218566894531e-02
-3.090989589691162109e-02
-1.000815033912658691e-01
9.414568543434143066e-02
1.374402344226837158e-01
7.903399318456649780e-02
1.113035082817077637e-01
1.117302551865577698e-01
8.241784572601318359e-02
-3.116097487509250641e-02
1.093368828296661377e-01
3.621203359216451645e-03
-1.525382995605468750e-01
9.008143097162246704e-02
8.874756097793579102e-02
-5.563087761402130127e-02
3.204894810914993286e-02
8.354994654655456543e-02
9.991879761219024658e-02
9.572210162878036499e-02
-5.665071681141853333e-02
-1.710597574710845947e-01
6.668820977210998535e-02
1.128482148051261902e-01
-1.734899543225765228e-02
-3.032558225095272064e-02
-9.700381755828857422e-02
4.476134106516838074e-02
6.999923288822174072e-02
1.041843444108963013e-01
-2.200305312871932983e-01
5.847837775945663452e-02
-1.739412248134613037e-01
1.206173095852136612e-03
6.726589798927307129e-02
-5.394840613007545471e-02
6.773020327091217041e-02
2.092432677745819092e-01
4.111108556389808655e-02
-7.178587466478347778e-02
8.677493780851364136e-02
-2.563603920862078667e-03
-6.781212985515594482e-02
5.973134934902191162e-02
-3.569839894771575928e-02
3.206825256347656250e-02
6.845157593488693237e-02
8.991961181163787842e-02
4.794162884354591370e-02
-3.374305088073015213e-04
-7.213064283132553101e-02
-1.490816175937652588e-01
1.129631474614143372e-01
1.372133344411849976e-01
4.007559269666671753e-02
-2.874951623380184174e-02
4.623354598879814148e-02
-1.226089820265769958e-01
-1.953339949250221252e-02
-3.198279067873954773e-02
2.921571768820285797e-02
5.788137763738632202e-02
-3.838296979665756226e-02
-9.555222094058990479e-02
5.190826952457427979e-02
-2.114012278616428375e-02
-8.938281238079071045e-02
-1.048121675848960876e-01
-4.245681688189506531e-02
-7.827588915824890137e-02
3.687660768628120422e-02
8.099294453859329224e-02
3.025661222636699677e-02
-1.730814725160598755e-01
-3.085603564977645874e-02
-1.068921089172363281e-01
1.158648729324340820e-01
