-6.748067587614059448e-02
-1.017170324921607971e-01
-1.697948724031448364e-01
6.766498088836669922e-02
5.000500008463859558e-02
1.776256263256072998e-01
6.853231787681579590e-02
-1.150419041514396667e-01
-5.283132940530776978e-02
3.061606734991073608e-02
6.923011504113674164e-03
-1.345752626657485962e-01
-1.302800327539443970e-01
6.737751513719558716e-02
2.978776209056377411e-02
-5.334194377064704895e-02
-7.072690874338150024e-02
-3.167252615094184875e-02
8.070566505193710327e-02
-5.595891177654266357e-02
-1.642791181802749634e-01
1.958693116903305054e-01
2.828561887145042419e-02
-1.164892092347145081e-01
-4.709311202168464661e-02
2.744701504707336426e-02
8.438190817832946777e-02
-8.999726921319961548e-02
2.107540145516395569e-02
1.266559958457946777e-01
6.187929958105087280e-02
5.353926494717597961e-02
-3.559321165084838867e-02
-9.357134811580181122e-03
-3.100914135575294495e-02
1.651392132043838501e-02
-3.560012578964233398e-02
8.402936905622482300e-02
-7.907155156135559082e-02
6.428711861371994019e-02
-1.481749713420867920e-01
-8.286359161138534546e-02
5.048203468322753906e-02
9.611587971448898315e-02
-8.953782916069030762e-02
-1.099629104137420654e-01
-7.189239561557769775e-02
-1.012372970581054688e-01
2.283812686800956726e-02
-5.109459906816482544e-02
1.079521141946315765e-02
-3.465850651264190674e-02
6.161727756261825562e-02
3.493345156311988831e-02
6.042859703302383423e-02
1.634473502635955811e-01
1.713991910219192505e-01
1.367016285657882690e-01
5.541837960481643677e-02
1.256727986037731171e-02
-2.367180399596691132e-02
2.376786023378372192e-01
-3.023341298103332520e-02
6.017875857651233673e-03
5.457938835024833679e-02
1.359357088804244995e-01
2.092641964554786682e-02
-2.544705523177981377e-03
1.119712740182876587e-01
9.185588359832763672e-02
1.119509488344192505e-01
3.433047607541084290e-02
-1.865726197138428688e-03
1.818093657493591309e-02
2.709960972424596548e-04
-7.309570908546447754e-02
7.798633724451065063e-02
-7.363447546958923340e-02
1.822647154331207275e-01
-1.558236479759216309e-01
1.024352237582206726e-01
-1.930626034736633301e-01
-5.222440510988235474e-02
8.350072428584098816e-03
4.628564044833183289e-02
-8.356423676013946533e-02
-9.732820093631744385e-02
4.425266757607460022e-02
8.262082189321517944e-02
9.001151472330093384e-02
-1.164177879691123962e-01
1.049081161618232727e-01
-6.731632351875305176e-02
-3.896195068955421448e-02
-3.495747223496437073e-02
-4.901153594255447388e-02
-7.285294588655233383e-03
1.050642281770706177e-01
4.281105846166610718e-02
8.712568879127502441e-02
7.346622645854949951e-02
2.766281552612781525e-02
-1.155384406447410583e-01
3.156827017664909363e-02
4.722927510738372803e-02
7.975089550018310547e-02
-1.487955749034881592e-01
-4.101078957319259644e-03
-1.497833281755447388e-01
-3.269725292921066284e-02
-4.198202863335609436e-02
-4.538777470588684082e-02
2.355142496526241302e-02
-5.520740523934364319e-02
-9.161452949047088623e-02
5.560132488608360291e-02
-7.826498895883560181e-02
-1.284000575542449951e-01
-1.109059602022171021e-01
3.556753322482109070e-02
-8.212894899770617485e-04
1.450015753507614136e-01
5.913468077778816223e-03
8.771123364567756653e-03
-1.346727758646011353e-01
-9.321949444711208344e-03
-1.663771122694015503e-01
-1.753341965377330780e-02
