-1.011060178279876709e-01
-1.320116966962814331e-01
-3.668419271707534790e-02
1.229077354073524475e-01
5.021633207798004150e-02
1.252045184373855591e-01
8.884406089782714844e-02
-1.476511955261230469e-01
-1.354646235704421997e-01
5.283445492386817932e-02
6.380523741245269775e-02
-1.927191913127899170e-01
-1.351658850908279419e-01
9.314525127410888672e-02
7.021841406822204590e-02
-7.721744477748870850e-02
-1.266763508319854736e-01
-3.600454190745949745e-03
3.442327305674552917e-02
-6.980946660041809082e-02
-1.556223630905151367e-01
1.334775686264038086e-01
6.078089028596878052e-02
-4.047444090247154236e-02
-1.311177015304565430e-01
-2.767053432762622833e-02
3.088651690632104874e-03
-3.849323466420173645e-02
-3.608908876776695251e-02
6.686894595623016357e-02
9.831777215003967285e-02
1.178351696580648422e-02
2.513403631746768951e-02
6.124237552285194397e-02
-6.618016958236694336e-02
6.782160699367523193e-02
-1.606233566999435425e-01
7.649381458759307861e-02
-1.192170083522796631e-01
7.534381747245788574e-02
-7.971268147230148315e-02
-1.534337699413299561e-01
7.062624790705740452e-04
9.498307108879089355e-02
3.005033545196056366e-02
-9.250096976757049561e-02
-6.145839765667915344e-02
-1.064160838723182678e-01
6.559035927057266235e-02
2.591753192245960236e-02
3.750922158360481262e-02
-4.100822657346725464e-02
-3.094663284718990326e-02
3.676106408238410950e-02
7.738479226827621460e-02
1.551662534475326538e-01
1.176442652940750122e-01
1.803647577762603760e-01
1.325312815606594086e-02
-8.866838179528713226e-03
-8.332443982362747192e-02
2.013887614011764526e-01
-1.818561181426048279e-02
3.535539656877517700e-02
3.802030161023139954e-02
1.613141596317291260e-01
-2.344251796603202820e-02
-3.230901435017585754e-02
9.279089421033859253e-02
1.657894998788833618e-01
1.358878314495086670e-01
7.428888976573944092e-02
-3.329330310225486755e-02
4.670058935880661011e-02
3.745388984680175781e-02
-1.950031518936157227e-02
2.581546269357204437e-02
-5.711587518453598022e-02
7.917442917823791504e-02
-9.201951324939727783e-02
8.989614248275756836e-02
-1.979946643114089966e-01
-3.566494584083557129e-02
-2.282422408461570740e-02
6.977622956037521362e-02
-8.459338545799255371e-02
-2.342035435140132904e-02
7.328294683247804642e-03
1.809459924697875977e-01
9.300993382930755615e-02
-1.405934244394302368e-01
1.000078693032264709e-01
-1.031518206000328064e-01
-9.746536612510681152e-02
-4.541772976517677307e-02
-9.873146563768386841e-02
-1.539809256792068481e-02
9.980951249599456787e-02
2.742339111864566803e-02
6.462730467319488525e-02
-1.550272107124328613e-02
4.365894198417663574e-02
-1.273454576730728149e-01
4.593468829989433289e-02
5.202714353799819946e-02
1.678647100925445557e-02
-9.132432192564010620e-02
-1.884674839675426483e-02
-7.757660001516342163e-02
-4.384155198931694031e-02
-4.396919906139373779e-02
-1.003851965069770813e-01
-1.864022109657526016e-03
-2.703605219721794128e-02
1.480827201157808304e-02
-3.011430241167545319e-02
-1.058154180645942688e-01
-6.201969459652900696e-02
-8.080463856458663940e-02
7.061171345412731171e-04
-1.671677269041538239e-02
1.168901994824409485e-01
5.893350020051002502e-02
-9.502244740724563599e-02
-1.218941062688827515e-01
2.442827261984348297e-02
-1.659190952777862549e-01
-3.135612234473228455e-02
