2.203439176082611084e-02
-1.212609559297561646e-01
6.940516177564859390e-03
1.319541335105895996e-01
-6.966333370655775070e-03
1.863953284919261932e-02
-1.151936873793601990e-01
-8.167576044797897339e-02
-1.871189288794994354e-02
-2.836070396006107330e-02
-3.984150290489196777e-02
-8.487947285175323486e-02
-8.089666813611984253e-02
-8.936997503042221069e-02
4.997109249234199524e-02
4.917966946959495544e-02
2.030198462307453156e-02
-5.337494984269142151e-02
8.694950491189956665e-02
-1.323235481977462769e-01
-6.714670360088348389e-02
3.460732847452163696e-02
-1.160636823624372482e-02
-4.237040877342224121e-02
-1.415515840053558350e-01
7.175161689519882202e-02
-8.912401273846626282e-03
-2.944719046354293823e-03
1.189301162958145142e-01
-4.144398868083953857e-02
7.361965626478195190e-02
3.754498611669987440e-04
3.111434634774923325e-03
3.676347841974347830e-04
-1.222190856933593750e-01
6.768786907196044922e-02
-1.291344016790390015e-01
4.058849066495895386e-02
-8.196923136711120605e-02
1.934564262628555298e-01
1.564797386527061462e-02
-1.030084639787673950e-01
2.646461874246597290e-02
1.263270229101181030e-01
3.934597223997116089e-02
1.782817952334880829e-02
-2.727670036256313324e-02
-3.678883612155914307e-02
1.563810706138610840e-01
3.702373430132865906e-02
7.178921252489089966e-02
1.856781658716499805e-03
-8.429633826017379761e-02
4.202849045395851135e-02
1.441580951213836670e-01
-1.753785274922847748e-02
3.751587821170687675e-03
1.570508466102182865e-03
1.051002070307731628e-01
-6.820572167634963989e-02
-2.091646008193492889e-02
5.881394445896148682e-02
7.989392429590225220e-02
1.800721511244773865e-02
3.832959383726119995e-02
1.623406112194061279e-01
-4.907915741205215454e-02
2.721019275486469269e-02
1.420983821153640747e-01
-6.839999556541442871e-02
1.180113703012466431e-01
-3.793409839272499084e-02
-1.074135303497314453e-01
-4.572087526321411133e-02
1.726411730051040649e-01
-8.637237548828125000e-02
-1.288612093776464462e-02
5.876558274030685425e-02
-5.338366702198982239e-02
-6.483167409896850586e-02
2.200852036476135254e-01
-1.212994903326034546e-01
-3.074625693261623383e-02
-1.372853070497512817e-01
1.171688064932823181e-01
1.022671461105346680e-01
-1.161556914448738098e-01
-1.014538109302520752e-02
8.761598914861679077e-02
1.606628671288490295e-02
-9.002621471881866455e-02
1.263858377933502197e-01
5.501543730497360229e-02
-2.780783176422119141e-01
-1.309621483087539673e-01
-2.612872794270515442e-02
-5.872335284948348999e-03
-1.817463897168636322e-02
1.467449069023132324e-01
-8.508951216936111450e-02
-1.148400455713272095e-01
-7.696264982223510742e-02
-4.489113017916679382e-02
1.750853955745697021e-01
8.218400180339813232e-02
4.045182093977928162e-02
5.730421468615531921e-02
-9.284000098705291748e-02
-2.023623883724212646e-01
-6.817047949880361557e-03
-5.059643648564815521e-03
4.297916218638420105e-02
6.372450292110443115e-02
1.121435984969139099e-01
-1.429567486047744751e-01
-2.113271132111549377e-02
3.356556966900825500e-02
-2.090265275910496712e-03
7.174441963434219360e-02
2.953787334263324738e-02
4.902382940053939819e-02
-5.122978985309600830e-02
-1.235054135322570801e-01
7.282676547765731812e-02
-1.399386525154113770e-01
1.223999932408332825e-01
-2.054641395807266235e-02
3.650480881333351135e-02
