-7.289522886276245117e-02
-2.525874227285385132e-02
-1.232399269938468933e-01
7.776007801294326782e-02
-1.888286694884300232e-02
5.933244153857231140e-02
1.365282852202653885e-02
-9.606745839118957520e-02
-1.923449337482452393e-01
1.321833878755569458e-01
-2.957879565656185150e-02
-4.436234012246131897e-02
-1.057024449110031128e-01
-4.725521057844161987e-02
5.289574712514877319e-02
1.441223025321960449e-01
9.729509055614471436e-02
-1.402048300951719284e-02
1.340650171041488647e-01
-8.604313433170318604e-02
1.463222200982272625e-03
1.819870173931121826e-01
8.930178731679916382e-02
-9.357143193483352661e-02
-3.916969057172536850e-03
1.082124188542366028e-01
3.361124545335769653e-02
-8.662469685077667236e-02
4.214223101735115051e-02
8.523890376091003418e-02
7.896380126476287842e-02
1.068507060408592224e-01
9.496589004993438721e-02
-4.935078322887420654e-02
-5.671025440096855164e-02
3.529954119585454464e-04
7.841568440198898315e-02
-2.886549755930900574e-02
-7.759574335068464279e-03
1.245012730360031128e-01
-5.856895819306373596e-02
-8.733265101909637451e-03
-2.781682647764682770e-02
1.377952545881271362e-01
-8.858149871230125427e-03
8.352850377559661865e-02
1.004142239689826965e-01
-7.620904594659805298e-02
-1.180214807391166687e-03
2.325352653861045837e-02
2.552933394908905029e-01
7.653760910034179688e-02
-7.729886472225189209e-02
-1.170891001820564270e-01
2.294778265058994293e-02
4.510668665170669556e-02
1.116064488887786865e-01
8.743821084499359131e-02
4.453989863395690918e-02
6.800685077905654907e-02
5.801519751548767090e-02
5.893439799547195435e-02
-6.311347335577011108e-02
2.290996350347995758e-02
4.278334602713584900e-02
5.540233105421066284e-02
5.924567207694053650e-02
-1.055783312767744064e-02
3.616135567426681519e-02
-1.695040613412857056e-02
2.298486530780792236e-01
1.376161277294158936e-01
-2.116590589284896851e-01
-2.951144427061080933e-02
2.067763060331344604e-01
-1.279266774654388428e-01
-8.322151750326156616e-02
-1.393731087446212769e-01
-3.936369344592094421e-02
-1.405096203088760376e-01
8.880132436752319336e-02
-1.659009903669357300e-01
-1.632087379693984985e-01
-7.205408066511154175e-02
-2.165111154317855835e-02
5.919282138347625732e-02
-9.506850689649581909e-02
3.046160377562046051e-02
1.527451276779174805e-01
2.143408916890621185e-02
-8.759173005819320679e-02
6.069370731711387634e-02
-5.402389168739318848e-02
2.061452157795429230e-02
-2.206997387111186981e-02
-4.492405056953430176e-02
7.093941792845726013e-03
8.667723089456558228e-02
1.188705489039421082e-01
-3.087935782968997955e-02
1.048615947365760803e-01
-1.816413737833499908e-02
-6.034924834966659546e-02
1.165710240602493286e-01
9.747783653438091278e-03
-5.079939961433410645e-02
-9.874720126390457153e-02
-6.189715489745140076e-02
-1.280134916305541992e-01
-3.481882438063621521e-02
1.829229667782783508e-02
6.271091755479574203e-03
6.128486245870590210e-02
4.340893775224685669e-02
-1.006868779659271240e-01
-4.854179918766021729e-02
-5.149342864751815796e-02
-8.554105460643768311e-02
-3.735259920358657837e-02
-2.157718874514102936e-02
-3.960300609469413757e-02
9.553489089012145996e-02
-3.430719487369060516e-03
-6.105100736021995544e-02
-1.559690237045288086e-01
-7.411365956068038940e-02
-2.027222141623497009e-02
3.779353573918342590e-02
