-2.548338845372200012e-02
-2.889819443225860596e-02
4.117754753679037094e-03
1.086221188306808472e-01
-7.786189019680023193e-02
1.054062880575656891e-02
-3.826620057225227356e-02
-1.206158325076103210e-01
-1.879160851240158081e-01
-1.367628127336502075e-01
-3.290631994605064392e-02
-7.579033263027667999e-03
-6.410741060972213745e-02
-9.029968827962875366e-02
-3.377209231257438660e-02
-1.550573855638504028e-02
-1.673330925405025482e-02
4.382841289043426514e-02
-1.153863687068223953e-02
-9.490901231765747070e-02
-5.321951955556869507e-02
1.189474612474441528e-01
-3.643035888671875000e-03
-9.827520698308944702e-02
-1.313314121216535568e-02
8.461789786815643311e-02
-8.335778862237930298e-02
5.923847109079360962e-02
2.923144400119781494e-02
-7.951077818870544434e-02
1.095337644219398499e-01
2.264471491798758507e-03
1.619777679443359375e-01
-4.766801372170448303e-02
-1.236507594585418701e-01
3.134443610906600952e-02
-1.174740567803382874e-01
-4.567986354231834412e-02
-1.217737570405006409e-01
2.203236371278762817e-01
-1.117586903274059296e-02
-4.072675947099924088e-03
-3.450647369027137756e-02
1.445195358246564865e-02
-2.949708513915538788e-02
3.862836956977844238e-02
2.017825841903686523e-02
3.344579786062240601e-02
1.054112985730171204e-01
1.741051226854324341e-01
1.553728580474853516e-01
3.359592705965042114e-02
-9.276610612869262695e-02
4.500386770814657211e-03
9.229964762926101685e-02
-4.496560245752334595e-02
-1.013007909059524536e-01
2.736062742769718170e-02
-1.493739243596792221e-02
-1.822518743574619293e-02
3.326918929815292358e-02
3.558332845568656921e-02
1.615813188254833221e-02
-4.964068904519081116e-02
-1.426451373845338821e-02
8.611438795924186707e-03
-1.362784057855606079e-01
6.743835657835006714e-02
9.364379942417144775e-02
9.050174057483673096e-02
1.420542597770690918e-01
4.989457875490188599e-02
-8.013454824686050415e-02
9.754213690757751465e-02
1.314483880996704102e-01
-8.110683411359786987e-02
7.384628988802433014e-03
6.022221967577934265e-02
-5.017109215259552002e-02
-1.150595545768737793e-01
2.254364639520645142e-01
-1.117328107357025146e-01
-2.690688334405422211e-02
-1.754413247108459473e-01
9.814629703760147095e-02
8.560932427644729614e-02
-4.815931990742683411e-02
-9.679533541202545166e-03
5.382700264453887939e-02
-4.141215607523918152e-02
-7.865063101053237915e-02
1.783141642808914185e-01
-7.226047664880752563e-02
-1.738256514072418213e-01
-1.418124586343765259e-01
-7.289079576730728149e-02
5.948105454444885254e-02
1.978666149079799652e-02
8.547865599393844604e-02
-1.195612102746963501e-01
2.475354075431823730e-02
-1.504852622747421265e-01
2.828062279149889946e-04
1.362617760896682739e-01
7.055063545703887939e-02
6.444421014748513699e-04
3.432572260499000549e-02
-1.469383239746093750e-01
-2.050065696239471436e-01
-1.176340207457542419e-01
-1.549058035016059875e-02
6.108942627906799316e-02
7.603051513433456421e-02
2.083102799952030182e-02
-1.582687944173812866e-01
2.568494714796543121e-02
-7.088474184274673462e-02
-1.690848171710968018e-02
3.945092484354972839e-02
-5.237320065498352051e-02
-3.883353620767593384e-02
-4.335240647196769714e-02
-1.011866331100463867e-01
1.468103826045989990e-01
-1.087354645133018494e-01
1.052404288202524185e-02
-1.387408096343278885e-02
7.127826660871505737e-02
