-6.638968735933303833e-02
-8.545523881912231445e-02
-8.544469624757766724e-02
3.724545240402221680e-02
-3.448998555541038513e-02
2.052777633070945740e-02
-4.119718447327613831e-02
2.578081039246171713e-04
-9.946773946285247803e-02
-6.490707397460937500e-02
9.098879992961883545e-03
2.545938082039356232e-02
-5.906048044562339783e-02
-1.627754122018814087e-01
5.895985290408134460e-02
8.106162399053573608e-02
-2.970815822482109070e-02
-2.358785085380077362e-02
7.376933842897415161e-02
-1.491111814975738525e-01
-5.543344095349311829e-02
1.161107569932937622e-01
6.455582380294799805e-02
2.721691317856311798e-02
-2.073847502470016479e-01
1.483574360609054565e-01
6.801896542310714722e-02
-6.433530896902084351e-02
-6.935261189937591553e-02
-2.380775846540927887e-02
1.428639292716979980e-01
-4.585612192749977112e-02
1.211432516574859619e-01
-9.872099757194519043e-02
2.253746427595615387e-02
-9.281896799802780151e-02
2.323106396943330765e-03
-1.249718852341175079e-02
5.130568519234657288e-02
8.017414063215255737e-02
-2.377083897590637207e-01
-1.220510676503181458e-01
-7.104649394750595093e-02
2.093551754951477051e-01
6.860101968050003052e-02
3.752230852842330933e-02
-2.223830856382846832e-02
-6.445079296827316284e-02
7.288378477096557617e-02
-7.698940485715866089e-02
2.481404989957809448e-01
6.234891712665557861e-02
4.931093752384185791e-02
-2.536154165863990784e-02
5.162579938769340515e-02
-8.402854204177856445e-03
3.866766765713691711e-02
8.099374175071716309e-02
8.658079057931900024e-02
8.704635500907897949e-02
1.233251169323921204e-01
1.131510958075523376e-01
1.845264993607997894e-02
9.129749238491058350e-02
-7.854755967855453491e-02
9.326075762510299683e-02
8.003132790327072144e-02
4.480559006333351135e-02
1.087482944130897522e-01
-2.909122221171855927e-02
-1.596728153526782990e-02
7.271098438650369644e-03
-1.417930126190185547e-01
1.349366307258605957e-01
1.457868069410324097e-01
-1.342179179191589355e-01
-1.037693955004215240e-02
-2.285684086382389069e-02
-5.487526580691337585e-02
-7.308679819107055664e-02
1.058019995689392090e-01
-6.246598809957504272e-02
-1.154972463846206665e-01
-7.026435434818267822e-02
1.762374117970466614e-02
1.134844869375228882e-01
-1.476339101791381836e-01
6.382936984300613403e-02
1.278950423002243042e-01
-4.584700800478458405e-03
-4.592567682266235352e-02
1.429408937692642212e-01
-5.915704742074012756e-02
-1.072944700717926025e-01
-1.168042328208684921e-02
-1.106549426913261414e-01
1.565699726343154907e-01
-5.215018172748386860e-04
-3.931340575218200684e-02
1.227368880063295364e-02
6.333758682012557983e-02
-2.725185081362724304e-02
-6.007412448525428772e-02
8.647812902927398682e-02
-1.833309978246688843e-02
6.268117576837539673e-02
-4.626704379916191101e-02
-1.156536210328340530e-02
-1.565036624670028687e-01
2.893879078328609467e-02
8.569911867380142212e-02
8.762338757514953613e-02
1.396684050559997559e-01
1.879464834928512573e-02
-1.091890558600425720e-01
-5.382319167256355286e-02
-7.532791048288345337e-02
-5.753076821565628052e-02
-6.244041956961154938e-03
1.225054338574409485e-01
9.302387386560440063e-02
1.684965752065181732e-02
-7.852533459663391113e-02
1.124844029545783997e-01
-1.896750647574663162e-03
1.959444768726825714e-02
-7.998561859130859375e-02
9.629233926534652710e-02
