-6.105564162135124207e-02
6.084164604544639587e-02
-4.924887046217918396e-02
1.799617856740951538e-01
-5.756505951285362244e-02
4.482159018516540527e-02
-3.888746723532676697e-02
-1.475689113140106201e-01
-2.353731542825698853e-01
2.358686551451683044e-02
-5.630440264940261841e-02
-7.623035460710525513e-02
-3.177502378821372986e-02
-4.676653817296028137e-02
-1.203462947160005569e-02
-8.277717977762222290e-02
-1.230633072555065155e-02
3.105475381016731262e-02
-6.193163990974426270e-02
-5.925931036472320557e-02
-5.300435051321983337e-02
1.492098122835159302e-01
4.369638115167617798e-02
-4.679557681083679199e-02
-9.976314008235931396e-02
7.314010709524154663e-02
-6.742942333221435547e-02
6.095666810870170593e-02
-2.358436211943626404e-02
4.480809345841407776e-02
1.452264040708541870e-01
1.738105341792106628e-02
5.870509892702102661e-02
7.256561517715454102e-02
-5.318665131926536560e-02
1.601837724447250366e-01
-1.467748880386352539e-01
-6.127315107733011246e-03
-4.694152623414993286e-02
1.739039868116378784e-01
-2.143047563731670380e-02
-8.312743902206420898e-02
-1.619252935051918030e-02
1.170106381177902222e-01
-2.841678261756896973e-02
-2.181288413703441620e-02
4.358746577054262161e-03
-1.661228761076927185e-02
7.903245836496353149e-02
9.749021381139755249e-02
1.081776395440101624e-01
-2.067731693387031555e-02
-1.005506366491317749e-01
-4.064957424998283386e-02
-9.861353784799575806e-03
7.477655261754989624e-02
4.617429524660110474e-02
4.227034747600555420e-02
-1.499428879469633102e-02
-4.165458306670188904e-02
-3.839321434497833252e-02
9.242083132266998291e-02
7.691200356930494308e-03
4.070727154612541199e-02
-1.732299104332923889e-02
6.171474233269691467e-02
-8.043997734785079956e-02
7.583042979240417480e-02
6.501255184412002563e-02
8.473803848028182983e-02
1.661040782928466797e-01
1.131654158234596252e-01
-1.209335029125213623e-02
9.117510169744491577e-02
9.150326251983642578e-02
-2.676190994679927826e-02
6.481798738241195679e-02
-3.729638457298278809e-02
-1.702852733433246613e-02
-1.778541505336761475e-01
2.858151793479919434e-01
-2.038078457117080688e-01
-1.159472540020942688e-01
-1.395852863788604736e-01
1.139772608876228333e-01
-1.164094265550374985e-02
7.428114861249923706e-02
4.381858929991722107e-02
8.479912579059600830e-02
3.168167546391487122e-02
-1.726830303668975830e-01
3.805504413321614265e-03
-7.931498438119888306e-02
-1.127081960439682007e-01
-2.174445800483226776e-02
-1.774189025163650513e-01
6.999561563134193420e-03
3.535433486104011536e-02
1.178874000906944275e-01
-4.761748015880584717e-02
-6.555889546871185303e-02
4.162007942795753479e-02
-9.530308842658996582e-02
2.159002274274826050e-01
-2.918897010385990143e-02
-2.382101118564605713e-02
-1.439765677787363529e-03
-4.354116320610046387e-02
-8.725170791149139404e-02
-9.516408294439315796e-02
4.365611076354980469e-02
-6.640210747718811035e-02
4.426791891455650330e-02
-2.219930291175842285e-02
-3.068314678966999054e-02
-1.046975851058959961e-01
-1.104871481657028198e-01
-6.872818805277347565e-03
3.766410052776336670e-03
-4.689988493919372559e-02
3.654137998819351196e-02
2.470186538994312286e-02
1.827750504016876221e-01
-1.014238148927688599e-01
-8.145794272422790527e-02
8.670470118522644043e-02
-5.107798427343368530e-02
-7.863336056470870972e-02
