2.646178565919399261e-02
-1.727145463228225708e-01
-3.013323247432708740e-02
2.931502647697925568e-02
-8.754866570234298706e-02
-2.920122258365154266e-02
-6.004206463694572449e-02
-1.407072842121124268e-01
-1.970832496881484985e-01
1.169239357113838196e-01
-1.792797893285751343e-01
-3.899402171373367310e-02
6.844474375247955322e-02
-8.113691955804824829e-02
7.449662685394287109e-02
3.689776733517646790e-02
-1.815433427691459656e-02
-3.385957330465316772e-03
5.789472162723541260e-02
-8.861998468637466431e-02
4.023734945803880692e-03
9.495620429515838623e-02
1.188841164112091064e-01
-1.528132613748311996e-02
-1.131007522344589233e-01
2.290703170001506805e-02
-2.345929108560085297e-02
-9.374379366636276245e-02
1.791828311979770660e-02
-3.920220583677291870e-02
1.422209292650222778e-01
-7.857274264097213745e-03
1.340142786502838135e-01
-1.114770695567131042e-01
-2.730219066143035889e-02
7.197851687669754028e-02
-2.231897227466106415e-02
-3.950063884258270264e-02
-2.905478328466415405e-02
1.284492462873458862e-01
-6.590156257152557373e-02
9.696459025144577026e-02
-1.097892299294471741e-01
9.789516776800155640e-02
1.429873798042535782e-02
-6.588981300592422485e-02
9.432681836187839508e-03
7.344276458024978638e-02
-6.212908402085304260e-02
1.003613397479057312e-01
2.068438380956649780e-01
2.475255914032459259e-02
3.510799491778016090e-03
7.873161695897579193e-03
2.049765177071094513e-02
-1.838935352861881256e-02
3.507211431860923767e-02
9.740285575389862061e-03
8.489297330379486084e-02
1.012280657887458801e-01
-5.171322450041770935e-02
3.270363807678222656e-02
-9.436038881540298462e-02
-1.645322330296039581e-02
5.917680263519287109e-02
-3.674964979290962219e-02
3.110610123258084059e-04
-1.761248707771301270e-02
1.500886678695678711e-01
-1.610316522419452667e-02
2.200262397527694702e-01
6.721962988376617432e-02
-8.702111244201660156e-02
1.317439414560794830e-02
1.793715506792068481e-01
-1.114935278892517090e-01
-5.864344537258148193e-02
7.531279232352972031e-03
-1.140144653618335724e-02
-3.856161609292030334e-02
9.775021672248840332e-02
-1.650040447711944580e-01
-1.441458612680435181e-01
-1.730527728796005249e-02
2.583772409707307816e-03
5.590497702360153198e-02
-2.528807520866394043e-01
-7.345489412546157837e-02
1.086214780807495117e-01
-6.373856216669082642e-02
-3.320693597197532654e-02
1.028475761413574219e-01
-1.609186530113220215e-01
-1.175813078880310059e-01
-7.485502958297729492e-02
-1.397288739681243896e-01
2.941126003861427307e-02
-8.643284440040588379e-02
-3.662784025073051453e-02
-3.243503347039222717e-02
1.294016093015670776e-01
1.009302865713834763e-02
3.409203141927719116e-02
1.185579150915145874e-01
7.817020267248153687e-02
-1.795944944024085999e-02
-3.971544653177261353e-02
-9.941665083169937134e-02
-1.804391145706176758e-01
-1.134539470076560974e-01
-6.807570159435272217e-02
1.416418403387069702e-01
1.266437470912933350e-01
6.094357371330261230e-02
-2.703851833939552307e-02
2.629135362803936005e-02
-1.211282834410667419e-01
1.524133887141942978e-02
-1.723179360851645470e-03
-1.325014233589172363e-02
3.447072952985763550e-02
-3.600513190031051636e-02
3.230405505746603012e-03
5.914209410548210144e-02
-1.037712395191192627e-01
1.040132567286491394e-01
-4.111450538039207458e-02
5.730496346950531006e-02
