-9.652062505483627319e-02
1.565489335916936398e-03
-8.573235571384429932e-02
9.226562082767486572e-02
-5.720229819416999817e-03
6.395015120506286621e-02
-8.370051532983779907e-02
2.346839755773544312e-02
-1.219609528779983521e-01
1.134658977389335632e-01
-9.166510775685310364e-03
-4.316579550504684448e-03
-1.377288997173309326e-01
-6.804615259170532227e-02
-1.985431276261806488e-02
8.498436957597732544e-02
1.735050696879625320e-03
-3.918331116437911987e-02
6.728486716747283936e-02
-4.328506439924240112e-02
4.474292695522308350e-02
1.037714630365371704e-01
2.220060490071773529e-02
1.126484666019678116e-02
-1.489187479019165039e-01
2.445893734693527222e-01
2.098087593913078308e-02
-9.228900820016860962e-02
-5.980272963643074036e-02
1.239479868672788143e-03
1.797263622283935547e-01
6.820394098758697510e-02
6.836353242397308350e-02
-1.475134342908859253e-01
-7.069551944732666016e-02
-1.398851722478866577e-02
-5.323168355971574783e-03
6.018475443124771118e-02
-4.129523783922195435e-02
4.040136467665433884e-03
-8.436113595962524414e-02
-1.200943067669868469e-01
-7.943598553538322449e-03
9.593692421913146973e-02
1.645547151565551758e-02
3.110473230481147766e-02
3.741188347339630127e-02
1.648036204278469086e-02
-4.211366176605224609e-03
-3.101521357893943787e-02
2.162401974201202393e-01
1.197562366724014282e-01
1.529035856947302818e-03
-9.188071638345718384e-02
7.322497665882110596e-02
3.169811889529228210e-02
7.767556607723236084e-02
6.010687351226806641e-02
1.893229316920042038e-03
9.717576950788497925e-02
5.947682633996009827e-02
5.203097686171531677e-02
-8.314641565084457397e-02
6.308078765869140625e-02
-1.526287198066711426e-01
-6.398459523916244507e-02
5.657570064067840576e-02
4.627333208918571472e-02
3.784230723977088928e-02
-6.349442992359399796e-03
1.855264902114868164e-01
-1.287052314728498459e-02
-1.582197546958923340e-01
7.809270173311233521e-02
7.739237695932388306e-02
-1.572527587413787842e-01
-1.516529619693756104e-01
-8.757430315017700195e-02
-9.586925804615020752e-02
-1.231711953878402710e-01
5.356737528927624226e-04
-9.861046820878982544e-02
-1.702347546815872192e-01
-1.101232543587684631e-01
-5.143206566572189331e-02
2.254596725106239319e-02
-7.343550771474838257e-02
-2.164641954004764557e-02
-4.098863899707794189e-02
8.295893669128417969e-02
-1.868436299264431000e-02
1.302785128355026245e-01
-1.602192819118499756e-01
-1.316504925489425659e-01
-4.553641751408576965e-02
-1.641440093517303467e-01
1.254201829433441162e-01
-3.610200434923171997e-02
1.886972924694418907e-03
5.893828719854354858e-02
1.501011699438095093e-01
6.454559415578842163e-02
-2.682635001838207245e-02
6.395003944635391235e-02
9.982098639011383057e-02
4.040571674704551697e-02
-4.230248555541038513e-02
1.828151382505893707e-02
-4.562367126345634460e-02
-1.318254321813583374e-02
1.072938293218612671e-01
4.040632396936416626e-02
2.316472530364990234e-01
7.232666015625000000e-02
-3.048007003962993622e-02
3.459408506751060486e-02
-1.230180561542510986e-01
-9.654886275529861450e-02
1.551903411746025085e-02
4.757093265652656555e-04
1.201475411653518677e-01
2.270463295280933380e-02
-1.013186797499656677e-01
-6.962304562330245972e-02
-9.642535448074340820e-02
-8.305508643388748169e-02
5.868278071284294128e-02
8.626906573772430420e-02
