-1.514032334089279175e-01
8.710740506649017334e-02
3.654358908534049988e-02
5.375725403428077698e-02
-1.208564639091491699e-01
-7.551517337560653687e-02
-1.527842413634061813e-02
-8.314895629882812500e-02
-9.894344955682754517e-02
-2.346510253846645355e-02
-4.256126470863819122e-03
-8.322572708129882812e-02
-2.885025553405284882e-02
-9.985256195068359375e-02
-8.888059854507446289e-02
-1.255978494882583618e-01
-1.419459283351898193e-01
-2.472015796229243279e-03
-3.410310298204421997e-02
4.435261711478233337e-02
-7.891363650560379028e-02
1.601965278387069702e-01
-7.411075383424758911e-02
-1.032638549804687500e-01
-4.485936835408210754e-02
1.858061552047729492e-01
-6.461030244827270508e-02
2.198406262323260307e-03
-2.409792318940162659e-02
-5.479659885168075562e-02
5.398193746805191040e-02
3.510497137904167175e-02
1.424988806247711182e-01
-7.977285981178283691e-02
2.607994154095649719e-02
1.411699205636978149e-01
-1.072092577815055847e-01
9.821189567446708679e-03
-1.480484902858734131e-01
9.304925799369812012e-02
-8.187589049339294434e-02
-5.625298712402582169e-03
-9.724715352058410645e-02
5.407210439443588257e-02
-6.021780520677566528e-02
8.536100387573242188e-03
1.247207969427108765e-01
2.257906459271907806e-02
7.229002565145492554e-02
1.339733004570007324e-01
2.230512648820877075e-01
-1.394765172153711319e-02
-9.079202264547348022e-02
-5.257862433791160583e-02
-3.548492491245269775e-02
5.097550526261329651e-02
-5.991820991039276123e-02
-7.841323968023061752e-04
3.260652348399162292e-02
3.116995282471179962e-02
-2.969092503190040588e-02
1.839222735725343227e-03
-1.788956969976425171e-01
-5.010560899972915649e-02
-9.015750139951705933e-02
-7.380360364913940430e-02
-1.421675235033035278e-01
1.049453169107437134e-01
1.856740936636924744e-02
3.692841157317161560e-02
6.646214425563812256e-02
9.173315763473510742e-02
-3.812590241432189941e-02
7.437497377395629883e-02
1.481499969959259033e-01
-1.064761951565742493e-01
-1.512946188449859619e-02
-7.028550654649734497e-02
-2.129176259040832520e-02
-9.107241779565811157e-02
1.415711939334869385e-01
-8.891741931438446045e-02
-4.231150075793266296e-02
-1.764715164899826050e-01
1.252795010805130005e-01
2.954486757516860962e-02
8.572030812501907349e-02
-3.493567183613777161e-02
7.184642553329467773e-02
9.093689173460006714e-02
-7.813977450132369995e-02
2.524892091751098633e-01
1.939634443260729313e-03
-1.375728286802768707e-02
-1.011385619640350342e-01
-1.417229026556015015e-01
1.122167259454727173e-01
-1.123199053108692169e-02
1.633014380931854248e-01
2.646721899509429932e-02
1.569547131657600403e-02
-5.590640008449554443e-02
-5.844753608107566833e-02
5.857336148619651794e-02
-4.982321336865425110e-02
-7.754316926002502441e-02
-4.780445620417594910e-02
3.681479021906852722e-03
-4.354611784219741821e-02
-3.166251257061958313e-02
6.651809066534042358e-02
-8.211789652705192566e-03
8.872668445110321045e-02
6.201484426856040955e-02
7.869199663400650024e-02
-6.312414258718490601e-02
-1.507601290941238403e-01
1.950124092400074005e-02
5.008367821574211121e-02
-1.493181437253952026e-01
-1.254487931728363037e-01
-3.645749762654304504e-02
9.480043314397335052e-03
1.861565187573432922e-02
-1.120224446058273315e-01
8.040317147970199585e-02
9.183479100465774536e-02
1.110910698771476746e-01
