-1.184053942561149597e-01
-1.502630393952131271e-02
-6.478665769100189209e-02
4.823803529143333435e-02
-2.220140397548675537e-02
-4.009605199098587036e-02
-4.401729255914688110e-02
-4.344890639185905457e-02
-7.081994414329528809e-02
-9.506428614258766174e-03
-1.110195964574813843e-01
-8.223111927509307861e-02
-8.882753551006317139e-02
-1.491649448871612549e-01
1.547376997768878937e-02
8.292867988348007202e-02
-8.226008713245391846e-02
-7.644467800855636597e-02
4.619741067290306091e-02
3.312291949987411499e-02
-1.509575452655553818e-02
1.155598014593124390e-01
-1.149201672524213791e-02
2.845956012606620789e-02
-1.827300190925598145e-01
2.078966200351715088e-01
1.973287202417850494e-02
-1.210260316729545593e-01
-9.142696857452392578e-02
-2.253802493214607239e-02
1.600711196660995483e-01
8.032697439193725586e-02
1.236568856984376907e-02
-1.687375456094741821e-01
-8.594491332769393921e-02
2.428901381790637970e-02
-8.046785742044448853e-02
7.967078685760498047e-02
-1.245263591408729553e-02
6.711973249912261963e-02
-1.226931288838386536e-01
3.279642260167747736e-04
-1.056122630834579468e-01
1.233243420720100403e-01
4.234478622674942017e-02
1.167601123452186584e-01
5.717268213629722595e-02
-2.833466604351997375e-02
4.664469510316848755e-02
-7.049067318439483643e-02
1.719764173030853271e-01
5.400464311242103577e-02
-2.476275525987148285e-02
7.681530714035034180e-02
7.905494421720504761e-02
3.124415874481201172e-02
6.734034512192010880e-03
1.631082780659198761e-02
1.216163709759712219e-01
5.825389549136161804e-02
2.097812853753566742e-02
1.157944798469543457e-01
-9.769091755151748657e-02
6.032588705420494080e-02
-4.081896692514419556e-02
2.844438701868057251e-02
4.710303153842687607e-03
3.253744542598724365e-02
2.379215806722640991e-01
2.379959635436534882e-02
3.928390890359878540e-02
6.058629229664802551e-02
-1.311273425817489624e-01
1.090749949216842651e-01
1.087540946900844574e-02
-1.770092397928237915e-01
-3.998171165585517883e-02
-6.474690139293670654e-02
-1.127221137285232544e-01
-4.036790132522583008e-02
4.309807717800140381e-02
-8.089732378721237183e-02
-1.343270689249038696e-01
-7.224795967340469360e-02
-5.333218723535537720e-02
5.850215256214141846e-02
-1.590485721826553345e-01
-8.104059100151062012e-02
9.031352400779724121e-02
1.297974586486816406e-01
-3.274312242865562439e-02
1.640990376472473145e-01
-3.546133264899253845e-02
-8.914745599031448364e-02
-7.552900165319442749e-02
-8.126880228519439697e-02
9.246000647544860840e-02
3.023276478052139282e-02
6.491778884083032608e-03
6.914683431386947632e-02
8.121890574693679810e-02
1.267860233783721924e-01
-6.221772357821464539e-02
-1.794095523655414581e-02
-9.157183580100536346e-03
2.865585847757756710e-04
6.033377721905708313e-03
5.315878242254257202e-02
-2.444709390401840210e-01
3.435222804546356201e-02
3.563861921429634094e-02
7.096635643392801285e-03
2.541903257369995117e-01
3.991544619202613831e-02
9.709953330457210541e-03
2.133372472599148750e-03
-1.125005856156349182e-01
3.299726918339729309e-02
6.710770539939403534e-03
2.667219610884785652e-03
2.908321795985102654e-03
8.553606271743774414e-02
-1.597305089235305786e-01
7.307004183530807495e-02
-5.940075591206550598e-02
2.081482112407684326e-02
5.954555794596672058e-02
1.091742888092994690e-01
