4.069234803318977356e-02
-7.143573462963104248e-02
-2.876827865839004517e-02
1.786731928586959839e-01
3.709226101636886597e-02
1.077134236693382263e-01
4.176818579435348511e-02
-1.705215424299240112e-01
-1.449672728776931763e-01
6.844761967658996582e-02
-8.793994784355163574e-02
-1.176749318838119507e-01
-1.980604231357574463e-01
8.532681502401828766e-03
-4.739089927170425653e-04
5.906629934906959534e-02
5.687675252556800842e-02
9.082542359828948975e-02
1.406700462102890015e-01
-1.556142717599868774e-01
-4.649701341986656189e-02
1.253076493740081787e-01
-4.340650886297225952e-02
-5.994936078786849976e-02
-1.067594438791275024e-01
5.600099638104438782e-02
-6.403312832117080688e-02
2.906300872564315796e-02
1.060115545988082886e-01
8.584510535001754761e-02
1.663470566272735596e-01
2.262426167726516724e-02
5.792384967207908630e-03
1.339965872466564178e-02
-2.734566293656826019e-02
2.643962204456329346e-02
-1.307040154933929443e-01
3.220090875402092934e-03
-1.007666960358619690e-01
2.115951478481292725e-01
-4.734387330245226622e-04
-3.982756659388542175e-02
1.301707793027162552e-02
-1.166326180100440979e-02
1.184076443314552307e-01
5.652079358696937561e-02
6.299514323472976685e-02
-1.231517046689987183e-01
4.780883714556694031e-02
7.741184532642364502e-02
1.121148243546485901e-01
-7.537217438220977783e-02
-1.045937091112136841e-01
1.429277658462524414e-02
1.477071791887283325e-01
5.574299767613410950e-02
7.254199683666229248e-02
2.270308323204517365e-02
3.830072283744812012e-02
-8.587642759084701538e-02
-2.087106369435787201e-02
8.251995593309402466e-02
7.185720652341842651e-02
-6.647563725709915161e-02
6.297492235898971558e-02
1.018922403454780579e-01
3.376278653740882874e-02
-3.173983469605445862e-02
2.001429349184036255e-02
4.841195046901702881e-02
1.547301262617111206e-01
4.224694892764091492e-02
-1.736214756965637207e-01
5.030763149261474609e-02
4.289666563272476196e-02
3.166117519140243530e-02
1.082704961299896240e-02
-1.981123723089694977e-02
-4.321884363889694214e-02
-1.228566374629735947e-02
1.769209653139114380e-01
-2.217737436294555664e-01
2.688839472830295563e-02
-1.295803636312484741e-01
5.014073476195335388e-02
9.675082564353942871e-02
-1.420007832348346710e-02
6.156920641660690308e-02
9.435308724641799927e-02
1.427081320434808731e-02
-1.421560198068618774e-01
1.154777631163597107e-01
5.721420422196388245e-02
-1.149415373802185059e-01
-6.828933954238891602e-02
-8.352535776793956757e-03
-7.206963747739791870e-02
4.933010786771774292e-02
1.054738387465476990e-01
-8.826012909412384033e-02
-4.139378294348716736e-02
-3.282995894551277161e-02
2.112623676657676697e-02
1.868750005960464478e-01
8.256050199270248413e-02
-2.141263801604509354e-03
-2.031215466558933258e-03
-1.115529760718345642e-01
-1.748370081186294556e-01
-3.184132277965545654e-02
-6.190450116991996765e-02
-2.140483260154724121e-02
2.633125707507133484e-02
5.842622742056846619e-02
-9.149117022752761841e-02
-3.911421447992324829e-02
-1.644499413669109344e-02
-2.119444496929645538e-02
-1.004876941442489624e-01
-4.786689579486846924e-02
4.647385701537132263e-02
6.904768943786621094e-02
-7.330850511789321899e-02
1.222352758049964905e-01
-1.627262979745864868e-01
-2.810927666723728180e-02
-1.080101877450942993e-01
4.083147272467613220e-02
