-2.606302686035633087e-02
2.221912145614624023e-02
-1.824575476348400116e-02
1.289086639881134033e-01
-1.023291200399398804e-01
5.589947476983070374e-02
-1.003186255693435669e-01
-2.037021070718765259e-01
-1.406884938478469849e-01
-2.847555093467235565e-03
-5.635106936097145081e-02
-4.069067165255546570e-02
-9.108389168977737427e-02
-3.039681352674961090e-02
-4.700948297977447510e-02
2.737593464553356171e-02
8.172850310802459717e-02
1.383060365915298462e-01
6.313069164752960205e-02
-6.535086780786514282e-02
5.211017280817031860e-02
1.132430583238601685e-01
8.652056008577346802e-02
-7.327596843242645264e-02
-9.885889291763305664e-02
4.276781529188156128e-02
-8.418408781290054321e-02
2.129737846553325653e-02
8.862803876399993896e-02
3.765256330370903015e-02
1.118148583918809891e-02
1.968817971646785736e-02
1.329870969057083130e-01
-8.973956573754549026e-04
-7.376825064420700073e-02
8.670545369386672974e-02
-1.261282861232757568e-01
-1.255595833063125610e-01
-6.922325491905212402e-02
1.870402246713638306e-01
-1.106183230876922607e-01
1.129607763141393661e-02
-9.866616129875183105e-02
1.683879084885120392e-02
1.337631940841674805e-01
-4.367793723940849304e-02
1.548680663108825684e-01
-2.870695292949676514e-02
3.627343103289604187e-02
8.617382496595382690e-02
2.084926813840866089e-01
-2.040271088480949402e-02
-9.566207230091094971e-02
9.262892603874206543e-02
-3.511776775121688843e-02
2.791977114975452423e-02
1.054806858301162720e-01
-4.239308182150125504e-03
7.981364615261554718e-03
-1.078517525456845760e-04
-1.797220110893249512e-02
2.497290261089801788e-02
-5.816222727298736572e-02
-4.124023392796516418e-02
6.998639553785324097e-02
1.048084050416946411e-01
-9.304380416870117188e-02
3.124029561877250671e-02
8.634484559297561646e-02
4.039598628878593445e-02
1.774087846279144287e-01
1.569596529006958008e-01
-6.245142593979835510e-02
7.305597513914108276e-02
2.994361147284507751e-02
6.890336982905864716e-03
-1.240140758454799652e-02
-9.123446419835090637e-03
-1.925548352301120758e-02
-1.933634132146835327e-01
1.246280819177627563e-01
-1.813006103038787842e-01
-1.303171068429946899e-01
-4.845787305384874344e-03
6.682728976011276245e-02
6.222600489854812622e-02
-1.602601259946823120e-02
-9.064621478319168091e-02
1.663844734430313110e-01
3.833910077810287476e-02
-1.452787667512893677e-01
5.478269234299659729e-02
-9.374018013477325439e-02
5.193524807691574097e-02
-7.003173232078552246e-02
-8.005267009139060974e-03
-7.147945463657379150e-02
-4.473813623189926147e-02
5.872597545385360718e-02
-3.117274306714534760e-02
-3.205252438783645630e-02
4.012097045779228210e-02
-2.216777205467224121e-02
2.171719223260879517e-01
-3.777801617980003357e-02
-1.582719385623931885e-01
-2.840011566877365112e-02
-1.824066340923309326e-01
-7.324928790330886841e-02
5.161508917808532715e-02
-1.540377736091613770e-01
5.285669583827257156e-03
6.687267869710922241e-02
1.120292022824287415e-01
3.351505100727081299e-02
-8.492247760295867920e-02
7.970064133405685425e-02
5.138839595019817352e-03
1.135822571814060211e-02
-2.433440648019313812e-02
1.065006330609321594e-01
3.604634478688240051e-02
2.233766391873359680e-02
-7.741678506135940552e-02
-1.605338603258132935e-01
2.063865028321743011e-02
-7.925693690776824951e-02
-2.769948728382587433e-02
