-5.002449080348014832e-02
-7.391943037509918213e-02
3.605666011571884155e-02
1.657053828239440918e-01
-3.889052942395210266e-02
4.834222793579101562e-02
5.607385188341140747e-02
1.783067174255847931e-02
-2.164451926946640015e-01
-8.228817023336887360e-03
1.949740201234817505e-02
-3.012307360768318176e-02
-1.108534783124923706e-01
-7.380788773298263550e-02
5.676516890525817871e-02
2.904005907475948334e-02
8.427771925926208496e-02
-1.819521375000476837e-02
9.449204802513122559e-02
-1.190085858106613159e-01
-7.272882014513015747e-02
2.583379298448562622e-02
-4.591041244566440582e-03
2.488885633647441864e-02
-4.966767504811286926e-02
1.167108956724405289e-02
-1.633485592901706696e-02
5.329887196421623230e-02
1.313563436269760132e-01
9.445758908987045288e-02
9.396743774414062500e-02
-3.010933473706245422e-02
1.064714491367340088e-01
6.952124834060668945e-02
4.349732771515846252e-04
8.142326027154922485e-02
-8.172696828842163086e-02
5.857767164707183838e-02
-6.674803048372268677e-02
1.784332692623138428e-01
-3.993732109665870667e-02
-3.066847287118434906e-02
4.778490588068962097e-02
3.802233934402465820e-02
-7.102843374013900757e-02
4.973864927887916565e-02
2.999341487884521484e-02
-8.347733318805694580e-02
1.086521893739700317e-01
5.255488678812980652e-02
3.710899129509925842e-02
-6.694877892732620239e-02
-1.424609124660491943e-01
-3.000757656991481781e-02
1.748943179845809937e-01
-1.678871363401412964e-02
3.532785922288894653e-02
4.678722470998764038e-02
1.272681169211864471e-02
-4.130305722355842590e-02
-3.799647092819213867e-02
9.222188591957092285e-02
5.166644230484962463e-02
6.023261696100234985e-02
8.279526233673095703e-02
7.795500755310058594e-02
-8.175934851169586182e-02
-1.330152153968811035e-02
1.328329443931579590e-01
2.744871191680431366e-02
7.851891964673995972e-02
-6.452637724578380585e-03
-1.048663035035133362e-01
-3.188349679112434387e-02
1.355682015419006348e-01
-2.996145188808441162e-02
-5.083066225051879883e-02
1.074968054890632629e-01
-6.155131012201309204e-02
-1.445506811141967773e-01
1.997873485088348389e-01
-1.320770531892776489e-01
-1.290815621614456177e-01
-1.025626808404922485e-01
9.434524178504943848e-02
1.649844348430633545e-01
2.932732366025447845e-02
-8.857904002070426941e-03
1.888469606637954712e-02
3.975752275437116623e-03
-1.853460222482681274e-01
1.358468085527420044e-01
-2.930346131324768066e-02
-1.036558747291564941e-01
-1.323052793741226196e-01
-1.148905977606773376e-01
-8.195323497056961060e-02
5.768688023090362549e-02
1.573392748832702637e-01
-7.808357477188110352e-02
1.417605951428413391e-02
-9.013433009386062622e-02
1.020948309451341629e-02
1.189000755548477173e-01
1.597935408353805542e-01
5.282107368111610413e-02
1.165458932518959045e-01
-1.066956892609596252e-01
-2.497433722019195557e-01
-5.702923610806465149e-02
-7.610306609421968460e-03
-8.554056286811828613e-02
9.109071642160415649e-02
5.741829797625541687e-02
-1.692778021097183228e-01
-2.855597063899040222e-02
-9.288533776998519897e-02
-7.304722815752029419e-02
-4.427952691912651062e-02
1.681906171143054962e-02
6.704273074865341187e-02
1.090374682098627090e-02
-6.585063040256500244e-02
3.091063722968101501e-02
-1.390991508960723877e-01
1.127499938011169434e-01
-2.284259162843227386e-02
-3.464530035853385925e-02
