1.306891441345214844e-03
1.159458979964256287e-02
9.006301872432231903e-03
1.200853735208511353e-01
-1.154937893152236938e-01
4.565450176596641541e-02
-4.653692618012428284e-02
-1.339895278215408325e-01
-1.135442927479743958e-01
2.806191705167293549e-02
9.255082346498966217e-03
-5.637776479125022888e-02
-9.324207901954650879e-02
-6.785602122545242310e-02
4.830854013562202454e-02
7.466311752796173096e-02
3.140603005886077881e-02
3.130171447992324829e-03
1.348846126347780228e-02
-1.047200858592987061e-01
-6.094211339950561523e-02
7.996940612792968750e-02
-7.578389719128608704e-03
1.091580465435981750e-02
-1.481386870145797729e-01
1.434350609779357910e-01
-7.998430728912353516e-02
3.760388493537902832e-02
7.365381717681884766e-02
-1.420677453279495239e-01
1.003448367118835449e-01
-3.312346059828996658e-03
2.344080619513988495e-02
-2.136708796024322510e-02
-7.883623987436294556e-02
5.043688043951988220e-02
-1.280545890331268311e-01
-6.829252094030380249e-02
-1.994067430496215820e-02
2.406309843063354492e-01
4.839449375867843628e-02
-4.435039311647415161e-02
-5.678321793675422668e-02
5.053210258483886719e-02
3.247658535838127136e-02
4.199107363820075989e-02
7.788936607539653778e-03
2.000039815902709961e-02
1.453033536672592163e-01
8.144998550415039062e-02
1.130507290363311768e-01
-5.136840790510177612e-02
-1.372977644205093384e-01
4.948833957314491272e-02
1.695758402347564697e-01
4.131742939352989197e-02
8.200274780392646790e-03
-2.258660644292831421e-02
7.345951162278652191e-03
-1.324758082628250122e-01
3.057570382952690125e-02
2.903828211128711700e-02
8.280601352453231812e-03
-2.534665539860725403e-02
-3.662962466478347778e-02
6.360825896263122559e-02
-1.120705343782901764e-02
-2.656715922057628632e-02
2.379610389471054077e-02
2.715609781444072723e-02
1.670803129673004150e-01
6.635379791259765625e-02
-1.027473434805870056e-01
-3.762296959757804871e-02
8.646301925182342529e-02
-7.840757817029953003e-02
4.471369087696075439e-02
4.946598783135414124e-02
-3.736493736505508423e-02
-1.127971410751342773e-01
2.123125493526458740e-01
-2.386174798011779785e-01
-1.318974187597632408e-03
-1.250165551900863647e-01
1.556584089994430542e-01
5.353213101625442505e-02
-8.033823966979980469e-02
-9.983107447624206543e-02
7.805055379867553711e-02
4.373861104249954224e-02
-1.499695628881454468e-01
7.393119484186172485e-02
8.964848704636096954e-03
-1.617878079414367676e-01
-1.008612960577011108e-01
-7.703877985477447510e-02
-2.670487156137824059e-04
-5.327994376420974731e-02
1.334479004144668579e-01
-1.353178769350051880e-01
-4.426514357328414917e-02
-6.461051106452941895e-02
7.361059542745351791e-03
1.528557837009429932e-01
4.235671833157539368e-02
8.265168964862823486e-02
5.688270181417465210e-02
-1.122542843222618103e-01
-1.716620475053787231e-01
7.220624014735221863e-03
-3.147164732217788696e-02
-1.442533172667026520e-02
1.249888986349105835e-01
1.372791528701782227e-01
-3.165425360202789307e-02
-1.154138296842575073e-01
-3.767158091068267822e-02
6.510166823863983154e-02
1.464451998472213745e-01
4.166418686509132385e-03
3.171375766396522522e-02
-1.294037401676177979e-01
-4.533532634377479553e-02
5.387631803750991821e-02
-1.721791625022888184e-01
7.669869810342788696e-02
-5.443112924695014954e-02
-2.890789322555065155e-02
