-7.105860114097595215e-02
4.571624472737312317e-02
-1.597988605499267578e-02
1.605792194604873657e-01
-3.494744747877120972e-02
7.871005684137344360e-02
-1.456809341907501221e-01
-1.152732372283935547e-01
-1.748605221509933472e-01
-7.756580412387847900e-02
-3.634561726357787848e-04
-8.172264695167541504e-02
-8.076417446136474609e-02
-9.079083055257797241e-02
-4.982135724276304245e-03
-4.494731873273849487e-02
-2.720294333994388580e-02
5.073880404233932495e-02
-7.686425466090440750e-03
1.128910109400749207e-02
2.272496558725833893e-02
1.836206018924713135e-01
9.559261053800582886e-02
-1.418981850147247314e-01
-9.213303029537200928e-02
1.263724416494369507e-01
-9.442714601755142212e-02
2.484994754195213318e-02
4.088278487324714661e-02
1.385596692562103271e-01
1.061344295740127563e-01
5.238505080342292786e-02
8.912906050682067871e-03
2.029094472527503967e-02
-6.772739440202713013e-02
1.465279161930084229e-01
-1.257958561182022095e-01
4.322108998894691467e-02
-1.408936977386474609e-01
1.622446477413177490e-01
-8.410707116127014160e-02
-1.418401002883911133e-01
-4.721866175532341003e-02
1.169470790773630142e-02
4.579452797770500183e-02
-6.144449859857559204e-02
5.979950726032257080e-02
-5.963962152600288391e-02
6.542456150054931641e-02
7.835759222507476807e-02
1.890928298234939575e-01
4.549416247755289078e-03
-4.234714433550834656e-02
-3.146940842270851135e-02
1.116982921957969666e-01
8.097971975803375244e-02
1.055428683757781982e-01
1.026223301887512207e-01
-3.527039289474487305e-02
-1.398480869829654694e-02
2.706766827031970024e-03
1.721560060977935791e-01
-4.688628390431404114e-02
2.904351241886615753e-02
-4.675567522644996643e-02
5.155275762081146240e-02
-1.104962602257728577e-01
3.715314343571662903e-02
1.022714888677000999e-03
1.093877106904983521e-01
2.003253400325775146e-01
4.444366320967674255e-02
-1.604919321835041046e-02
3.361462429165840149e-02
-1.533445715904235840e-02
-1.508330460637807846e-02
4.684513807296752930e-02
-1.022807955741882324e-01
7.605530321598052979e-02
-1.082413420081138611e-01
1.164444983005523682e-01
-2.246189862489700317e-01
-4.276730492711067200e-02
-1.055089831352233887e-01
9.841384738683700562e-02
-2.616154029965400696e-02
-4.284783266484737396e-03
5.135744437575340271e-02
1.197054609656333923e-01
1.412803530693054199e-01
-1.939594894647598267e-01
1.108585521578788757e-01
-4.075459763407707214e-02
-4.185358434915542603e-02
-2.170271053910255432e-02
-1.296860724687576294e-01
3.920769318938255310e-03
2.191034704446792603e-02
9.064185619354248047e-02
8.244436234235763550e-02
1.208372227847576141e-02
4.455564171075820923e-02
-5.511818453669548035e-02
2.069698870182037354e-01
-7.198049128055572510e-02
-9.218034893274307251e-02
-1.090788934379816055e-02
-2.559391967952251434e-02
-1.057987362146377563e-01
-1.488053053617477417e-01
-5.689733102917671204e-02
-2.195311523973941803e-02
8.696266263723373413e-02
-5.383839458227157593e-02
-4.756898805499076843e-02
-3.388683125376701355e-02
-9.272599965333938599e-02
3.836582601070404053e-02
-3.445493429899215698e-02
-9.897250682115554810e-02
1.128294225782155991e-02
9.878499060869216919e-02
2.577513642609119415e-02
-1.635900000110268593e-03
-8.761701732873916626e-02
3.416922315955162048e-02
-5.442144721746444702e-02
-2.048207260668277740e-02
