-5.828489735722541809e-02
2.371653728187084198e-02
-1.375938057899475098e-01
9.619815647602081299e-02
1.348005793988704681e-02
6.218297407031059265e-03
-7.205412536859512329e-02
-1.039749532938003540e-01
-7.310146093368530273e-02
6.663323193788528442e-02
-3.405992314219474792e-02
-1.178262978792190552e-01
-6.895761936902999878e-02
4.893397167325019836e-02
-6.252077966928482056e-02
9.610253386199474335e-03
-2.418018691241741180e-02
-1.317591518163681030e-01
1.594077050685882568e-01
1.983075402677059174e-02
-1.102032288908958435e-01
1.297728419303894043e-01
-1.438611000776290894e-02
-1.913652718067169189e-01
5.388327687978744507e-02
1.811366528272628784e-01
1.377143412828445435e-01
-9.677176922559738159e-02
8.498927205801010132e-02
6.727728992700576782e-02
1.628919690847396851e-02
8.501431345939636230e-02
-6.792519986629486084e-02
-1.400030255317687988e-01
-3.573469072580337524e-02
-5.108040198683738708e-02
1.206529736518859863e-01
3.690494969487190247e-02
-9.853982366621494293e-03
5.350231379270553589e-02
-4.409442842006683350e-02
-5.954637378454208374e-02
7.953513413667678833e-02
1.117235645651817322e-01
-1.529904156923294067e-01
2.559413202106952667e-02
-5.515719763934612274e-03
-7.482011616230010986e-02
-2.995780669152736664e-02
-1.150814909487962723e-02
5.642514303326606750e-02
9.723112918436527252e-03
-3.509171074256300926e-03
-1.576104164123535156e-01
-5.696049705147743225e-02
8.596462011337280273e-02
6.858207285404205322e-02
6.637825816869735718e-02
7.023733109235763550e-02
5.440692231059074402e-02
-4.547878727316856384e-02
8.896264433860778809e-02
-1.316955983638763428e-01
-6.791041046380996704e-02
1.162496209144592285e-01
1.336656603962182999e-02
-2.229887247085571289e-02
-3.943117335438728333e-02
1.059707105159759521e-01
4.898427426815032959e-02
1.176301538944244385e-01
-1.006410792469978333e-01
-8.946941047906875610e-02
-1.736466214060783386e-02
8.140008151531219482e-02
-7.769246399402618408e-02
-1.259441077709197998e-01
-1.379470229148864746e-01
1.015253216028213501e-01
-1.442520786076784134e-02
6.560390442609786987e-02
-1.699630469083786011e-01
-1.131548956036567688e-01
-1.477828621864318848e-01
-5.707230418920516968e-02
8.181927353143692017e-02
-1.409815251827239990e-01
3.023305162787437439e-02
3.547443822026252747e-02
1.124503463506698608e-01
-3.161410335451364517e-03
9.595452994108200073e-02
-7.064104825258255005e-02
-5.920169502496719360e-02
5.431533232331275940e-02
-4.207238182425498962e-02
1.292165741324424744e-02
5.542030185461044312e-02
8.166086673736572266e-02
1.117480844259262085e-01
6.336668133735656738e-02
3.450118750333786011e-02
-1.372675597667694092e-01
8.702789247035980225e-02
6.031568348407745361e-02
1.033193320035934448e-01
-9.701704978942871094e-02
-7.194036152213811874e-03
-2.013187557458877563e-01
-5.545750726014375687e-03
6.414584070444107056e-02
4.133804235607385635e-03
8.514433354139328003e-02
-8.449041843414306641e-02
-1.298069357872009277e-01
1.085405051708221436e-01
4.623949527740478516e-02
-1.740352958440780640e-01
-1.386694759130477905e-01
7.192467153072357178e-02
-7.993572205305099487e-02
8.463822305202484131e-02
1.893712766468524933e-02
-6.096509750932455063e-03
-1.714605391025543213e-01
-1.009353622794151306e-01
-4.332528635859489441e-02
2.697174437344074249e-02
