-3.481810912489891052e-02
5.306339636445045471e-02
8.438850753009319305e-03
9.711135178804397583e-02
-8.228357136249542236e-02
2.469848841428756714e-02
-3.757186979055404663e-02
-1.721175909042358398e-01
-1.010252907872200012e-01
-1.292332727462053299e-02
-3.730116039514541626e-02
-5.698806419968605042e-02
-1.334308087825775146e-01
-2.419809252023696899e-02
-4.678178578615188599e-03
-3.767270827665925026e-03
6.200363487005233765e-02
9.287859499454498291e-02
2.716542594134807587e-02
-8.295729011297225952e-02
9.617661125957965851e-03
8.334746211767196655e-02
1.393889188766479492e-01
-3.972126170992851257e-02
-1.314104795455932617e-01
7.385902851819992065e-02
-7.621470093727111816e-02
2.685116603970527649e-02
5.711533501744270325e-02
2.773832716047763824e-02
4.455607756972312927e-02
-1.213037688285112381e-02
1.425482034683227539e-01
1.026263087987899780e-02
-5.959926918148994446e-02
9.512554854154586792e-02
-1.477280557155609131e-01
-1.699748635292053223e-01
-9.071366488933563232e-02
1.921721100807189941e-01
-1.427800059318542480e-01
-2.368835732340812683e-02
-1.155334785580635071e-01
6.789505481719970703e-02
1.188877448439598083e-01
-6.191991642117500305e-02
1.348484009504318237e-01
4.147554561495780945e-02
1.194574907422065735e-01
9.759934246540069580e-02
2.289230078458786011e-01
-1.520475605502724648e-03
-7.567925751209259033e-02
3.889139369130134583e-02
-1.628408767282962799e-02
-1.832025684416294098e-02
6.052935868501663208e-02
1.606545411050319672e-02
-1.959154009819030762e-02
1.463675498962402344e-02
-1.910311728715896606e-02
3.841798752546310425e-02
-3.559469059109687805e-02
-2.722370997071266174e-02
4.025830328464508057e-02
1.025730744004249573e-01
-9.704929590225219727e-02
3.353119641542434692e-02
3.217472881078720093e-02
6.331228464841842651e-02
1.262280046939849854e-01
1.768715977668762207e-01
-6.968927383422851562e-02
9.493248909711837769e-02
-4.258173517882823944e-03
4.294688627123832703e-02
-1.410776097327470779e-02
-3.532578423619270325e-02
7.951154373586177826e-03
-2.170982658863067627e-01
1.582336425781250000e-01
-1.936357021331787109e-01
-1.729001402854919434e-01
-9.017482399940490723e-02
7.671725004911422729e-02
4.544134810566902161e-02
-3.187368065118789673e-02
4.628649447113275528e-03
1.373963057994842529e-01
4.771544411778450012e-02
-2.120614945888519287e-01
6.781291216611862183e-02
-1.066480204463005066e-01
3.488977625966072083e-02
-8.997696638107299805e-02
-7.343031466007232666e-02
-3.144290298223495483e-02
-6.066209822893142700e-02
8.779768645763397217e-02
-8.920749276876449585e-02
-5.418403074145317078e-02
8.652485907077789307e-03
-3.764002397656440735e-02
1.614171266555786133e-01
7.621701806783676147e-03
-1.192957684397697449e-01
1.527997013181447983e-02
-1.400740742683410645e-01
-1.137299165129661560e-01
-9.566106833517551422e-03
-1.374668180942535400e-01
-3.911986481398344040e-03
7.278843969106674194e-02
1.139902248978614807e-01
-2.805223455652594566e-03
-8.743809908628463745e-02
2.828539814800024033e-03
-5.295276641845703125e-03
6.862881034612655640e-02
-6.895288825035095215e-03
5.090719088912010193e-02
4.234968870878219604e-02
5.693306028842926025e-02
-1.090976968407630920e-01
-1.092012003064155579e-01
6.606409698724746704e-02
-4.709621518850326538e-02
-4.034137353301048279e-02
