2.010740339756011963e-02
-9.942874312400817871e-02
2.055414579808712006e-02
1.286132335662841797e-01
-5.418667942285537720e-02
3.457183390855789185e-02
1.193785946816205978e-02
-1.359190698713064194e-02
-1.890802383422851562e-01
3.217176347970962524e-02
-9.809241164475679398e-04
-6.676655262708663940e-03
-1.408116221427917480e-01
-7.941969484090805054e-02
1.122421026229858398e-01
9.691023826599121094e-02
6.748468428850173950e-02
-5.001551285386085510e-02
8.350900560617446899e-02
-1.386273503303527832e-01
-1.123081967234611511e-01
-2.146784029901027679e-02
2.380132488906383514e-02
-2.008987776935100555e-02
-7.424025982618331909e-02
1.044211164116859436e-01
-3.698706254363059998e-02
2.783361263573169708e-02
1.310506165027618408e-01
-2.192032337188720703e-02
1.659212559461593628e-01
-7.382260635495185852e-03
3.768910095095634460e-02
3.159587457776069641e-02
6.670957058668136597e-02
6.294140964746475220e-02
-3.655983880162239075e-02
6.488524377346038818e-02
-2.354727126657962799e-02
1.865901052951812744e-01
4.126459360122680664e-02
-2.013728581368923187e-02
3.611652925610542297e-02
4.832561314105987549e-02
-5.628624930977821350e-03
6.621920317411422729e-02
4.622272029519081116e-02
-3.402233496308326721e-02
1.019035801291465759e-01
3.583421558141708374e-02
7.239773124456405640e-02
-7.210276275873184204e-02
-1.451970934867858887e-01
-5.638762842863798141e-03
1.877825409173965454e-01
-3.398004174232482910e-02
3.284664824604988098e-02
-4.508440382778644562e-03
9.892437607049942017e-03
-5.682591348886489868e-02
5.637919064611196518e-03
5.192749202251434326e-02
4.008695855736732483e-02
4.643325880169868469e-02
2.307298965752124786e-02
1.799457706511020660e-02
-1.648984849452972412e-02
-8.471579849720001221e-02
9.728233516216278076e-02
-2.206815034151077271e-02
8.414162695407867432e-02
-4.004656523466110229e-02
-1.202216073870658875e-01
-1.509866304695606232e-02
1.755372136831283569e-01
-5.833736434578895569e-02
-8.653735369443893433e-02
9.264818578958511353e-02
-7.049778848886489868e-02
-1.144009232521057129e-01
1.901390999555587769e-01
-1.488886922597885132e-01
-2.133476734161376953e-02
-1.017724350094795227e-01
1.031571775674819946e-01
1.800629496574401855e-01
1.210398506373167038e-02
-3.966988250613212585e-02
1.216895971447229385e-02
-3.119200281798839569e-02
-1.475991606712341309e-01
6.610517203807830811e-02
5.901126191020011902e-02
-1.514384895563125610e-01
-1.130425035953521729e-01
-3.409370034933090210e-02
3.313522785902023315e-02
7.365813944488763809e-03
8.148334175348281860e-02
-1.139906346797943115e-01
1.891482435166835785e-02
-1.322443932294845581e-01
3.377911821007728577e-02
9.843750298023223877e-02
1.819936037063598633e-01
1.147105991840362549e-01
1.165256798267364502e-01
-8.348222076892852783e-02
-2.670013010501861572e-01
-4.293264821171760559e-02
3.176373615860939026e-02
-5.105748400092124939e-02
1.294051408767700195e-01
1.294648200273513794e-01
-1.378009766340255737e-01
-5.267317965626716614e-02
-9.374396502971649170e-02
-2.076034434139728546e-02
5.026901885867118835e-02
5.002985522150993347e-02
7.658891379833221436e-02
-8.154666423797607422e-02
-1.097855716943740845e-01
1.083607226610183716e-01
-1.138678863644599915e-01
9.619393944740295410e-02
2.264651097357273102e-02
-5.795436352491378784e-02
