-5.398543924093246460e-02
-6.060324609279632568e-02
-1.779174804687500000e-01
1.868544071912765503e-01
2.254791371524333954e-02
1.462468802928924561e-01
-4.707465320825576782e-02
-9.497951716184616089e-02
-1.062854751944541931e-01
1.420961469411849976e-01
-4.469251632690429688e-02
-1.590257585048675537e-01
-9.302565455436706543e-02
-6.177913397550582886e-02
-5.905419960618019104e-02
3.208297863602638245e-02
-5.609977245330810547e-02
-9.289582073688507080e-02
1.471640318632125854e-01
-5.664320662617683411e-02
-1.171839311718940735e-01
1.599925011396408081e-01
3.109499812126159668e-02
-5.889683589339256287e-02
-1.176625415682792664e-01
6.641612201929092407e-02
4.714659601449966431e-02
-4.132352396845817566e-02
-1.580165885388851166e-02
1.013595517724752426e-02
4.402926564216613770e-02
-1.033933088183403015e-02
-3.185477107763290405e-02
1.175366993993520737e-02
-5.611379165202379227e-03
4.014280810952186584e-02
-4.055152460932731628e-02
4.311450198292732239e-02
-1.874829381704330444e-01
8.309017866849899292e-02
-3.387619182467460632e-02
3.259549615904688835e-03
4.242905229330062866e-02
1.252776831388473511e-01
-2.987041138112545013e-02
-9.503781795501708984e-02
-2.506417455151677132e-03
-1.305110305547714233e-01
8.780579082667827606e-03
8.549076318740844727e-02
1.340555697679519653e-01
4.445928707718849182e-02
3.498933976516127586e-03
-9.308095276355743408e-02
3.828952088952064514e-02
2.238021194934844971e-01
4.112287983298301697e-02
1.196283102035522461e-01
-1.298209303058683872e-03
-4.957762430422008038e-04
4.371573403477668762e-02
1.183226108551025391e-01
-3.557010088115930557e-03
-7.822562754154205322e-02
-7.293423265218734741e-02
1.612253338098526001e-01
1.998540572822093964e-02
1.341892927885055542e-01
4.292669519782066345e-02
4.021111130714416504e-02
1.333094835281372070e-01
-6.773140281438827515e-02
-1.441075056791305542e-01
2.650340087711811066e-02
1.319706737995147705e-01
-2.422584593296051025e-02
1.090802252292633057e-02
-3.688059002161026001e-02
7.003954052925109863e-02
2.810822613537311554e-02
1.135386452078819275e-01
-2.219647765159606934e-01
-2.673104777932167053e-02
-7.765112072229385376e-02
3.224547952413558960e-02
2.060621976852416992e-02
-9.194756299257278442e-02
-4.346397519111633301e-02
1.342120915651321411e-01
4.695555567741394043e-02
-5.163614079356193542e-02
4.840928316116333008e-02
1.524611376225948334e-02
-1.522429585456848145e-01
2.414654009044170380e-02
-1.503271460533142090e-01
5.886460840702056885e-02
4.456226527690887451e-02
4.716083034873008728e-02
8.977774530649185181e-02
4.248491488397121429e-03
-4.135764017701148987e-02
-6.893885880708694458e-02
1.373676061630249023e-01
4.624496027827262878e-02
1.187181100249290466e-01
-4.028049111366271973e-02
7.644102722406387329e-02
-1.464352309703826904e-01
6.908705830574035645e-02
-6.205663457512855530e-02
4.894130863249301910e-03
9.668461978435516357e-02
-6.947201490402221680e-02
-1.279420852661132812e-01
8.160420507192611694e-02
-6.485990434885025024e-02
-1.224898993968963623e-01
-2.162206918001174927e-02
-5.723070353269577026e-02
-3.437253460288047791e-02
9.799440886126831174e-05
-5.225315317511558533e-02
1.739900559186935425e-02
-2.319675385951995850e-01
-5.651868507266044617e-02
-4.624363407492637634e-02
1.651575975120067596e-02
