-2.938250824809074402e-02
-4.993921890854835510e-02
1.500747818499803543e-02
6.957762688398361206e-02
-1.625509411096572876e-01
-2.216868661344051361e-02
2.497950568795204163e-03
-1.603876352310180664e-01
-1.706605255603790283e-01
8.260041940957307816e-04
-6.458698213100433350e-02
-1.786725781857967377e-02
1.431303191930055618e-02
-1.201378256082534790e-01
5.134007707238197327e-02
-2.887850627303123474e-02
3.648152947425842285e-02
8.099196106195449829e-02
3.553264215588569641e-02
-9.795638918876647949e-02
-4.684768151491880417e-03
1.278885155916213989e-01
-3.227425739169120789e-02
-7.011163979768753052e-02
3.029199875891208649e-02
1.149471476674079895e-01
-3.930164128541946411e-02
4.017411917448043823e-02
3.665923699736595154e-02
-6.130181625485420227e-02
1.140266209840774536e-01
-3.587044030427932739e-02
1.031877547502517700e-01
-3.960235416889190674e-02
-5.994838848710060120e-02
4.891978204250335693e-02
-1.643429696559906006e-01
7.704139500856399536e-02
-5.229660123586654663e-02
2.372738420963287354e-01
-8.936817944049835205e-02
-4.050534591078758240e-02
-1.515920553356409073e-02
8.740445971488952637e-02
-7.520118355751037598e-02
4.586292803287506104e-02
1.055552512407302856e-01
6.343074142932891846e-02
1.060562655329704285e-01
9.752319008111953735e-02
1.411875486373901367e-01
-5.637476593255996704e-02
-7.963678240776062012e-02
-1.541649363934993744e-02
1.150892302393913269e-01
3.112948499619960785e-03
3.397285193204879761e-02
-1.609840430319309235e-02
8.874947577714920044e-02
-5.342937633395195007e-02
-1.552601158618927002e-02
5.336599424481391907e-02
-1.897422783076763153e-02
-6.858880817890167236e-02
5.212568491697311401e-02
-1.637718267738819122e-02
-5.126731470227241516e-02
-8.851659297943115234e-02
1.550938338041305542e-01
5.146845057606697083e-02
5.716882646083831787e-02
-2.336577279493212700e-03
-1.314628869295120239e-01
-3.365665674209594727e-02
1.833207756280899048e-01
-1.400949805974960327e-01
5.374606326222419739e-02
1.517262030392885208e-02
-5.749609693884849548e-02
-1.218499392271041870e-01
2.397625446319580078e-01
-1.807243674993515015e-01
1.417060755193233490e-02
-8.421722054481506348e-02
1.163825616240501404e-01
8.147036284208297729e-02
-6.797023117542266846e-02
1.058570817112922668e-01
1.395930200815200806e-01
-6.802521646022796631e-02
-1.391353905200958252e-01
4.811892285943031311e-02
-9.253772348165512085e-02
-1.046399548649787903e-01
-1.510476171970367432e-01
-4.663242027163505554e-02
3.461803542450070381e-03
-1.017317920923233032e-02
8.651745319366455078e-02
-6.499633938074111938e-02
2.013578452169895172e-02
-6.807234883308410645e-02
2.818495221436023712e-02
1.653306335210800171e-01
3.069490753114223480e-02
-1.031178515404462814e-02
-7.943320088088512421e-03
-1.347451061010360718e-01
-9.682593494653701782e-02
-1.581481397151947021e-01
5.900449678301811218e-02
-4.332691431045532227e-02
1.272951215505599976e-01
1.286512464284896851e-01
-1.044065579771995544e-01
-5.366940796375274658e-02
-1.564079523086547852e-01
-1.069727912545204163e-02
1.305620651692152023e-02
2.152303792536258698e-02
4.143558442592620850e-02
-4.578923806548118591e-02
9.035024791955947876e-02
1.162083297967910767e-01
-8.074438571929931641e-02
2.903480455279350281e-02
-5.728827789425849915e-02
-5.361880734562873840e-02
