-1.039941459894180298e-01
-8.004391938447952271e-02
-1.338102817535400391e-01
6.886746734380722046e-02
1.430055405944585800e-02
3.849244117736816406e-02
-1.080599352717399597e-01
2.892973460257053375e-02
-7.699106633663177490e-02
4.512231796979904175e-02
-1.136488746851682663e-02
-1.230567134916782379e-02
-1.349994540214538574e-01
-5.946938320994377136e-02
2.640444971621036530e-02
7.397297769784927368e-02
-8.563862740993499756e-02
-8.963901549577713013e-02
9.865614771842956543e-02
4.283120390027761459e-03
-3.494935110211372375e-02
1.649374216794967651e-01
-1.329460274428129196e-02
-6.038207188248634338e-02
-7.593490183353424072e-02
1.499280035495758057e-01
1.154899001121520996e-01
-1.681147515773773193e-01
-4.787592682987451553e-03
2.147718705236911774e-02
8.568808436393737793e-02
3.381276503205299377e-02
9.114731103181838989e-03
-1.640476733446121216e-01
-5.354538932442665100e-02
-6.375321000814437866e-02
2.699029864743351936e-03
1.152792349457740784e-01
-2.169025130569934845e-02
-6.164144724607467651e-04
-1.839232146739959717e-01
-2.507985197007656097e-02
-2.641023509204387665e-02
1.799038201570510864e-01
-6.486948579549789429e-02
-3.749930113554000854e-02
1.950889453291893005e-02
2.779190801084041595e-02
-3.071035072207450867e-02
-1.142780669033527374e-02
1.444272547960281372e-01
1.058844700455665588e-01
3.781295940279960632e-02
-5.878370627760887146e-02
3.127828612923622131e-02
2.643989212810993195e-02
5.426152423024177551e-02
5.553342774510383606e-02
1.062057986855506897e-01
1.187850832939147949e-01
-2.242648787796497345e-02
8.108685165643692017e-02
-1.146461591124534607e-01
8.995923213660717010e-03
-9.064342826604843140e-03
-1.308313570916652679e-02
-1.504786498844623566e-02
2.800033055245876312e-02
1.940413713455200195e-01
-1.297821942716836929e-02
1.348787248134613037e-01
-1.672312803566455841e-02
-1.970018446445465088e-01
8.588978648185729980e-02
1.415145546197891235e-01
-1.408845484256744385e-01
-1.132154390215873718e-01
-6.711488217115402222e-02
-5.242725089192390442e-02
-9.946948289871215820e-02
2.899671904742717743e-02
-7.780404388904571533e-02
-1.687667965888977051e-01
-9.864667803049087524e-02
-1.572558283805847168e-01
9.568274021148681641e-02
-7.761800289154052734e-02
-3.761713579297065735e-02
-1.649159239605069160e-03
3.646693751215934753e-02
1.229793578386306763e-02
9.469974786043167114e-02
-1.334071904420852661e-01
-7.677734643220901489e-02
-8.306807279586791992e-02
-1.928651332855224609e-01
9.742792695760726929e-02
-1.039883308112621307e-02
-4.742451012134552002e-02
5.064420029520988464e-02
1.286405324935913086e-01
7.612641900777816772e-02
-8.176556974649429321e-02
-1.836519502103328705e-02
8.106665313243865967e-02
5.690243840217590332e-02
-7.348422706127166748e-02
5.395537614822387695e-02
-1.188974976539611816e-01
3.726901113986968994e-02
8.337666094303131104e-02
1.024948954582214355e-01
1.860314458608627319e-01
2.329805307090282440e-02
-1.316301971673965454e-01
1.200098246335983276e-01
-6.335984915494918823e-02
-8.229862153530120850e-02
-3.056157752871513367e-02
3.288616985082626343e-02
2.701753936707973480e-02
6.995977461338043213e-02
-1.037475019693374634e-01
3.140600025653839111e-02
-1.088975742459297180e-01
-4.207048192620277405e-02
7.852552831172943115e-02
1.008545532822608948e-01
