-4.900433123111724854e-02
-1.064962670207023621e-01
-6.468974798917770386e-02
2.021144516766071320e-02
-9.695985913276672363e-02
-3.049811162054538727e-02
-6.178970634937286377e-02
-7.203815877437591553e-02
-2.450597286224365234e-01
-1.777484267950057983e-02
8.413609117269515991e-03
-3.095352835953235626e-02
-2.170320833101868629e-03
-1.175922155380249023e-01
1.388114094734191895e-01
1.455616652965545654e-01
-7.808823138475418091e-03
-5.439896136522293091e-02
3.956239297986030579e-02
-9.685872495174407959e-02
2.540833316743373871e-02
1.264002025127410889e-01
1.220858320593833923e-01
1.313079614192247391e-02
-9.202058613300323486e-02
1.364264190196990967e-01
4.072964563965797424e-02
-8.249060064554214478e-02
-2.229554206132888794e-02
-2.340124174952507019e-02
9.658458828926086426e-02
-4.125042259693145752e-02
7.870188355445861816e-02
-1.406217664480209351e-01
-5.577004700899124146e-02
-2.942381799221038818e-02
2.640233747661113739e-02
5.548666790127754211e-02
6.254996359348297119e-02
1.161195933818817139e-01
-1.555614769458770752e-01
-2.507517859339714050e-02
-7.381909340620040894e-02
2.317711412906646729e-01
2.066813036799430847e-02
-2.796895988285541534e-02
5.242145806550979614e-02
2.022926136851310730e-02
7.787471264600753784e-02
2.121033519506454468e-02
2.394791841506958008e-01
5.546075105667114258e-02
-7.883969694375991821e-02
-7.302736490964889526e-02
4.756695032119750977e-02
-1.388680282980203629e-02
-2.253527939319610596e-02
5.404611304402351379e-02
1.124614104628562927e-01
1.136203929781913757e-01
5.177393555641174316e-02
6.567993015050888062e-02
-5.191148445010185242e-02
4.396640881896018982e-02
-5.741356685757637024e-02
1.217098347842693329e-02
6.850463896989822388e-02
-5.905400589108467102e-02
1.828124672174453735e-01
-4.535016790032386780e-02
7.386261224746704102e-02
1.233251392841339111e-02
-1.576574593782424927e-01
5.042355135083198547e-02
1.210168674588203430e-01
-1.323609352111816406e-01
-7.216594368219375610e-02
-3.518708795309066772e-02
-1.161345392465591431e-01
-1.983339339494705200e-02
8.013564348220825195e-02
-1.348892748355865479e-01
-1.033008396625518799e-01
-3.427953645586967468e-02
-4.385916143655776978e-02
1.061805114150047302e-01
-1.133341193199157715e-01
1.997265964746475220e-02
9.653047472238540649e-02
-9.191679209470748901e-02
-2.628671005368232727e-02
1.029223129153251648e-01
-5.900615826249122620e-02
-3.470681980252265930e-02
-1.051358059048652649e-01
-5.022015795111656189e-02
1.811550408601760864e-01
6.351682823151350021e-03
-2.366684563457965851e-02
1.390090037602931261e-04
1.453713327646255493e-01
4.039368778467178345e-02
7.254064548760652542e-04
1.500376462936401367e-01
9.092746675014495850e-02
6.419852841645479202e-03
-4.020231310278177261e-03
2.708627842366695404e-02
-2.208492010831832886e-01
-2.624835632741451263e-02
4.260277375578880310e-02
1.038660183548927307e-01
1.752598583698272705e-01
1.451843790709972382e-02
-8.014140278100967407e-02
3.490486182272434235e-03
-9.451298415660858154e-02
1.125105097889900208e-02
1.229950115084648132e-01
5.537188798189163208e-02
3.270400315523147583e-02
-5.779398977756500244e-02
-8.490183949470520020e-02
1.139710023999214172e-01
-4.953929781913757324e-02
-3.161668777465820312e-02
-6.068818643689155579e-02
5.766647309064865112e-02
