-2.128339558839797974e-02
-6.632108986377716064e-02
-1.060793101787567139e-01
1.748750954866409302e-01
6.236776337027549744e-02
1.385843902826309204e-01
-8.858390897512435913e-02
-1.874603480100631714e-01
-1.058424338698387146e-01
2.962882257997989655e-02
-1.095697376877069473e-02
-1.307238489389419556e-01
-1.259796917438507080e-01
5.297002196311950684e-02
-6.542117893695831299e-02
-6.758949905633926392e-02
-1.014546453952789307e-01
9.166005998849868774e-03
1.247267499566078186e-01
-1.681911647319793701e-01
-6.954045593738555908e-02
1.242077052593231201e-01
7.864948362112045288e-02
-1.032027602195739746e-01
-1.199681162834167480e-01
-3.479098901152610779e-03
-4.645763337612152100e-02
4.390411544591188431e-03
-4.691220819950103760e-02
1.043580248951911926e-01
1.086586117744445801e-01
1.499853655695915222e-02
2.569726668298244476e-02
3.576730564236640930e-02
-1.302188038825988770e-01
5.497511103749275208e-02
-1.217479556798934937e-01
-7.420694455504417419e-03
-1.706224828958511353e-01
1.465193331241607666e-01
8.759920485317707062e-03
-1.107117161154747009e-01
7.235144078731536865e-02
5.234947800636291504e-02
7.929157465696334839e-02
-5.961772426962852478e-02
-5.644886940717697144e-02
-1.383740007877349854e-01
2.901157364249229431e-02
4.217651858925819397e-02
9.949198365211486816e-02
-3.369583189487457275e-02
-2.214127592742443085e-02
4.108404740691184998e-02
1.216459795832633972e-01
1.336303800344467163e-01
4.359515011310577393e-02
1.288804411888122559e-01
1.595320063643157482e-03
1.490315608680248260e-02
-1.065607182681560516e-02
1.501265466213226318e-01
8.599694073200225830e-02
-7.802642881870269775e-02
3.825369477272033691e-02
1.088097244501113892e-01
1.730604097247123718e-02
2.397115156054496765e-02
6.566081196069717407e-02
1.552775651216506958e-01
1.594666838645935059e-01
2.171553671360015869e-02
-9.231006354093551636e-02
4.255743697285652161e-02
9.975813329219818115e-03
2.466911450028419495e-02
3.396597504615783691e-02
-7.260920852422714233e-02
9.200432151556015015e-02
-4.361758381128311157e-02
1.110196858644485474e-01
-2.326670736074447632e-01
6.261471658945083618e-02
-8.757702261209487915e-02
1.994276233017444611e-02
-2.652595750987529755e-02
-8.290597051382064819e-02
-1.258307695388793945e-02
1.547176986932754517e-01
5.895293503999710083e-02
-1.229237616062164307e-01
7.976740598678588867e-02
-3.722197609022259712e-03
-1.977989673614501953e-01
1.480930019170045853e-02
-1.535760462284088135e-01
4.162472486495971680e-02
1.043644547462463379e-01
9.421367198228836060e-03
1.601001247763633728e-02
-6.644564121961593628e-02
-1.572891883552074432e-02
-7.576961815357208252e-02
1.470360159873962402e-01
5.505288019776344299e-02
5.202201381325721741e-02
-3.733780235052108765e-02
-4.608725011348724365e-02
-1.055644378066062927e-01
-4.335610941052436829e-02
-8.458703011274337769e-02
-3.212800482288002968e-03
-8.582998067140579224e-03
-1.116404309868812561e-02
-1.327233463525772095e-01
2.737889252603054047e-02
-4.648520424962043762e-02
-4.103665798902511597e-02
-8.688828349113464355e-02
-3.902665153145790100e-02
-1.091277413070201874e-02
6.020794063806533813e-02
1.359999366104602814e-02
4.915273934602737427e-02
-1.614656597375869751e-01
-3.444443270564079285e-02
-1.424808949232101440e-01
-1.744829700328409672e-03
