-6.185912340879440308e-02
-4.230301454663276672e-02
3.631446510553359985e-02
1.728572696447372437e-01
-4.048000648617744446e-02
5.167389661073684692e-02
6.980556994676589966e-02
-6.876429915428161621e-02
-2.563507556915283203e-01
-3.357466310262680054e-02
-9.851862490177154541e-02
-5.954208970069885254e-02
-1.127661690115928650e-01
-6.070811301469802856e-02
1.464772503823041916e-02
-3.100675716996192932e-02
9.044200927019119263e-02
4.349985346198081970e-02
7.416237890720367432e-02
-1.325499415397644043e-01
-2.126751234754920006e-03
5.334820598363876343e-02
3.130177035927772522e-02
9.920992888510227203e-03
-1.182826086878776550e-01
-2.134619280695915222e-02
-9.560303390026092529e-02
7.598473876714706421e-02
1.400123238563537598e-01
1.136262938380241394e-01
1.292762160301208496e-01
2.384857647120952606e-02
1.327612847089767456e-01
7.279333472251892090e-02
-4.132675752043724060e-02
1.151045560836791992e-01
-1.189447492361068726e-01
-5.418968066805973649e-05
-7.399995625019073486e-02
2.370430380105972290e-01
-2.406465820968151093e-02
-3.361343219876289368e-02
-1.993432454764842987e-02
-2.288107760250568390e-02
1.751270517706871033e-02
1.083255000412464142e-02
6.123945862054824829e-02
-4.576463252305984497e-02
5.600791424512863159e-02
1.074494421482086182e-01
6.452815979719161987e-02
-6.326638907194137573e-02
-1.211444064974784851e-01
3.288725391030311584e-02
1.821128129959106445e-01
-3.391310572624206543e-02
6.405420601367950439e-02
3.252784907817840576e-02
1.681482046842575073e-02
-2.194341830909252167e-02
-3.591347485780715942e-02
1.018826290965080261e-01
4.800093546509742737e-02
2.130629867315292358e-02
9.737648814916610718e-02
9.904236346483230591e-02
-5.212422832846641541e-02
-2.694646827876567841e-03
6.053981557488441467e-02
9.207609295845031738e-02
1.009557321667671204e-01
8.655150234699249268e-02
-1.000885665416717529e-01
6.564402952790260315e-03
8.060633391141891479e-02
-7.965511642396450043e-03
-7.817796431481838226e-03
5.717034265398979187e-02
7.868389599025249481e-03
-1.380385756492614746e-01
2.001311480998992920e-01
-1.840433776378631592e-01
-1.257852911949157715e-01
-1.014643162488937378e-01
1.218918934464454651e-01
1.163756698369979858e-01
1.510830130428075790e-02
-1.511397864669561386e-02
8.159823715686798096e-02
4.576377198100090027e-02
-1.844461262226104736e-01
9.438443928956985474e-02
-3.510451875627040863e-03
-1.348643749952316284e-01
-7.153414189815521240e-02
-8.439101278781890869e-02
-9.121610224246978760e-02
4.820653423666954041e-02
1.325642466545104980e-01
-7.340206205844879150e-02
-6.407640408724546432e-03
-2.356596291065216064e-02
2.553276531398296356e-02
1.556103974580764771e-01
9.104405343532562256e-02
-2.598439343273639679e-02
6.042658165097236633e-02
-1.700617671012878418e-01
-1.725623905658721924e-01
-5.563841760158538818e-02
-5.447240546345710754e-02
-4.970558360219001770e-02
7.408913224935531616e-02
7.291000336408615112e-02
-1.167750358581542969e-01
-4.379408434033393860e-02
-5.724567174911499023e-02
-3.262858092784881592e-02
-7.699298858642578125e-02
-4.573267698287963867e-02
9.655807912349700928e-02
4.951013997197151184e-02
2.394293248653411865e-02
-2.765648998320102692e-02
-1.450654566287994385e-01
6.702230125665664673e-02
-2.836919203400611877e-02
-2.212581411004066467e-02
