-1.529189646244049072e-01
-2.378279343247413635e-02
-1.348344981670379639e-01
4.245501756668090820e-02
5.389686673879623413e-02
1.089389715343713760e-02
3.971604257822036743e-02
-5.662859976291656494e-02
-6.019639223814010620e-02
9.683197736740112305e-02
1.491342019289731979e-02
-7.127345353364944458e-02
-1.276626288890838623e-01
-2.797307679429650307e-03
1.260997168719768524e-02
-3.970142453908920288e-02
1.842412352561950684e-02
7.139756344258785248e-03
8.893460035324096680e-02
-7.118753343820571899e-02
-1.309168487787246704e-01
1.569814383983612061e-01
2.341324277222156525e-02
-9.591592103242874146e-02
-3.749415278434753418e-02
7.863347977399826050e-02
1.165505871176719666e-02
-2.711248211562633514e-02
5.809203907847404480e-02
9.173876792192459106e-02
1.871330738067626953e-01
9.577820450067520142e-02
8.950796723365783691e-02
4.039401933550834656e-02
-6.209391355514526367e-02
-9.667470306158065796e-02
-1.447323802858591080e-02
3.551184758543968201e-02
-9.694877266883850098e-02
6.734483689069747925e-02
-1.658380478620529175e-01
-1.757304519414901733e-01
8.228798955678939819e-02
1.495216786861419678e-01
-3.535947203636169434e-02
4.739953577518463135e-02
-2.003357745707035065e-02
-4.281496629118919373e-02
2.580915344879031181e-03
-4.641449451446533203e-02
1.033012196421623230e-01
7.786201685667037964e-02
3.492446616291999817e-02
-1.427232474088668823e-01
1.624995768070220947e-01
3.442382067441940308e-02
1.451976448297500610e-01
1.469108760356903076e-01
1.144289225339889526e-01
5.011618882417678833e-02
1.572499424219131470e-02
1.716752201318740845e-01
-2.618274651467800140e-02
4.705230891704559326e-02
-9.190283715724945068e-03
7.124461978673934937e-02
3.511521965265274048e-02
-1.614812016487121582e-02
7.914203405380249023e-02
7.042034715414047241e-02
1.099532991647720337e-01
-1.041481941938400269e-01
-8.933068811893463135e-02
1.062424406409263611e-01
1.286952644586563110e-01
-1.222357377409934998e-01
-4.870013147592544556e-02
-1.244050487875938416e-01
2.836655185092240572e-04
-1.316535323858261108e-01
7.836381345987319946e-02
-8.813170343637466431e-02
-9.101516753435134888e-02
-1.524910181760787964e-01
2.977296337485313416e-02
2.628627792000770569e-02
-7.779288291931152344e-02
-6.526375561952590942e-02
8.836130797863006592e-02
1.247518286108970642e-01
-1.891067251563072205e-02
1.740399897098541260e-01
-3.714804351329803467e-02
-8.264752477407455444e-02
-2.603207528591156006e-02
2.760935015976428986e-02
-3.858922049403190613e-02
1.028636991977691650e-01
1.514954026788473129e-02
8.421821892261505127e-02
1.196068376302719116e-01
-3.286928310990333557e-02
-1.176664605736732483e-01
2.119860053062438965e-01
4.780574887990951538e-02
2.190915308892726898e-02
-9.909118711948394775e-02
-6.184795871376991272e-02
-8.440128713846206665e-02
-2.932539954781532288e-02
6.208358705043792725e-02
3.437718003988265991e-02
5.027816072106361389e-02
-5.918588116765022278e-02
-7.290343195199966431e-02
2.119204774498939514e-02
9.587476029992103577e-03
-1.765184849500656128e-01
-1.729476302862167358e-01
3.507126495242118835e-02
-2.796764858067035675e-02
1.210299730300903320e-01
-9.177563712000846863e-03
-9.936021640896797180e-03
-1.002618148922920227e-01
-4.486523196101188660e-02
-1.095194891095161438e-01
8.659325540065765381e-02
