-4.460339993238449097e-02
-8.136628568172454834e-02
-1.068431660532951355e-01
4.837311059236526489e-02
-9.305671602487564087e-02
-7.711219042539596558e-02
-4.345861077308654785e-02
-1.251692175865173340e-01
-4.712882265448570251e-02
-3.571533411741256714e-02
-5.225684866309165955e-02
-3.077090345323085785e-02
1.143821701407432556e-02
-1.690592169761657715e-01
9.439607709646224976e-02
8.681008964776992798e-02
9.202150627970695496e-03
-1.368848048150539398e-02
1.020663306117057800e-01
-9.718272089958190918e-02
1.827112957835197449e-02
1.911411881446838379e-01
4.042272642254829407e-02
-4.119328036904335022e-02
-3.981230407953262329e-02
1.998870670795440674e-01
5.692884325981140137e-02
-1.145873144268989563e-01
2.173392660915851593e-02
-9.946023114025592804e-03
6.561171263456344604e-02
-2.543040178716182709e-02
1.493061184883117676e-01
-1.570567935705184937e-01
-8.829509466886520386e-02
-5.627195164561271667e-02
-5.457353591918945312e-02
6.150491535663604736e-02
4.810128826647996902e-03
1.027069762349128723e-01
-1.969879716634750366e-01
-5.198127403855323792e-02
-7.591579109430313110e-02
1.439616680145263672e-01
1.222648750990629196e-02
3.714063763618469238e-02
9.214093536138534546e-02
3.300431743264198303e-02
3.713933005928993225e-02
-5.180301517248153687e-02
1.713446527719497681e-01
-4.044540598988533020e-02
-4.231519624590873718e-02
5.799900367856025696e-02
2.408812381327152252e-02
-6.574455648660659790e-03
6.013248488306999207e-02
-2.768538333475589752e-02
2.052668631076812744e-01
3.685330599546432495e-02
1.884732767939567566e-02
7.942851632833480835e-02
-8.296936750411987305e-02
-1.605617441236972809e-02
5.800239369273185730e-02
-1.740359887480735779e-02
1.097499765455722809e-02
-1.106380969285964966e-01
1.812208294868469238e-01
1.350752264261245728e-02
1.413233671337366104e-02
3.633613139390945435e-02
-1.583878099918365479e-01
5.990213528275489807e-02
2.527728676795959473e-01
-1.872303038835525513e-01
-7.985449396073818207e-03
-5.959552526473999023e-02
-1.105995252728462219e-01
-9.632935374975204468e-02
1.215646639466285706e-01
-1.076515913009643555e-01
-8.335727453231811523e-02
-7.751607149839401245e-02
-4.586510360240936279e-02
4.323844611644744873e-02
-1.149621978402137756e-01
9.792760759592056274e-02
1.993878334760665894e-01
-2.588405832648277283e-02
-1.746528409421443939e-02
1.708450615406036377e-01
-1.244098320603370667e-01
-3.696739673614501953e-02
-1.644032299518585205e-01
-3.926758468151092529e-02
4.013494402170181274e-02
-4.669839888811111450e-02
-3.970717545598745346e-03
1.314022857695817947e-02
9.347527474164962769e-02
-7.913028821349143982e-03
6.475050747394561768e-02
6.042424961924552917e-02
2.016379125416278839e-02
-6.270721554756164551e-02
-7.602626830339431763e-02
-3.159553557634353638e-02
-1.001889854669570923e-01
3.522405400872230530e-02
2.129033394157886505e-02
1.322388276457786560e-02
1.586187779903411865e-01
9.008434414863586426e-02
-5.956387519836425781e-02
-6.424821913242340088e-02
-4.334776476025581360e-02
8.019679784774780273e-02
5.231910198926925659e-02
1.614925265312194824e-02
2.833722345530986786e-02
-9.589548408985137939e-02
-6.337615847587585449e-02
6.565247476100921631e-02
-9.573142230510711670e-02
-5.451336503028869629e-02
-3.546834737062454224e-02
1.057651638984680176e-02
