-1.254880726337432861e-01
-1.226150691509246826e-01
-1.682515293359756470e-01
4.175407439470291138e-02
1.027650311589241028e-01
4.596703872084617615e-02
-1.234742924571037292e-01
-6.772929430007934570e-02
3.548265621066093445e-02
1.000092625617980957e-01
-1.072063073515892029e-01
-9.244833886623382568e-02
-1.436631679534912109e-01
-1.234264969825744629e-01
6.328748911619186401e-02
5.332293361425399780e-02
-6.573886424303054810e-02
-6.271626800298690796e-02
1.072224378585815430e-01
-2.308642491698265076e-02
-1.116618216037750244e-01
1.477926224470138550e-01
-1.013232469558715820e-01
-6.330626457929611206e-02
1.457761134952306747e-02
1.423080861568450928e-01
1.271126717329025269e-01
-1.750809252262115479e-01
-5.015752837061882019e-02
-5.807879567146301270e-02
1.619413495063781738e-01
-4.523313604295253754e-03
1.520107034593820572e-02
-8.936356008052825928e-02
-6.466490030288696289e-02
-3.345048800110816956e-02
-3.232625499367713928e-02
1.609597206115722656e-01
-5.079954117536544800e-02
2.470725215971469879e-02
-1.657618582248687744e-01
-7.034167647361755371e-02
-3.021404333412647247e-02
1.594785004854202271e-01
-9.509799629449844360e-02
3.536742180585861206e-02
-6.015716493129730225e-02
2.953029470518231392e-03
-3.811109578236937523e-03
-4.717545583844184875e-02
1.149668619036674500e-01
-3.984194248914718628e-02
-3.459762036800384521e-02
4.287540167570114136e-02
-2.096560783684253693e-04
2.450190484523773193e-02
6.852269917726516724e-02
8.850771188735961914e-02
1.365615427494049072e-01
-2.291684213560074568e-04
-5.478760600090026855e-02
1.173850297927856445e-01
-1.115646213293075562e-01
-4.669997433666139841e-04
3.810583055019378662e-02
1.465177349746227264e-02
7.005088776350021362e-02
-3.361542895436286926e-02
1.391990333795547485e-01
3.343001380562782288e-02
3.600868210196495056e-02
5.202239379286766052e-02
-1.251661479473114014e-01
1.164147183299064636e-01
1.914334893226623535e-01
-1.521127372980117798e-01
-1.668793382123112679e-03
-2.154210396111011505e-02
-8.571919798851013184e-02
-3.087517619132995605e-02
1.356625407934188843e-01
-3.997156769037246704e-02
-1.150957792997360229e-01
-1.202806644141674042e-02
-1.158999651670455933e-02
4.229700937867164612e-02
-1.409851461648941040e-01
-1.161171793937683105e-01
1.845698207616806030e-01
2.700882591307163239e-02
6.929330527782440186e-02
2.228671871125698090e-02
-1.067267656326293945e-01
-5.541430786252021790e-02
-4.560708254575729370e-02
-1.108344793319702148e-01
5.058209225535392761e-02
6.467784196138381958e-02
3.565238043665885925e-02
7.576254755258560181e-02
1.380816996097564697e-01
6.699930876493453979e-02
-7.786911725997924805e-02
5.325115099549293518e-02
1.044820845127105713e-01
6.507562845945358276e-02
-1.203998252749443054e-01
4.507289081811904907e-02
-1.637634336948394775e-01
8.935740590095520020e-02
6.663727015256881714e-02
5.886058509349822998e-02
8.104570955038070679e-02
-1.750965043902397156e-02
-9.925185889005661011e-02
5.981951951980590820e-03
-1.171633601188659668e-01
-1.016127914190292358e-01
-7.181810587644577026e-02
5.521155148744583130e-02
-1.636234484612941742e-02
-5.655300337821245193e-04
-2.438008226454257965e-02
8.525390177965164185e-02
-1.437563002109527588e-01
-1.930828019976615906e-02
-1.348862424492835999e-02
-1.951567456126213074e-02
