3.263169154524803162e-02
-9.330753237009048462e-02
5.619947332888841629e-04
2.249564528465270996e-01
-3.391844220459461212e-03
8.245714008808135986e-02
1.442709326511248946e-04
-1.359647661447525024e-01
-7.538589835166931152e-02
3.659594804048538208e-02
-2.374379038810729980e-01
-8.656661957502365112e-02
-8.583535999059677124e-02
-2.210826799273490906e-02
4.363436251878738403e-02
1.165191922336816788e-02
2.069593220949172974e-02
1.296055167913436890e-01
1.365546882152557373e-01
-1.232757419347763062e-01
6.767141819000244141e-02
6.243217736482620239e-02
1.434457954019308090e-02
-1.119063817895948887e-03
-1.375626176595687866e-01
1.870891824364662170e-02
-8.348216861486434937e-02
-6.790130399167537689e-03
7.320222258567810059e-02
9.638788551092147827e-02
1.440319269895553589e-01
3.112946450710296631e-02
5.685056373476982117e-02
-1.668661460280418396e-02
-1.328736394643783569e-01
9.341959655284881592e-02
-1.879136115312576294e-01
4.841426014900207520e-02
-9.254762530326843262e-02
1.932735443115234375e-01
-5.415614321827888489e-02
-5.571250617504119873e-02
-2.895297668874263763e-02
-2.895858138799667358e-02
1.378565430641174316e-01
-3.017903864383697510e-02
1.327058300375938416e-02
-3.902738541364669800e-02
-3.904641792178153992e-02
1.394063234329223633e-01
1.893377006053924561e-01
3.323445841670036316e-02
-7.210350781679153442e-02
3.556976839900016785e-02
7.403201609849929810e-02
4.239492118358612061e-02
3.746914863586425781e-02
5.765934288501739502e-02
4.627783969044685364e-02
8.594010025262832642e-03
-4.352471604943275452e-02
1.062735244631767273e-01
6.950230151414871216e-02
-7.351777516305446625e-03
2.998413704335689545e-02
7.632225006818771362e-02
-2.716591581702232361e-02
-2.502899989485740662e-02
8.967585116624832153e-02
6.893295794725418091e-02
1.469950973987579346e-01
8.309724926948547363e-02
-1.286404728889465332e-01
8.701737038791179657e-03
1.957331225275993347e-02
-2.122714184224605560e-02
1.839639246463775635e-02
-7.983915507793426514e-03
-2.490539103746414185e-02
-9.316463768482208252e-02
1.854102611541748047e-01
-1.866187006235122681e-01
-2.616738714277744293e-02
-2.510656602680683136e-02
7.070791721343994141e-02
3.156077489256858826e-02
-1.355966031551361084e-01
-7.833062857389450073e-02
1.334601789712905884e-01
-8.832038380205631256e-03
-1.208247840404510498e-01
8.497692644596099854e-02
-4.814027994871139526e-02
-7.302357256412506104e-02
-9.541551768779754639e-02
-9.605208039283752441e-02
-4.711411520838737488e-02
-8.956836245488375425e-05
8.078770339488983154e-02
-2.082278765738010406e-02
4.019965603947639465e-02
5.371300503611564636e-02
-4.446262121200561523e-02
1.891827732324600220e-01
9.616883844137191772e-02
-4.897303506731987000e-02
2.793187042698264122e-03
-1.636236160993576050e-01
-1.241574585437774658e-01
-1.040707901120185852e-01
-1.450363993644714355e-01
6.612931191921234131e-02
3.934853151440620422e-02
4.146007075905799866e-02
-5.669303983449935913e-02
-8.385971933603286743e-02
-6.934838742017745972e-02
1.567460969090461731e-02
-8.674798160791397095e-02
-9.485701471567153931e-02
5.034228786826133728e-02
1.319471895694732666e-01
-6.014053151011466980e-02
6.889750063419342041e-02
-1.210021972656250000e-01
1.661955565214157104e-02
-8.905643969774246216e-02
2.457049861550331116e-02
