6.499923020601272583e-02
-7.090467214584350586e-02
-9.139592945575714111e-02
1.222014203667640686e-01
1.169148832559585571e-01
5.804323032498359680e-02
-2.516338601708412170e-02
-1.655956506729125977e-01
-1.077834442257881165e-01
9.618415683507919312e-02
-1.172800064086914062e-01
-1.547223627567291260e-01
-1.378170698881149292e-01
1.351124886423349380e-02
-8.012174628674983978e-03
1.906125992536544800e-02
-2.048388123512268066e-03
1.040185466408729553e-01
1.875230371952056885e-01
-1.566249579191207886e-01
-8.059740066528320312e-02
1.468764990568161011e-01
-5.320580303668975830e-02
-6.750103831291198730e-02
-8.733212202787399292e-02
4.000189527869224548e-02
-3.785039857029914856e-02
1.425804197788238525e-02
5.093562975525856018e-02
9.102661907672882080e-02
1.560312360525131226e-01
3.432198241353034973e-02
6.936838850378990173e-03
-3.527220711112022400e-02
2.144938567653298378e-03
-1.599338650703430176e-02
-1.449515819549560547e-01
1.158229541033506393e-02
-8.166480809450149536e-02
1.409336924552917480e-01
-2.140129171311855316e-02
-6.382654607295989990e-02
5.755370110273361206e-02
3.342597186565399170e-02
1.158146858215332031e-01
1.835264638066291809e-02
5.010155960917472839e-02
-1.558571755886077881e-01
2.478424645960330963e-02
8.068145066499710083e-02
1.655934154987335205e-01
-1.217125216498970985e-03
-6.450700759887695312e-02
-6.645473837852478027e-02
6.485617905855178833e-02
1.445405781269073486e-01
4.734396189451217651e-02
9.554960578680038452e-02
9.363354742527008057e-02
-2.771414583548903465e-03
-1.316076889634132385e-02
1.193893253803253174e-01
3.653860092163085938e-02
-7.310494780540466309e-02
7.128778845071792603e-02
7.665668427944183350e-02
5.852533504366874695e-03
-1.534641534090042114e-02
7.827045768499374390e-02
1.091655194759368896e-01
1.383854746818542480e-01
1.405912823975086212e-02
-1.838934570550918579e-01
7.156347483396530151e-02
7.387547194957733154e-02
2.111858874559402466e-02
3.731472045183181763e-02
-5.762760341167449951e-02
2.733245678246021271e-02
7.233039941638708115e-04
1.719394177198410034e-01
-2.339134663343429565e-01
-1.685385406017303467e-02
-1.002605482935905457e-01
1.587090641260147095e-02
6.734938174486160278e-02
1.100310706533491611e-03
7.958777248859405518e-02
1.739089936017990112e-01
1.388940773904323578e-02
-1.362915486097335815e-01
1.368011385202407837e-01
1.387105323374271393e-03
-1.572387963533401489e-01
-4.001723974943161011e-02
-4.893206432461738586e-02
-4.707055538892745972e-02
8.891636878252029419e-02
7.455486059188842773e-02
1.499210111796855927e-02
-3.753395751118659973e-02
-1.827935315668582916e-02
4.585326183587312698e-03
1.834689527750015259e-01
6.492045521736145020e-02
3.408839553594589233e-02
-3.755179420113563538e-02
-5.134838446974754333e-02
-1.085878312587738037e-01
-1.909072883427143097e-02
-7.390047609806060791e-02
-4.625981301069259644e-02
2.393984794616699219e-02
-9.860895574092864990e-03
-1.074091643095016479e-01
2.587585151195526123e-02
-2.689406462013721466e-02
-5.173556506633758545e-02
-1.060300767421722412e-01
-9.816213697195053101e-02
-6.361538916826248169e-02
9.385603666305541992e-02
1.907823048532009125e-02
8.281438797712326050e-02
-1.635911762714385986e-01
-1.856548525393009186e-02
-9.934299439191818237e-02
8.315055072307586670e-02
