-1.630804240703582764e-01
-7.709842175245285034e-02
-1.294367611408233643e-01
3.904933482408523560e-02
6.552924960851669312e-02
4.363807290792465210e-02
-6.037281453609466553e-02
-1.891426742076873779e-03
2.836989471688866615e-03
1.454904973506927490e-01
1.641690917313098907e-02
-2.384471334517002106e-02
-1.754817068576812744e-01
-1.156545877456665039e-01
1.736073940992355347e-02
6.190312653779983521e-02
-8.599920570850372314e-02
-3.862934932112693787e-02
1.058275178074836731e-01
1.836279965937137604e-02
-7.408816367387771606e-03
1.215522363781929016e-01
-4.177505895495414734e-02
2.905880287289619446e-02
-6.894006580114364624e-02
1.553400903940200806e-01
7.766643166542053223e-02
-1.674382537603378296e-01
-9.985546022653579712e-02
-9.618222713470458984e-03
1.828382313251495361e-01
8.394863456487655640e-02
4.840438067913055420e-02
-1.383597105741500854e-01
-4.392777010798454285e-02
-5.646216869354248047e-02
-4.628287255764007568e-02
1.254898160696029663e-01
-6.528778374195098877e-02
-8.033192716538906097e-03
-1.329339146614074707e-01
-6.682954728603363037e-02
-2.402694337069988251e-02
1.453706473112106323e-01
-4.772504046559333801e-02
-1.114498917013406754e-02
-1.196202239952981472e-03
3.341880440711975098e-02
-5.564303323626518250e-02
-5.193904414772987366e-02
1.354481875896453857e-01
6.974696367979049683e-02
2.172626554965972900e-02
8.463417179882526398e-03
8.904077857732772827e-02
2.941745892167091370e-02
1.236168220639228821e-01
9.792176634073257446e-02
9.582236409187316895e-02
1.213049590587615967e-01
-4.634944722056388855e-02
1.039392277598381042e-01
-1.135892048478126526e-01
5.034532397985458374e-02
-6.646449863910675049e-02
2.718239277601242065e-02
5.499945953488349915e-02
5.453745275735855103e-02
1.680026948451995850e-01
3.951035439968109131e-02
1.483082473278045654e-01
1.877311430871486664e-02
-1.224850565195083618e-01
1.270138770341873169e-01
8.281800150871276855e-02
-1.726808845996856689e-01
-1.357901841402053833e-01
-6.583600491285324097e-02
-6.272413581609725952e-02
-9.452405571937561035e-02
3.330773487687110901e-02
-4.897695779800415039e-02
-1.431097388267517090e-01
-9.926620870828628540e-02
-8.534648269414901733e-02
6.264188140630722046e-02
-8.304595202207565308e-02
-8.626685291528701782e-02
1.570428349077701569e-02
7.814222574234008789e-02
2.227868698537349701e-02
1.332890242338180542e-01
-1.389625817537307739e-01
-1.245657950639724731e-01
-7.613091170787811279e-02
-1.747450828552246094e-01
4.900388792157173157e-02
1.541325077414512634e-02
-2.420125342905521393e-02
7.415032386779785156e-02
1.508344858884811401e-01
4.628450796008110046e-02
-7.643923163414001465e-02
-4.433587659150362015e-03
7.824685424566268921e-02
7.626478374004364014e-02
-8.206016570329666138e-02
4.087357223033905029e-02
-1.237302199006080627e-01
9.351732209324836731e-03
9.382043033838272095e-02
8.601126074790954590e-02
1.571528911590576172e-01
1.776263304054737091e-02
-4.431649297475814819e-02
7.279215008020401001e-02
-1.172749102115631104e-01
-4.478360712528228760e-02
-4.127316549420356750e-02
-7.547158747911453247e-03
4.134255275130271912e-02
1.096348315477371216e-01
-1.003296673297882080e-01
1.140182465314865112e-02
-1.226105093955993652e-01
3.801406361162662506e-03
1.015453226864337921e-02
6.163821741938591003e-02
