-3.813154250383377075e-02
7.300190627574920654e-03
-3.855086117982864380e-02
1.557140946388244629e-01
8.614766597747802734e-02
1.450124941766262054e-02
-1.189322173595428467e-01
-1.421205699443817139e-01
-1.163386255502700806e-01
-1.080512162297964096e-02
2.685405313968658447e-02
-1.478020250797271729e-01
-1.346253454685211182e-01
4.834773391485214233e-02
-8.169882744550704956e-02
-2.487553283572196960e-02
-9.131567180156707764e-02
5.037768185138702393e-02
9.116037935018539429e-02
-1.162399798631668091e-01
-1.307840794324874878e-01
2.052495926618576050e-01
-1.631541401147842407e-01
-8.575338125228881836e-02
-8.907228708267211914e-02
5.519769340753555298e-02
-3.455912321805953979e-02
-1.091011241078376770e-02
2.989062666893005371e-02
8.358847349882125854e-02
7.177647948265075684e-02
5.729697272181510925e-02
2.310966700315475464e-02
-5.820460617542266846e-02
-1.715606264770030975e-02
-3.945741429924964905e-02
-1.780990958213806152e-01
2.858215942978858948e-03
-1.231938004493713379e-01
1.585373282432556152e-01
-5.578959733247756958e-02
-1.052547693252563477e-01
5.194747820496559143e-02
7.890757918357849121e-02
6.865873187780380249e-02
-3.734409064054489136e-02
-1.239105314016342163e-02
-1.177124977111816406e-01
9.667440317571163177e-04
9.636237472295761108e-02
1.511893123388290405e-01
6.098627578467130661e-03
-6.195449084043502808e-02
-1.233614757657051086e-01
6.281588971614837646e-02
8.454466611146926880e-02
-3.498719632625579834e-02
1.608636826276779175e-01
2.482013590633869171e-02
-3.303203731775283813e-02
-3.746403381228446960e-02
5.670043826103210449e-02
1.726591400802135468e-02
-6.463060528039932251e-02
5.545719526708126068e-03
9.143871068954467773e-02
-5.380628257989883423e-02
1.812609471380710602e-02
3.977632615715265274e-03
9.718853980302810669e-02
4.376022145152091980e-02
4.318441078066825867e-02
-1.619622111320495605e-01
1.401857137680053711e-01
6.604300439357757568e-02
3.151276707649230957e-02
1.017769146710634232e-02
-5.278356838971376419e-03
2.354232594370841980e-02
-2.828058414161205292e-02
2.017026692628860474e-01
-1.980302631855010986e-01
4.741147533059120178e-02
-1.684214323759078979e-01
7.322838902473449707e-02
2.743506990373134613e-02
6.102237105369567871e-02
8.417490124702453613e-02
2.364649325609207153e-01
-6.246759742498397827e-02
-9.460621327161788940e-02
1.542760133743286133e-01
-4.079985991120338440e-02
-6.333693116903305054e-02
1.747785881161689758e-02
-1.261454075574874878e-01
5.508074536919593811e-02
5.805506557226181030e-02
8.077675104141235352e-02
-3.261492401361465454e-02
-4.287747666239738464e-02
-1.360003203153610229e-01
-1.028928682208061218e-01
1.249320283532142639e-01
7.782518863677978516e-02
5.649081617593765259e-02
-8.668369799852371216e-02
-5.265684332698583603e-03
-8.595064282417297363e-02
4.650299996137619019e-02
-6.578154116868972778e-02
7.123769074678421021e-02
-2.852483466267585754e-02
-7.198055833578109741e-02
-8.658296614885330200e-02
1.426959992386400700e-03
3.074746346101164818e-03
-3.207727149128913879e-02
-2.263911068439483643e-02
-8.169355988502502441e-02
-7.139854878187179565e-02
4.463555663824081421e-02
4.992805793881416321e-02
3.803547099232673645e-02
-1.794213950634002686e-01
-2.239693142473697662e-02
-9.651584178209304810e-02
2.271547541022300720e-02
