-8.685401827096939087e-02
-1.735136061906814575e-01
-7.968729734420776367e-02
1.367158293724060059e-01
-4.397155717015266418e-03
1.258925646543502808e-01
-4.185758158564567566e-02
-1.515868753194808960e-01
-6.854545325040817261e-02
5.431544035673141479e-02
1.306199580430984497e-01
-1.400426775217056274e-01
-1.349099278450012207e-01
1.981296762824058533e-02
7.612826675176620483e-02
3.403769806027412415e-02
-1.115737929940223694e-01
-3.479434922337532043e-02
3.418294340372085571e-02
-1.203596219420433044e-01
-8.994209766387939453e-02
1.392789185047149658e-01
2.079686149954795837e-02
-1.068546548485755920e-01
-1.512841284275054932e-01
5.656804889440536499e-02
5.842213332653045654e-02
-1.067895963788032532e-01
4.804700985550880432e-02
-1.839980017393827438e-03
9.914494305849075317e-02
-6.866592913866043091e-02
4.379219934344291687e-02
-2.816024608910083771e-02
-1.503076218068599701e-02
3.107963316142559052e-02
-1.194302290678024292e-01
1.747608534060418606e-03
-1.505758911371231079e-01
1.417274624109268188e-01
-1.047885939478874207e-01
-6.637452542781829834e-02
-7.915702462196350098e-02
2.057241499423980713e-01
3.872005268931388855e-02
-7.471220195293426514e-02
-2.567315846681594849e-02
-6.070692092180252075e-02
5.720367282629013062e-02
-1.406414993107318878e-02
1.295310705900192261e-01
-4.102681204676628113e-02
-2.456372603774070740e-02
4.908188059926033020e-02
3.176845237612724304e-02
1.030490249395370483e-01
1.026981398463249207e-01
1.299724131822586060e-01
-2.573866164311766624e-03
-2.998349629342556000e-02
-1.095296517014503479e-01
1.314977854490280151e-01
-4.818613082170486450e-02
2.667654864490032196e-02
2.344108559191226959e-02
1.888146847486495972e-01
-1.505694235675036907e-03
2.442573755979537964e-02
5.365039780735969543e-02
3.518033772706985474e-04
9.344395995140075684e-02
7.496646046638488770e-02
-1.448523551225662231e-01
1.039149891585111618e-02
1.506759226322174072e-01
-7.167986780405044556e-02
1.460420247167348862e-02
-3.967233002185821533e-02
2.217447198927402496e-02
-1.491308119148015976e-02
1.454825252294540405e-01
-1.361677199602127075e-01
-3.936831653118133545e-02
-2.847016230225563049e-02
8.667431026697158813e-02
-5.640479177236557007e-02
-6.742477416992187500e-02
-7.399485912173986435e-03
1.442384272813796997e-01
-7.019610702991485596e-02
-7.746241241693496704e-02
1.531586498022079468e-01
-1.156690269708633423e-01
-4.131952673196792603e-02
-1.580644696950912476e-01
-1.590913236141204834e-01
5.998210236430168152e-02
-6.415696814656257629e-03
1.090115681290626526e-01
-8.455652743577957153e-03
-1.093811541795730591e-02
-3.235815092921257019e-02
-1.013319045305252075e-01
9.279454499483108521e-02
8.539110422134399414e-02
-2.140933461487293243e-02
-9.281785041093826294e-02
-4.085713252425193787e-02
-2.886137738823890686e-02
5.213202908635139465e-02
-6.064501404762268066e-02
6.682503968477249146e-02
7.990775257349014282e-02
4.709416255354881287e-02
-2.010436914861202240e-02
-3.418458625674247742e-02
-1.302821189165115356e-01
-1.758142113685607910e-01
-4.008162068203091621e-04
7.968172430992126465e-02
4.855305701494216919e-02
4.511597007513046265e-02
1.955547556281089783e-02
2.443171106278896332e-02
-1.550237983465194702e-01
8.140458166599273682e-02
-1.033958867192268372e-01
8.344164490699768066e-02
