2.895395085215568542e-02
-3.485820069909095764e-02
-1.951311714947223663e-02
8.222810178995132446e-02
-4.704483598470687866e-02
2.785116992890834808e-02
4.515302425716072321e-04
-3.043833002448081970e-02
-6.743213534355163574e-02
1.008824706077575684e-01
4.658285155892372131e-02
-1.086757779121398926e-01
-1.579633951187133789e-01
-6.273365020751953125e-02
7.007970940321683884e-03
8.753854036331176758e-02
7.756704837083816528e-02
-1.099203154444694519e-02
1.432665884494781494e-01
-8.370858430862426758e-02
-1.242568492889404297e-01
6.494111567735671997e-02
-7.779621332883834839e-02
-6.964766979217529297e-02
-1.138296723365783691e-02
9.460845589637756348e-02
4.628146532922983170e-03
1.408278010785579681e-02
1.536758244037628174e-01
3.858543932437896729e-02
1.104465499520301819e-01
1.357247936539351940e-03
-1.489069312810897827e-02
1.108635589480400085e-02
8.105729520320892334e-02
-1.162750646471977234e-02
-7.503315061330795288e-02
6.454979628324508667e-02
-7.118176668882369995e-02
1.680796891450881958e-01
-6.702928245067596436e-02
-7.837429642677307129e-02
1.184156686067581177e-01
2.366663515567779541e-02
-4.526986554265022278e-02
7.436403632164001465e-02
7.775793224573135376e-02
-1.224913746118545532e-01
1.100238710641860962e-01
-5.031345412135124207e-03
8.573200553655624390e-02
-9.833602607250213623e-02
-1.266580224037170410e-01
-7.698619365692138672e-02
1.705171018838882446e-01
7.564383000135421753e-02
1.543598622083663940e-01
7.123850286006927490e-02
1.004901528358459473e-01
-7.919979840517044067e-02
2.785673551261425018e-02
5.844283103942871094e-02
2.190064080059528351e-02
3.278016345575451851e-03
5.273089557886123657e-02
2.699081553146243095e-03
-5.658311396837234497e-02
-2.503335103392601013e-02
9.429705888032913208e-02
-3.767022490501403809e-02
5.780565366148948669e-02
-1.076096445322036743e-01
-1.405057907104492188e-01
-2.027256414294242859e-02
1.951709538698196411e-01
-5.015489831566810608e-02
-1.404993236064910889e-02
6.521897017955780029e-02
-6.185698136687278748e-02
-6.968520581722259521e-02
1.846984475851058960e-01
-2.068103253841400146e-01
-2.520457282662391663e-02
-1.492183357477188110e-01
4.812920838594436646e-02
1.362467408180236816e-01
5.865252017974853516e-02
-4.589200764894485474e-02
1.212960183620452881e-01
-8.581859990954399109e-03
-1.283327490091323853e-01
1.591449379920959473e-01
-2.179946377873420715e-02
-1.292115598917007446e-01
-8.674907684326171875e-02
-7.873144932091236115e-03
-1.145623698830604553e-01
9.297941625118255615e-02
1.441453844308853149e-01
-2.241594716906547546e-02
1.608319953083992004e-02
-1.421029120683670044e-01
-2.559593692421913147e-02
1.376314759254455566e-01
1.217178627848625183e-01
7.804408669471740723e-02
4.801970347762107849e-02
-3.998562321066856384e-02
-2.034176588058471680e-01
-1.976445550099015236e-03
2.408461458981037140e-02
-7.674293220043182373e-02
6.430884450674057007e-02
5.459909513592720032e-02
-1.459361165761947632e-01
-7.713246345520019531e-02
-2.952527999877929688e-02
-6.621143966913223267e-02
8.698740042746067047e-03
1.444726157933473587e-02
-3.400970995426177979e-02
1.964510977268218994e-02
-1.043608859181404114e-01
1.467647105455398560e-01
-1.374733746051788330e-01
7.815612107515335083e-02
-4.503754526376724243e-02
-2.990693412721157074e-02
