-1.063889414072036743e-01
-1.298654675483703613e-01
-9.466030448675155640e-02
4.222311452031135559e-02
1.788108237087726593e-02
5.819917842745780945e-02
-1.065072715282440186e-01
-7.914534956216812134e-02
-6.391809880733489990e-02
-4.930847883224487305e-02
9.202659130096435547e-02
1.501288544386625290e-02
-5.401390790939331055e-02
-8.631483465433120728e-02
1.218516081571578979e-01
7.701148092746734619e-02
-7.738401740789413452e-02
-4.914840310811996460e-02
9.454035013914108276e-02
-1.290474236011505127e-01
-3.672206029295921326e-02
1.722360551357269287e-01
8.305456489324569702e-02
-8.790763467550277710e-02
-9.861045330762863159e-02
1.819114834070205688e-01
9.180089086294174194e-02
-8.564160019159317017e-02
-4.645344987511634827e-02
3.167024627327919006e-02
1.428747475147247314e-01
-3.417216986417770386e-02
1.058191806077957153e-01
-1.113113984465599060e-01
-5.583686381578445435e-02
-8.300727605819702148e-02
-4.726894572377204895e-02
5.184782668948173523e-02
1.388835068792104721e-02
6.215413287281990051e-02
-1.705854088068008423e-01
-1.200909465551376343e-01
-6.206001713871955872e-02
2.050026059150695801e-01
5.355868861079216003e-02
-1.900811307132244110e-02
-3.227894008159637451e-02
2.995034307241439819e-02
6.396702025085687637e-03
-2.958609536290168762e-02
1.985415965318679810e-01
-1.117708534002304077e-02
7.365805655717849731e-02
-1.038782764226198196e-02
7.101803272962570190e-02
7.398863323032855988e-03
7.169613242149353027e-02
9.657123684883117676e-02
1.417877674102783203e-01
1.118227168917655945e-01
5.656900629401206970e-02
1.509490907192230225e-01
-2.281515859067440033e-02
7.975286245346069336e-02
-5.325844138860702515e-02
7.732495665550231934e-02
6.183458864688873291e-02
4.782988503575325012e-02
1.205521225929260254e-01
2.388537116348743439e-02
4.167693853378295898e-02
1.416757609695196152e-02
-1.032884567975997925e-01
8.338952064514160156e-02
2.228197604417800903e-01
-1.668408066034317017e-01
1.241382304579019547e-02
-5.357779935002326965e-02
-6.919978559017181396e-02
-9.683280438184738159e-02
8.997864276170730591e-02
-7.721237838268280029e-02
-7.384870946407318115e-02
-1.703658513724803925e-02
-3.424684284254908562e-03
-9.942332282662391663e-03
-1.420907229185104370e-01
6.163727119565010071e-02
1.202405095100402832e-01
-3.302793577313423157e-02
-2.884988486766815186e-02
1.195081397891044617e-01
-9.258314222097396851e-02
-6.308398395776748657e-02
-1.655833870172500610e-01
-1.723927408456802368e-01
8.791696280241012573e-02
1.367379445582628250e-02
-2.509942837059497833e-02
1.488717086613178253e-02
6.632272154092788696e-02
-1.050815545022487640e-02
-2.119153551757335663e-02
1.817028969526290894e-02
2.065201662480831146e-02
3.384646773338317871e-02
-7.852963358163833618e-02
-4.041980206966400146e-02
-8.979383856058120728e-02
1.460186298936605453e-02
9.581834822893142700e-02
9.603850543498992920e-02
1.421025395393371582e-01
8.991138637065887451e-02
-7.848354429006576538e-02
-3.309628739953041077e-02
-1.246396228671073914e-01
-1.242687106132507324e-01
-2.513965032994747162e-02
7.999530434608459473e-02
1.030631065368652344e-01
-5.049877241253852844e-02
-7.502488791942596436e-02
1.009136363863945007e-01
-7.757881283760070801e-02
-1.555571891367435455e-02
-1.003715842962265015e-01
6.916896253824234009e-02
