-1.207511797547340393e-01
2.127969078719615936e-02
-7.637024670839309692e-02
6.189541146159172058e-02
-9.223332256078720093e-02
-4.549781326204538345e-03
-4.754297062754631042e-02
-2.379642575979232788e-01
-1.245602592825889587e-01
-4.922932758927345276e-02
-9.604406356811523438e-02
-6.414503604173660278e-02
-6.338112521916627884e-03
-9.269954264163970947e-02
1.259179413318634033e-01
-3.817285597324371338e-02
4.045975953340530396e-02
4.734611883759498596e-02
9.458301588892936707e-03
-5.742041394114494324e-02
-1.241483390331268311e-01
1.992365121841430664e-01
3.737591579556465149e-02
-4.233933612704277039e-02
4.487200058065354824e-04
1.349305659532546997e-01
-8.833539672195911407e-03
8.358580991625785828e-03
3.266513720154762268e-02
-1.323070079088211060e-01
3.479089215397834778e-02
-2.212503179907798767e-02
1.386179774999618530e-01
-2.794318087399005890e-02
-5.733031406998634338e-02
7.759267464280128479e-03
-1.355637013912200928e-01
-9.881231933832168579e-03
-4.498245939612388611e-02
1.567565202713012695e-01
-2.253207266330718994e-01
-7.095427066087722778e-02
-2.574528940021991730e-02
1.327164322137832642e-01
1.189128588885068893e-02
8.583487942814826965e-03
5.093810334801673889e-02
-1.638512127101421356e-02
1.635593473911285400e-01
3.961852751672267914e-03
2.022072672843933105e-01
-5.267411470413208008e-02
-1.062393002212047577e-02
-2.657527290284633636e-02
-4.322870448231697083e-02
7.607414573431015015e-02
1.527398917824029922e-02
9.320136904716491699e-02
1.216431520879268646e-02
-9.034852497279644012e-03
1.128267776221036911e-02
9.699070453643798828e-02
-4.134798049926757812e-02
1.768992841243743896e-02
1.054480392485857010e-02
1.073850095272064209e-01
-8.725052326917648315e-02
1.476145163178443909e-02
8.157833665609359741e-02
9.218584001064300537e-02
1.721496507525444031e-02
8.047220110893249512e-02
-9.887573122978210449e-02
5.119664594531059265e-02
1.430844813585281372e-01
-1.132803261280059814e-01
1.482474803924560547e-01
4.640281200408935547e-03
7.016410678625106812e-02
-1.591304391622543335e-01
2.662027776241302490e-01
-8.079785108566284180e-02
-4.995185881853103638e-02
-5.512417480349540710e-02
7.310902327299118042e-02
-3.051814436912536621e-02
-8.087021857500076294e-02
7.559127360582351685e-02
2.311025410890579224e-01
6.251583248376846313e-02
-1.606463938951492310e-01
9.342379122972488403e-02
-4.716610163450241089e-02
-2.369912527501583099e-02
-1.660268604755401611e-01
-1.326822787523269653e-01
-2.192645706236362457e-02
8.037023246288299561e-02
4.036120697855949402e-02
-2.776179462671279907e-02
-6.024650484323501587e-02
-5.582908913493156433e-02
5.647932365536689758e-02
1.420081704854965210e-01
-1.008179634809494019e-01
-4.138829931616783142e-02
-8.324474096298217773e-02
-3.173130005598068237e-02
-2.396093681454658508e-02
3.729382297024130821e-03
2.423611283302307129e-02
-4.212506860494613647e-02
6.161545962095260620e-02
9.548447281122207642e-02
-8.438847213983535767e-02
-9.145394712686538696e-02
-7.924059033393859863e-02
2.385658212006092072e-02
1.025184895843267441e-02
-4.290515091270208359e-03
1.668695709668099880e-03
-1.929986104369163513e-02
4.317122697830200195e-02
1.843812316656112671e-02
-9.903370589017868042e-02
6.236910074949264526e-02
-7.629409432411193848e-02
-3.172180801630020142e-02
