-8.793883025646209717e-02
-1.007702350616455078e-01
-1.308552622795104980e-01
2.845610491931438446e-02
-3.002356737852096558e-02
1.213084533810615540e-01
-7.766143232583999634e-02
-1.519709974527359009e-01
-1.129461526870727539e-01
-2.539098262786865234e-02
-4.565541818737983704e-02
-4.879659414291381836e-02
-3.358838334679603577e-02
-1.121233589947223663e-02
9.207880496978759766e-02
-1.256662886589765549e-02
-3.606162732467055321e-03
3.759676590561866760e-02
-4.537818953394889832e-03
-4.624167829751968384e-02
-1.600313335657119751e-01
2.163490056991577148e-01
1.228541508316993713e-01
-1.200207471847534180e-01
-6.780704855918884277e-02
7.900664210319519043e-02
7.960680872201919556e-02
-4.370832815766334534e-02
5.303340032696723938e-02
8.283422142267227173e-02
9.362028539180755615e-02
-2.586893364787101746e-02
7.299002259969711304e-02
1.449216064065694809e-02
-7.180687785148620605e-02
-5.407208576798439026e-02
-5.961582064628601074e-02
6.807773374021053314e-03
-4.327569156885147095e-02
8.599444478750228882e-02
-1.689203530550003052e-01
-1.393631249666213989e-01
-5.723447352647781372e-02
5.023758858442306519e-02
-3.663940355181694031e-02
-6.953545659780502319e-02
-9.138529188930988312e-03
-6.923040002584457397e-02
7.890693843364715576e-02
-3.869930282235145569e-02
1.393518745899200439e-01
-1.487073674798011780e-02
9.670778363943099976e-02
5.046773236244916916e-03
2.826531417667865753e-03
7.714925706386566162e-02
1.187793165445327759e-01
1.139317974448204041e-01
8.961259387433528900e-03
3.288842737674713135e-02
7.687143981456756592e-02
1.700884997844696045e-01
2.469633705914020538e-02
1.619979739189147949e-02
-4.197815433144569397e-03
1.408976763486862183e-01
8.497583866119384766e-02
7.103957980871200562e-02
4.920380562543869019e-02
3.434323146939277649e-02
-1.327387522906064987e-02
-5.830710288137197495e-03
-5.290244519710540771e-02
5.793745815753936768e-02
1.536118686199188232e-01
-8.232966810464859009e-02
9.077560901641845703e-02
-2.704137563705444336e-02
9.239470213651657104e-02
-1.118541881442070007e-01
1.754214763641357422e-01
-1.000287160277366638e-01
-1.444160193204879761e-01
2.061277627944946289e-02
6.746710836887359619e-02
-3.837914019823074341e-02
-1.662772595882415771e-01
1.125312149524688721e-01
1.827712059020996094e-01
4.828869178891181946e-02
-1.520793139934539795e-01
7.293269038200378418e-02
-7.551857829093933105e-02
-1.038681864738464355e-01
-9.988991916179656982e-02
-1.861957311630249023e-01
1.623862795531749725e-02
4.533956944942474365e-02
6.639648228883743286e-02
4.708370566368103027e-02
-2.299650944769382477e-02
-4.712238162755966187e-02
-8.088640868663787842e-02
1.811757385730743408e-01
-7.011771947145462036e-02
3.018007054924964905e-02
-9.109551459550857544e-02
-1.039843484759330750e-01
-1.353420317173004150e-01
2.808068692684173584e-02
2.448077080771327019e-03
-1.086628157645463943e-02
-2.777596935629844666e-02
-2.153591252863407135e-02
-7.330282777547836304e-02
-7.717753201723098755e-02
-6.205894798040390015e-02
-1.499216556549072266e-01
-6.836369633674621582e-02
1.560521423816680908e-01
8.745171874761581421e-02
9.940143674612045288e-02
-1.181624550372362137e-02
4.520265385508537292e-02
-4.292980581521987915e-02
4.918036051094532013e-03
-1.698662638664245605e-01
-1.497436407953500748e-02
