1.774697750806808472e-02
-4.674158245325088501e-02
-6.738939881324768066e-02
3.575844690203666687e-02
-9.761181473731994629e-02
-5.766749009490013123e-02
-5.638835206627845764e-02
-1.505585461854934692e-01
-2.537378370761871338e-01
7.526964694261550903e-02
-7.734993845224380493e-02
-1.309155765920877457e-02
3.239528462290763855e-02
-1.203037947416305542e-01
7.516885548830032349e-02
6.389747560024261475e-02
1.200298443436622620e-01
1.065935846418142319e-02
6.067902967333793640e-02
-1.558062732219696045e-01
-5.970976315438747406e-03
1.391672939062118530e-01
1.249636784195899963e-01
-4.009785130620002747e-03
-1.243703626096248627e-02
6.020509451627731323e-02
-2.717076428234577179e-02
-1.316781528294086456e-02
8.578054257668554783e-04
-1.000411529093980789e-02
1.254241317510604858e-01
-1.432787626981735229e-02
1.193342432379722595e-01
-3.188438713550567627e-02
-4.224548488855361938e-02
6.810424476861953735e-02
-6.923158466815948486e-02
6.723746191710233688e-03
5.762373283505439758e-02
1.922848224639892578e-01
-6.296477466821670532e-02
7.534711807966232300e-02
-4.692002385854721069e-02
9.725705534219741821e-02
-2.488365396857261658e-02
3.312936425209045410e-02
7.494011521339416504e-02
4.952520504593849182e-02
8.802323788404464722e-02
5.478806421160697937e-02
2.486934065818786621e-01
-5.663430690765380859e-02
-1.022697836160659790e-01
-5.122376605868339539e-02
2.223045192658901215e-02
-1.746282330714166164e-03
-6.413829512894153595e-03
-3.034644015133380890e-02
1.088631972670555115e-01
3.596050292253494263e-02
6.669518537819385529e-03
3.362772613763809204e-02
-4.722074419260025024e-02
-6.189288944005966187e-02
6.705701351165771484e-02
-6.604230403900146484e-02
6.126678362488746643e-02
-5.074015259742736816e-02
1.452962905168533325e-01
-2.354226820170879364e-02
1.408299207687377930e-01
8.849173039197921753e-02
-6.198064982891082764e-02
5.431424453854560852e-02
1.647441238164901733e-01
-1.203953027725219727e-01
5.527103692293167114e-02
-2.011275663971900940e-02
-7.374826073646545410e-02
-9.710247069597244263e-02
2.104842215776443481e-01
-1.919224113225936890e-01
-1.019400507211685181e-01
-2.238940261304378510e-02
8.724096417427062988e-02
7.059935480356216431e-02
-1.253251284360885620e-01
3.574297204613685608e-02
1.229157298803329468e-01
-3.612731769680976868e-02
-1.172454729676246643e-01
1.687000691890716553e-02
-7.498144172132015228e-03
-1.143420040607452393e-01
-5.244832858443260193e-02
-1.261943876743316650e-01
6.827367842197418213e-02
-3.616133937612175941e-03
1.582393236458301544e-02
-4.020503908395767212e-02
9.304487705230712891e-02
-1.587243005633354187e-02
6.146472319960594177e-02
2.238242924213409424e-01
7.412301003932952881e-02
1.589414663612842560e-02
3.887129714712500572e-04
-7.968713343143463135e-02
-2.214777320623397827e-01
-7.790976762771606445e-02
4.670567438006401062e-02
3.783893305808305740e-03
1.509482115507125854e-01
6.454958766698837280e-02
-8.004051446914672852e-02
-4.007531329989433289e-03
-1.316390335559844971e-01
5.572958383709192276e-03
5.807746574282646179e-02
-1.260782312601804733e-02
6.898616999387741089e-02
-1.160071119666099548e-01
5.632882675854489207e-05
3.945780545473098755e-02
-8.286281675100326538e-02
7.591722905635833740e-02
-6.058922410011291504e-02
2.093529328703880310e-02
