-1.182806715369224548e-01
-4.652778618037700653e-03
-1.207528263330459595e-01
2.656855992972850800e-02
-9.731082245707511902e-03
2.204122487455606461e-03
-1.500714337453246117e-03
-5.505574867129325867e-02
-1.249947920441627502e-01
8.969571441411972046e-02
7.221229374408721924e-02
-1.036992669105529785e-01
-5.026188213378190994e-03
-1.422780454158782959e-01
4.762642458081245422e-02
-3.185847890563309193e-04
-4.774288088083267212e-02
-1.025885269045829773e-01
4.853062331676483154e-02
-3.408342972397804260e-02
-8.398029208183288574e-02
1.508366763591766357e-01
5.510507524013519287e-02
-5.627985298633575439e-02
-8.397004753351211548e-02
1.207329854369163513e-01
2.438230905681848526e-03
1.298014633357524872e-02
-3.965564817190170288e-02
-1.947074569761753082e-02
2.791309356689453125e-01
4.519681632518768311e-02
8.132395893335342407e-02
-1.378360390663146973e-01
3.712847456336021423e-02
8.507411181926727295e-02
-9.255010634660720825e-02
-1.068277633748948574e-03
9.977138834074139595e-04
1.123626381158828735e-01
-6.856458634138107300e-02
-8.563908934593200684e-02
-3.247859701514244080e-02
1.256904602050781250e-01
-6.225069984793663025e-02
1.382884383201599121e-01
-1.345894113183021545e-02
-1.045806258916854858e-01
6.399368494749069214e-02
-5.721417255699634552e-04
9.421531856060028076e-02
2.028880454599857330e-02
-2.342053130269050598e-02
-4.373009875416755676e-02
6.988103687763214111e-02
7.861752063035964966e-02
3.830896317958831787e-02
6.464090198278427124e-02
1.523106247186660767e-01
5.571432039141654968e-02
4.489198327064514160e-02
1.326101124286651611e-01
-5.375723913311958313e-02
9.028573334217071533e-02
-8.539959788322448730e-02
2.980057336390018463e-02
5.068462714552879333e-02
-8.467578329145908356e-03
1.803446412086486816e-01
5.786770954728126526e-02
1.762247830629348755e-01
-3.028446808457374573e-02
1.075832638889551163e-02
-1.386464945971965790e-02
5.572519823908805847e-02
-1.688512712717056274e-01
5.827746167778968811e-02
-7.182934135198593140e-02
-7.176163792610168457e-02
-2.983326464891433716e-02
8.010723441839218140e-02
-1.189867556095123291e-01
-8.850516378879547119e-02
-1.554789543151855469e-01
7.631452381610870361e-02
5.584415793418884277e-02
-5.649396032094955444e-02
-7.079252600669860840e-02
6.578302383422851562e-02
1.700857132673263550e-01
-6.011153012514114380e-02
1.828810423612594604e-01
-3.138698404654860497e-03
-1.905049383640289307e-01
-4.814532026648521423e-02
-1.447680592536926270e-01
1.007691171253100038e-04
8.919703960418701172e-02
2.739623747766017914e-02
2.115000598132610321e-02
5.981427058577537537e-02
7.945143617689609528e-03
-7.208435237407684326e-02
1.125237867236137390e-01
2.699596062302589417e-02
4.349831119179725647e-02
1.887481473386287689e-02
-7.240020204335451126e-03
-2.175220400094985962e-01
-1.159202307462692261e-01
1.097376272082328796e-01
-3.376593440771102905e-02
1.832739114761352539e-01
-3.202801197767257690e-02
1.619835942983627319e-02
-4.262844100594520569e-02
-8.507873117923736572e-02
-4.019434750080108643e-02
-3.662233799695968628e-02
-9.359005838632583618e-02
-6.781811267137527466e-02
1.006154641509056091e-01
-7.012730091810226440e-02
7.432802021503448486e-02
1.075072679668664932e-02
9.904678165912628174e-02
-3.708102926611900330e-02
1.299543827772140503e-01
