-5.603162944316864014e-02
-4.559139907360076904e-02
1.826645061373710632e-02
1.776591837406158447e-01
4.565391317009925842e-02
1.695280522108078003e-01
4.601734504103660583e-02
-1.071339026093482971e-01
-8.646615594625473022e-02
-4.509638249874114990e-02
7.808986306190490723e-02
-1.335324496030807495e-01
-9.755525738000869751e-02
7.309716194868087769e-02
5.303901806473731995e-02
-8.348320424556732178e-02
-1.016808673739433289e-01
5.882401764392852783e-02
3.325863182544708252e-02
-3.768599778413772583e-02
-9.236500412225723267e-02
1.832064539194107056e-01
1.015770016238093376e-03
-8.088379353284835815e-02
-3.894167765974998474e-02
6.003272533416748047e-02
5.845824256539344788e-02
-1.448602415621280670e-03
-1.065867207944393158e-02
1.049321815371513367e-01
7.592720538377761841e-02
1.220154762268066406e-01
1.082744263112545013e-02
-6.760147958993911743e-02
-1.810417622327804565e-01
3.515026718378067017e-02
-1.565299481153488159e-01
1.165854465216398239e-02
-8.004244416952133179e-02
5.981232970952987671e-02
-6.194262206554412842e-02
-1.492997705936431885e-01
2.411698363721370697e-02
5.025994032621383667e-02
5.243713501840829849e-03
-1.058712154626846313e-01
-8.280669897794723511e-02
-4.818323627114295959e-02
1.161796674132347107e-01
2.343118935823440552e-02
8.157145977020263672e-02
-1.355941640213131905e-03
5.204465705901384354e-03
5.844102054834365845e-02
8.970817178487777710e-02
1.002032086253166199e-01
1.348178982734680176e-01
1.262472420930862427e-01
4.072012007236480713e-02
4.682685807347297668e-02
-1.034215614199638367e-01
1.891818940639495850e-01
-3.023402951657772064e-02
1.807857491075992584e-02
3.007620386779308319e-02
8.019448816776275635e-02
-3.911626338958740234e-02
-3.726255148649215698e-02
1.592996269464492798e-01
1.376061290502548218e-01
1.695184409618377686e-01
9.279352426528930664e-02
-9.123878180980682373e-02
1.053950414061546326e-01
-1.356530282646417618e-02
1.485847897129133344e-04
6.743087619543075562e-02
-9.925562143325805664e-02
-2.460163785144686699e-03
-1.975743323564529419e-01
9.388681501150131226e-02
-1.342164576053619385e-01
-2.627560123801231384e-02
-6.848245859146118164e-02
5.058385431766510010e-02
-1.183074340224266052e-01
-6.777691096067428589e-02
-9.853695333003997803e-02
2.418079599738121033e-02
7.739271223545074463e-02
-1.932031810283660889e-01
9.978345036506652832e-02
-1.672869324684143066e-01
-7.681839913129806519e-02
-8.067338913679122925e-02
-1.595721691846847534e-01
3.952519223093986511e-02
1.662532240152359009e-01
-2.766132354736328125e-02
6.594076752662658691e-03
-5.566355213522911072e-02
7.254368066787719727e-02
-1.646909117698669434e-01
2.178150229156017303e-02
2.231210097670555115e-02
3.116368502378463745e-02
-8.446441590785980225e-02
-8.425906300544738770e-02
-6.530708074569702148e-02
-2.501584403216838837e-02
-2.005475200712680817e-02
-1.174964085221290588e-01
2.966580353677272797e-02
-2.297069318592548370e-02
6.628870964050292969e-03
-1.066996343433856964e-02
-1.125448197126388550e-02
-1.606562873348593712e-03
-2.915695309638977051e-02
2.128831855952739716e-02
5.374251306056976318e-02
9.036472439765930176e-02
2.932573668658733368e-02
-7.443491369485855103e-02
-9.090513736009597778e-02
2.914320118725299835e-02
-8.581411093473434448e-02
-1.369398832321166992e-01
