-9.813338518142700195e-02
-1.093719080090522766e-01
-1.448809951543807983e-01
2.796639502048492432e-02
-4.688969813287258148e-03
1.650196127593517303e-02
-8.660603314638137817e-02
2.851522900164127350e-02
-1.645580530166625977e-01
-7.587869465351104736e-02
-2.249005436897277832e-02
1.330684497952461243e-02
-5.777993053197860718e-02
-4.484016820788383484e-02
3.175093233585357666e-02
4.371330514550209045e-02
-4.128252342343330383e-02
-6.043209508061408997e-02
3.119211271405220032e-02
-5.138588324189186096e-02
-6.718021631240844727e-02
1.355895251035690308e-01
1.613977923989295959e-02
-8.498881757259368896e-02
-1.638121604919433594e-01
1.789650022983551025e-01
1.059385985136032104e-01
-1.311384886503219604e-01
-5.312593653798103333e-03
4.704268649220466614e-02
1.599734127521514893e-01
-3.578509204089641571e-03
9.323074668645858765e-02
-1.416082084178924561e-01
-9.499028325080871582e-02
-4.696059226989746094e-02
-3.638891736045479774e-03
4.151158407330513000e-02
4.006406292319297791e-03
1.314153429120779037e-02
-1.594548225402832031e-01
-8.251071721315383911e-02
-5.420878902077674866e-02
1.975108534097671509e-01
-4.724252596497535706e-02
2.418260410195216537e-04
-2.747522294521331787e-02
3.491659089922904968e-02
1.807616907171905041e-03
-3.009634092450141907e-03
1.749229133129119873e-01
1.115015968680381775e-01
5.515513569116592407e-02
-7.961723022162914276e-03
4.178298637270927429e-02
-3.558034368325024843e-04
5.448996275663375854e-02
5.355796217918395996e-02
1.128541156649589539e-01
7.419802993535995483e-02
5.010489001870155334e-02
1.009472310543060303e-01
-5.530468374490737915e-02
5.392828583717346191e-02
-9.515037387609481812e-02
9.293736075051128864e-04
1.009381338953971863e-01
7.384297996759414673e-02
1.532462239265441895e-01
-2.103425748646259308e-02
2.425144799053668976e-02
-2.789422310888767242e-02
-1.087301671504974365e-01
1.003483757376670837e-01
1.728246510028839111e-01
-1.719379723072052002e-01
-4.118252918124198914e-02
-6.879967451095581055e-02
-7.083311676979064941e-02
-1.052587330341339111e-01
6.024276092648506165e-02
-5.997957661747932434e-02
-2.228106260299682617e-01
-6.467336416244506836e-02
-7.732849568128585815e-02
7.276377081871032715e-02
-1.369902938604354858e-01
-1.192730385810136795e-03
5.428664386272430420e-02
1.328034512698650360e-02
1.601580716669559479e-02
8.071281015872955322e-02
-1.504272222518920898e-01
-1.318124979734420776e-01
-7.252454012632369995e-02
-1.988386213779449463e-01
1.022035032510757446e-01
-2.314269356429576874e-02
-1.806405559182167053e-02
6.267613172531127930e-02
1.225558072328567505e-01
3.981225192546844482e-02
-6.986159086227416992e-02
3.487312421202659607e-02
4.613779485225677490e-02
5.817435681819915771e-02
-5.936174094676971436e-02
-1.568078063428401947e-02
-8.842852711677551270e-02
2.845134772360324860e-02
1.070121750235557556e-01
1.156102269887924194e-01
1.777783483266830444e-01
2.816358953714370728e-02
-1.080835089087486267e-01
5.007659643888473511e-02
-1.161729544401168823e-01
-1.304778307676315308e-01
-3.972866386175155640e-02
7.772149890661239624e-02
1.092652678489685059e-01
3.467569500207901001e-02
-1.056770458817481995e-01
1.719389483332633972e-02
-5.249471589922904968e-02
-4.079805314540863037e-02
4.015075415372848511e-02
7.191585004329681396e-02
