-9.572027251124382019e-03
-2.210339717566967010e-02
1.751531474292278290e-02
1.775547564029693604e-01
-5.577981472015380859e-02
6.939896196126937866e-02
4.099791869521141052e-02
-1.559440344572067261e-01
-7.139840722084045410e-02
1.300835795700550079e-02
-1.527327001094818115e-01
-3.937764093279838562e-02
-9.740165621042251587e-02
-1.431444007903337479e-02
5.811312235891819000e-03
-3.496837452985346317e-04
2.969121187925338745e-02
1.847628355026245117e-01
9.315602481365203857e-02
-1.377870291471481323e-01
6.535024940967559814e-02
6.509438157081604004e-02
7.944633811712265015e-02
7.033330388367176056e-03
-1.063450798392295837e-01
3.325878828763961792e-02
-1.019477248191833496e-01
-1.071282848715782166e-02
7.017757743597030640e-02
1.018020585179328918e-01
9.775514900684356689e-02
2.971740067005157471e-02
9.570319205522537231e-02
-2.281447686254978180e-02
-1.373573392629623413e-01
9.554972499608993530e-02
-1.623130142688751221e-01
-7.281792908906936646e-02
-7.810812443494796753e-02
1.932302117347717285e-01
-1.012793853878974915e-01
-4.371060803532600403e-02
-5.993679165840148926e-02
4.523470532149076462e-03
1.364968717098236084e-01
-3.783080354332923889e-02
6.556817889213562012e-02
-1.333381421864032745e-02
-8.635618723928928375e-03
1.014063432812690735e-01
2.358854413032531738e-01
4.290036112070083618e-02
-4.146490618586540222e-02
5.955110490322113037e-02
4.261020570993423462e-02
3.781197220087051392e-02
1.148326024413108826e-01
1.907105790451169014e-03
5.242053046822547913e-02
-8.213086985051631927e-03
-8.227048069238662720e-02
7.465371489524841309e-02
3.719758614897727966e-02
-1.837237179279327393e-02
8.017057925462722778e-02
1.373551636934280396e-01
-2.281817235052585602e-02
-8.421270176768302917e-03
1.277168244123458862e-01
6.383226066827774048e-02
1.395005583763122559e-01
1.508463174104690552e-01
-6.960831582546234131e-02
5.814983323216438293e-02
3.207879886031150818e-02
-1.431481540203094482e-02
1.700250059366226196e-02
-3.650226071476936340e-02
-4.136514663696289062e-02
-1.306331604719161987e-01
1.459031552076339722e-01
-1.889024376869201660e-01
-1.294986605644226074e-01
-3.823855891823768616e-02
5.287540704011917114e-02
9.994317777454853058e-03
-1.651609241962432861e-01
1.485260948538780212e-02
1.176275834441184998e-01
-2.865248173475265503e-02
-1.293832808732986450e-01
8.479505032300949097e-02
-9.078790992498397827e-02
-1.663945033214986324e-03
-7.120042294263839722e-02
-2.241700701415538788e-02
-7.816991955041885376e-02
-4.580350965261459351e-02
6.952676177024841309e-02
-6.488206237554550171e-02
-1.628098636865615845e-02
2.855343976989388466e-03
-9.469153359532356262e-03
1.745749562978744507e-01
-3.981873020529747009e-02
-1.521327197551727295e-01
-1.029959693551063538e-02
-2.003189176321029663e-01
-9.778033941984176636e-02
-7.802381366491317749e-02
-1.542087197303771973e-01
5.385171249508857727e-02
1.949850097298622131e-02
9.874774515628814697e-02
-3.227938711643218994e-02
-1.129765808582305908e-01
4.256488755345344543e-03
2.040399052202701569e-02
-6.825675815343856812e-02
-6.824140995740890503e-02
5.836756154894828796e-02
1.281841099262237549e-01
-5.683147348463535309e-03
2.195575274527072906e-02
-1.267410516738891602e-01
-1.310340035706758499e-02
-7.480325549840927124e-02
2.194534987211227417e-02
