-1.329565048217773438e-01
-9.143909066915512085e-02
-5.096167325973510742e-02
2.656949497759342194e-02
-1.430740207433700562e-02
4.616500064730644226e-02
-2.317368797957897186e-02
-6.343974173069000244e-02
-6.486407667398452759e-02
-7.239284366369247437e-02
4.610655014403164387e-04
-1.535341292619705200e-01
-9.825336933135986328e-02
-3.700303286314010620e-02
7.031871378421783447e-02
-4.354859120212495327e-04
-8.863995969295501709e-02
-7.342755049467086792e-02
9.838835336267948151e-03
-8.690690621733665466e-03
-1.165653914213180542e-01
1.905410885810852051e-01
4.991435259580612183e-02
-7.765784859657287598e-02
-7.873801887035369873e-02
1.200482323765754700e-01
6.528154760599136353e-02
-6.410465389490127563e-02
5.389909818768501282e-02
1.044579967856407166e-01
2.126367986202239990e-01
5.512541159987449646e-02
-4.864329937845468521e-03
-8.667151629924774170e-02
-8.398122340440750122e-02
2.988083474338054657e-02
-1.289674341678619385e-01
6.047714501619338989e-02
-2.842178381979465485e-02
1.140168607234954834e-01
-9.839391708374023438e-02
-5.511734262108802795e-02
-1.059983819723129272e-01
1.648690253496170044e-01
-1.792980544269084930e-02
3.849940374493598938e-02
1.680286042392253876e-02
-4.969155788421630859e-02
5.345189198851585388e-02
-3.748608380556106567e-02
1.745450198650360107e-01
-6.156162545084953308e-02
-1.881122030317783356e-02
5.135634168982505798e-02
5.656754970550537109e-02
3.483199328184127808e-02
1.394337564706802368e-01
6.713870167732238770e-02
1.003133207559585571e-01
4.993710666894912720e-02
-9.680289030075073242e-02
1.658433824777603149e-01
-9.675581008195877075e-02
8.190549165010452271e-02
7.020405679941177368e-02
6.847567111253738403e-02
-7.293879240751266479e-02
-5.615392699837684631e-02
2.459638416767120361e-01
8.480354398488998413e-02
1.940975431352853775e-03
6.636920571327209473e-02
-4.417152702808380127e-02
9.302332997322082520e-02
6.735642999410629272e-02
-1.313601285219192505e-01
1.909680105745792389e-02
-7.939582318067550659e-02
1.962100341916084290e-02
-8.363712579011917114e-02
6.425392627716064453e-02
-1.552611291408538818e-01
-1.319415420293807983e-01
-5.081937089562416077e-02
4.596289992332458496e-02
5.996713787317276001e-02
-1.316507458686828613e-01
-1.128047145903110504e-02
1.320557147264480591e-01
9.049580246210098267e-02
-1.321940720081329346e-01
1.263210177421569824e-01
-3.948858752846717834e-02
-5.478630959987640381e-02
-1.474518477916717529e-01
-1.569311916828155518e-01
7.577514648437500000e-02
2.545379661023616791e-02
5.379417166113853455e-02
5.840174853801727295e-02
6.024429574608802795e-02
5.970679223537445068e-02
-9.905827045440673828e-02
4.373283125460147858e-03
3.441502526402473450e-02
-7.800848037004470825e-02
-2.633677609264850616e-02
-5.049772188067436218e-02
-2.620561718940734863e-01
8.163954131305217743e-03
6.175581365823745728e-02
-3.861571103334426880e-02
1.934344470500946045e-01
6.591223925352096558e-02
3.276742622256278992e-02
-3.084320202469825745e-02
-8.499923348426818848e-02
-1.018240749835968018e-01
-5.986612522974610329e-04
5.245595797896385193e-02
2.032205834984779358e-02
1.030666604638099670e-01
-1.148266624659299850e-02
2.918634749948978424e-02
-2.689855732023715973e-02
4.496736079454421997e-02
-3.681233501993119717e-04
-6.669631693512201309e-03
