-1.423999965190887451e-01
2.805282548069953918e-02
-1.524543315172195435e-01
1.531347930431365967e-01
-5.451175570487976074e-02
-5.348948389291763306e-02
-4.740088060498237610e-02
7.029562722891569138e-03
-1.430478394031524658e-01
1.736541464924812317e-02
-9.366106241941452026e-02
-2.421232499182224274e-02
2.529254555702209473e-02
-1.196888610720634460e-01
-2.279466018080711365e-02
2.945043146610260010e-02
-1.345406938344240189e-02
-8.258492499589920044e-02
1.117363050580024719e-01
-3.903767839074134827e-02
6.491354666650295258e-03
1.852465718984603882e-01
-4.189436510205268860e-02
-5.931090563535690308e-03
-4.290706291794776917e-02
1.877810657024383545e-01
2.935018017888069153e-02
-8.268771320581436157e-02
-3.960557654500007629e-02
2.232116833329200745e-02
8.020769059658050537e-02
1.256868690252304077e-01
7.868792116641998291e-02
-1.560372263193130493e-01
-1.051519438624382019e-01
-4.984291270375251770e-02
3.233903646469116211e-02
5.758464708924293518e-02
3.338901698589324951e-02
1.531308982521295547e-02
-8.140162378549575806e-02
4.316150769591331482e-02
-3.244623541831970215e-02
1.679870486259460449e-01
-9.866902604699134827e-03
5.730382353067398071e-02
-3.923533484339714050e-02
-3.883633390069007874e-02
1.081885676831007004e-02
1.693521253764629364e-02
2.120106369256973267e-01
1.137635111808776855e-01
3.518494218587875366e-02
-1.029010638594627380e-01
1.820459403097629547e-02
-1.175955403596162796e-03
1.713518425822257996e-02
3.595828264951705933e-02
1.666042208671569824e-01
1.345380693674087524e-01
-9.401596337556838989e-02
7.035925239324569702e-02
-1.094437539577484131e-01
-2.745959348976612091e-02
-9.273670613765716553e-02
-6.998483091592788696e-02
4.503047466278076172e-02
1.942764408886432648e-02
1.248269006609916687e-01
1.736290007829666138e-02
1.752011030912399292e-01
-6.580077111721038818e-02
-6.649559736251831055e-02
8.636032044887542725e-02
1.708223372697830200e-01
-1.409440338611602783e-01
-1.177565678954124451e-01
-1.385841518640518188e-01
-8.636029809713363647e-02
1.477053668349981308e-02
7.400351017713546753e-02
-6.300441920757293701e-02
-1.593364179134368896e-01
-1.649227738380432129e-01
-7.146611064672470093e-02
3.870267421007156372e-02
-1.016818732023239136e-01
-6.520526111125946045e-02
2.326074987649917603e-02
5.582822114229202271e-02
9.147855453193187714e-03
1.660491526126861572e-01
-4.071401804685592651e-02
-7.296169549226760864e-02
5.475483462214469910e-02
-4.696205258369445801e-03
1.365854293107986450e-01
-3.664851188659667969e-03
-2.636549249291419983e-02
5.024636909365653992e-02
1.335593014955520630e-01
1.980656571686267853e-02
-9.763463586568832397e-02
1.341969966888427734e-01
1.085053533315658569e-01
9.154236316680908203e-02
-6.861314922571182251e-02
6.556629389524459839e-02
-6.256338208913803101e-02
-9.277803474105894566e-04
9.168270975351333618e-02
7.136500626802444458e-02
1.944674998521804810e-01
-4.903432354331016541e-02
-6.247770041227340698e-02
8.792573213577270508e-02
3.847184404730796814e-02
-7.427518069744110107e-02
-1.322027482092380524e-02
2.145959995687007904e-03
-2.968486212193965912e-02
-1.708530820906162262e-02
4.042830690741539001e-02
-6.217594817280769348e-02
-1.186471879482269287e-01
-8.359805494546890259e-02
6.412028521299362183e-02
1.217856407165527344e-01
