-6.348768621683120728e-02
3.696223720908164978e-02
-5.569007620215415955e-02
1.520349979400634766e-01
1.487793307751417160e-02
8.567725867033004761e-02
3.454784303903579712e-02
-1.657888293266296387e-01
-1.974944770336151123e-01
-6.234315037727355957e-02
-7.339116185903549194e-02
-9.269966185092926025e-02
-1.142171621322631836e-01
-5.883163958787918091e-02
-8.148776739835739136e-02
-7.811995595693588257e-02
-3.150965273380279541e-02
1.060065329074859619e-01
3.774255886673927307e-02
-3.775889426469802856e-02
-3.528692945837974548e-02
7.503716647624969482e-02
-6.308207660913467407e-02
-3.802590817213058472e-02
-1.777670346200466156e-02
4.520402103662490845e-02
-9.308438748121261597e-02
7.382897287607192993e-02
-6.593182682991027832e-02
1.443199366331100464e-01
3.249631449580192566e-02
3.437669249251484871e-03
1.414860934019088745e-01
2.150300191715359688e-03
-1.581146381795406342e-02
7.111702859401702881e-02
-1.399313509464263916e-01
-3.828881680965423584e-02
-1.608396172523498535e-01
1.405763328075408936e-01
-1.262945979833602905e-01
-1.155480295419692993e-01
5.229452997446060181e-02
3.624104429036378860e-03
2.912511490285396576e-02
3.572822734713554382e-02
7.482124865055084229e-02
-1.200329065322875977e-01
1.229009330272674561e-01
1.448119133710861206e-01
9.509128332138061523e-02
2.047668583691120148e-02
-8.348983526229858398e-02
-6.262503564357757568e-02
1.049292534589767456e-01
1.213282570242881775e-01
-3.373930603265762329e-02
9.384836256504058838e-02
2.352545969188213348e-02
-2.021049708127975464e-02
8.769755810499191284e-02
4.920433834195137024e-02
1.684195175766944885e-02
-5.885431170463562012e-02
7.379565387964248657e-03
7.929458469152450562e-02
-1.218685731291770935e-01
1.252283751964569092e-01
1.851913868449628353e-03
1.328009217977523804e-01
8.705389499664306641e-02
7.075155526399612427e-02
-4.625728726387023926e-02
1.348331570625305176e-01
6.495086848735809326e-02
1.390105672180652618e-02
1.947855763137340546e-02
-1.495088916271924973e-03
-6.670193374156951904e-02
-1.669851541519165039e-01
2.098706066608428955e-01
-1.398850828409194946e-01
-6.134223937988281250e-02
-1.358475089073181152e-01
1.161285415291786194e-01
1.792129129171371460e-02
-5.115569569170475006e-03
3.366485983133316040e-02
1.182469874620437622e-01
5.677180364727973938e-02
-1.673960536718368530e-01
1.569636613130569458e-01
3.427206724882125854e-02
-4.625523835420608521e-02
-9.979372471570968628e-02
-8.865293115377426147e-02
-3.088852018117904663e-02
1.580650918185710907e-02
1.414389610290527344e-01
-6.083282083272933960e-02
-1.647949591279029846e-02
2.851875685155391693e-02
8.549670688807964325e-03
1.932539939880371094e-01
-2.186834067106246948e-02
-4.633156955242156982e-02
-4.418570175766944885e-02
-6.673425436019897461e-02
-4.652029648423194885e-02
-1.268922388553619385e-01
-4.203280061483383179e-02
-1.077211126685142517e-01
5.137072876095771790e-02
2.611309848725795746e-02
-1.030029356479644775e-01
-6.204997375607490540e-02
-3.676861897110939026e-02
3.952118009328842163e-02
-8.416453748941421509e-02
-8.653626590967178345e-02
-8.341781795024871826e-02
5.580187775194644928e-03
3.231611847877502441e-02
-1.479236315935850143e-02
-2.119054645299911499e-01
-1.126888766884803772e-02
-1.133343130350112915e-01
3.151390701532363892e-02
