3.683823719620704651e-02
-6.820037215948104858e-02
4.068637266755104065e-02
1.322136819362640381e-01
-9.920752048492431641e-02
5.987457558512687683e-02
4.029472172260284424e-02
-1.728385537862777710e-01
-6.557127088308334351e-02
1.401019245386123657e-01
4.462631419301033020e-02
-6.035709753632545471e-02
-1.579941958189010620e-01
2.665035799145698547e-02
1.186430752277374268e-01
1.266918480396270752e-01
9.045182168483734131e-02
1.337302476167678833e-02
1.699879467487335205e-01
-2.177847176790237427e-01
-1.509752939455211163e-03
3.820108249783515930e-02
1.344724893569946289e-01
-1.650488749146461487e-02
-1.338738054037094116e-01
3.150613605976104736e-02
-3.088304772973060608e-02
-3.172161802649497986e-02
8.262143284082412720e-02
-2.444339683279395103e-03
1.734259426593780518e-01
-6.152740120887756348e-02
2.788313478231430054e-02
2.039468847215175629e-03
6.012361496686935425e-02
4.650759696960449219e-02
-1.242245584726333618e-01
-7.937245815992355347e-02
-7.966791838407516479e-02
2.161208093166351318e-01
4.658092558383941650e-02
-7.209577411413192749e-02
1.818208023905754089e-02
4.004152119159698486e-02
1.253505796194076538e-01
1.277061086148023605e-02
1.194527596235275269e-01
1.940437406301498413e-02
2.191477641463279724e-02
2.809662558138370514e-02
1.808099299669265747e-01
-6.344700232148170471e-03
-1.448564380407333374e-01
4.530413076281547546e-02
1.321276426315307617e-01
-4.178400337696075439e-02
1.354539543390274048e-01
-5.445371195673942566e-02
8.563810959458351135e-03
8.004494011402130127e-03
2.943047787994146347e-03
2.333055622875690460e-02
2.945102937519550323e-02
1.150716375559568405e-02
7.688303291797637939e-02
4.918700084090232849e-02
9.615864604711532593e-03
-6.404787302017211914e-02
6.354311108589172363e-02
-1.337243150919675827e-02
2.012056708335876465e-01
7.877541333436965942e-02
-1.626165956258773804e-01
-2.849665656685829163e-02
1.732694357633590698e-02
-1.302464120090007782e-02
1.000973396003246307e-02
-2.922379598021507263e-02
1.539668184705078602e-03
-9.385095536708831787e-02
6.679805368185043335e-02
-2.633152604103088379e-01
-1.886257901787757874e-02
-2.715993113815784454e-02
2.000813744962215424e-02
1.026153191924095154e-01
-1.016619242727756500e-02
-3.638906404376029968e-02
2.521716803312301636e-02
-8.929480612277984619e-02
-1.420578658580780029e-01
3.101500123739242554e-02
-5.883556231856346130e-02
-1.923740725032985210e-03
-6.889124214649200439e-02
-5.764690786600112915e-02
-1.893237978219985962e-02
1.629972457885742188e-02
3.443518280982971191e-02
-6.937947124242782593e-02
5.114283412694931030e-02
-7.048966735601425171e-02
4.486050084233283997e-02
1.421754360198974609e-01
8.524640649557113647e-02
-3.065179660916328430e-02
8.449419587850570679e-02
-1.354705542325973511e-01
-1.755646765232086182e-01
-4.013005271553993225e-02
-1.012702286243438721e-01
4.342898353934288025e-02
9.101849049329757690e-02
1.541358679533004761e-01
-5.082607269287109375e-02
-1.025891676545143127e-01
-7.051326334476470947e-02
3.998221457004547119e-02
9.093504399061203003e-02
-3.163825348019599915e-02
1.120493635535240173e-01
2.393511123955249786e-02
-1.416042298078536987e-01
4.594668745994567871e-02
-1.174381300806999207e-01
-1.616259850561618805e-02
-5.627799034118652344e-02
-2.044814079999923706e-02
