-8.545998483896255493e-02
-9.028751403093338013e-02
-8.691500127315521240e-02
1.142879668623209000e-02
9.626356512308120728e-02
2.650586515665054321e-02
-7.570293545722961426e-02
-7.759089767932891846e-02
-2.956472896039485931e-02
5.405514314770698547e-02
-4.541877657175064087e-02
-1.833570897579193115e-01
-1.322426944971084595e-01
-8.324333280324935913e-02
3.386426717042922974e-02
-3.501568362116813660e-02
-1.191151067614555359e-01
-1.714807003736495972e-02
-3.497831150889396667e-02
1.897925278171896935e-03
-1.362656056880950928e-01
1.722403913736343384e-01
1.413981057703495026e-02
-7.233817130327224731e-02
-1.693336367607116699e-01
1.229451745748519897e-01
6.489997357130050659e-02
-1.040579676628112793e-01
1.251175161451101303e-02
3.234564885497093201e-02
1.980390101671218872e-01
6.675017625093460083e-02
-1.043677236884832382e-02
-5.660131201148033142e-02
-1.133707836270332336e-01
8.368809521198272705e-02
-1.136785745620727539e-01
6.074934825301170349e-02
-7.343100756406784058e-02
4.197983816266059875e-02
-1.348948031663894653e-01
-1.306598186492919922e-01
-1.106245517730712891e-01
9.454634785652160645e-02
-6.671764701604843140e-02
-3.645424917340278625e-02
-5.144501104950904846e-02
4.876604303717613220e-02
-5.061912536621093750e-02
-2.198117040097713470e-02
1.518430858850479126e-01
-2.940222434699535370e-02
6.487216334789991379e-03
5.846814438700675964e-02
-4.478402435779571533e-02
1.157443299889564514e-01
1.306302845478057861e-01
1.232000812888145447e-01
1.786314696073532104e-02
5.438827793113887310e-04
8.037207648158073425e-03
1.769508868455886841e-01
-9.804082661867141724e-02
1.104346662759780884e-01
-2.899027056992053986e-02
6.565627455711364746e-02
4.718651995062828064e-02
2.548925811424851418e-03
1.626888513565063477e-01
1.097713187336921692e-01
4.583704471588134766e-02
7.238853722810745239e-02
-2.829963527619838715e-02
9.157326817512512207e-02
5.601673200726509094e-02
-1.192517578601837158e-01
2.718525379896163940e-02
-7.505608350038528442e-02
5.490889772772789001e-02
-1.041645780205726624e-01
7.863260805606842041e-02
-7.182193547487258911e-02
-1.038335412740707397e-01
-1.425954420119524002e-02
5.548834428191184998e-02
-7.635962963104248047e-02
-1.661702096462249756e-01
-7.037677615880966187e-02
1.796255558729171753e-01
1.144566386938095093e-01
-4.034756124019622803e-02
8.489745855331420898e-02
-8.281087875366210938e-02
-1.522829532623291016e-01
-1.201005578041076660e-01
-1.430259644985198975e-01
1.604841090738773346e-02
-1.987178996205329895e-02
-7.522790227085351944e-03
9.924712032079696655e-02
-2.796536684036254883e-02
8.077528327703475952e-02
-8.647464960813522339e-02
1.731183566153049469e-02
-4.016645252704620361e-02
-1.474335603415966034e-02
-1.149764358997344971e-01
-1.364013273268938065e-02
-2.194708734750747681e-01
6.259787827730178833e-02
3.401139006018638611e-02
2.130389958620071411e-02
4.103956744074821472e-02
-3.010007552802562714e-02
3.280848264694213867e-02
6.925888359546661377e-03
-1.471821069717407227e-01
-9.070763736963272095e-02
-9.544084221124649048e-02
1.046275869011878967e-01
4.269070178270339966e-02
1.509681940078735352e-01
-6.257103383541107178e-02
3.915143758058547974e-02
-6.700608879327774048e-02
5.618448182940483093e-02
-3.169199079275131226e-02
-1.079935953021049500e-02
