-8.137322030961513519e-03
-1.225964650511741638e-01
-5.674711987376213074e-02
2.791066095232963562e-02
-2.516063395887613297e-03
1.366839259862899780e-01
-1.308651119470596313e-01
-6.004381179809570312e-02
-8.552029728889465332e-02
-2.643402479588985443e-02
6.445071846246719360e-02
-1.017558760941028595e-02
-4.357960075139999390e-02
3.926565870642662048e-02
5.155872553586959839e-02
-4.537538625299930573e-03
-2.437664195895195007e-03
-1.633489690721035004e-02
8.041135966777801514e-02
-6.038295105099678040e-02
-1.379145383834838867e-01
1.694079488515853882e-01
3.838531300425529480e-02
-1.862209141254425049e-01
-3.524927655234932899e-03
6.265856325626373291e-02
7.723608613014221191e-02
-3.094916231930255890e-02
1.022250726819038391e-01
-4.405082389712333679e-02
4.775064438581466675e-02
8.937279693782329559e-03
-2.809957601130008698e-02
-1.574613712728023529e-02
-7.825110852718353271e-02
-6.857705116271972656e-02
-4.549833387136459351e-02
9.770604968070983887e-02
-5.837642028927803040e-02
1.372662335634231567e-01
-9.201953560113906860e-02
-4.810884967446327209e-02
5.871020630002021790e-02
1.343757510185241699e-01
-5.844817683100700378e-02
-1.223332509398460388e-01
-1.953202858567237854e-02
-8.821795880794525146e-02
9.947638213634490967e-02
-2.877273224294185638e-02
3.766108304262161255e-02
-6.860410422086715698e-02
2.125495485961437225e-02
4.342575091868638992e-03
1.124640032649040222e-01
6.631864607334136963e-02
9.859625995159149170e-02
1.179661676287651062e-01
8.568327128887176514e-02
-3.319890424609184265e-02
-5.143652483820915222e-02
1.700356006622314453e-01
2.069562301039695740e-02
-5.660600587725639343e-02
7.476639002561569214e-02
1.122753247618675232e-01
-1.531162764877080917e-02
-3.540815040469169617e-02
1.598071604967117310e-01
-1.567488908767700195e-02
3.202105313539505005e-02
-4.631542041897773743e-02
-2.067474126815795898e-01
-1.034217048436403275e-02
1.622065901756286621e-01
-9.589612483978271484e-02
5.840451270341873169e-02
3.569290041923522949e-02
6.685912609100341797e-02
-1.419472694396972656e-01
1.892603188753128052e-01
-2.046906203031539917e-01
7.247044704854488373e-03
-7.234828174114227295e-02
4.439647868275642395e-02
1.042691245675086975e-01
-4.160851985216140747e-02
9.492251276969909668e-02
1.364988088607788086e-01
2.837242931127548218e-02
-1.131886616349220276e-01
2.978284098207950592e-02
-1.658280342817306519e-01
-1.736559569835662842e-01
-8.451264351606369019e-02
-1.864589601755142212e-01
-1.116873580031096935e-03
1.616986691951751709e-01
9.102538228034973145e-02
9.230136871337890625e-03
-1.316672842949628830e-02
-9.551002830266952515e-02
-1.216325387358665466e-01
5.888345465064048767e-02
9.804463386535644531e-02
1.024345904588699341e-01
-1.449927128851413727e-02
-7.354226708412170410e-02
-1.495397537946701050e-01
3.539840690791606903e-03
1.576535403728485107e-02
-2.119153179228305817e-02
3.917719796299934387e-02
1.336987409740686417e-02
-1.617670953273773193e-01
8.139257319271564484e-03
-9.968141466379165649e-02
-1.058547422289848328e-01
-9.866321488516405225e-05
1.654080860316753387e-02
4.328714311122894287e-02
-1.260116975754499435e-02
1.786261796951293945e-02
1.280261874198913574e-01
-2.896341308951377869e-02
9.734246879816055298e-02
-9.417954832315444946e-02
-5.723413452506065369e-02
