2.853603661060333252e-02
-1.084283441305160522e-01
-6.052943319082260132e-02
2.307364940643310547e-01
-7.286985963582992554e-02
1.549079269170761108e-01
4.599228128790855408e-02
-1.462262123823165894e-01
-7.173236459493637085e-02
1.291757375001907349e-01
4.274465143680572510e-02
-1.038378104567527771e-01
-1.034002751111984253e-01
-4.351085796952247620e-02
5.056477338075637817e-02
1.111370027065277100e-01
6.993725895881652832e-02
4.685998708009719849e-02
1.270912438631057739e-01
-6.891094893217086792e-02
-2.140745706856250763e-02
1.092233508825302124e-01
-8.999733254313468933e-03
-1.128163337707519531e-01
6.778488401323556900e-03
7.570824772119522095e-02
6.480935215950012207e-02
-1.276597287505865097e-02
6.944879889488220215e-02
7.654066383838653564e-02
1.149679422378540039e-01
-2.609736844897270203e-02
-7.231082767248153687e-02
5.784128978848457336e-02
1.209820620715618134e-02
1.373297721147537231e-02
1.453785318881273270e-02
1.070552170276641846e-01
-1.698783785104751587e-01
1.494031250476837158e-01
-7.837371900677680969e-03
3.628677502274513245e-02
2.915907092392444611e-02
6.061782315373420715e-02
-4.537998232990503311e-03
-4.828988760709762573e-02
3.759517893195152283e-02
-6.506018340587615967e-02
2.944613993167877197e-02
4.827396012842655182e-03
4.089263826608657837e-02
-1.114657521247863770e-01
-7.002650201320648193e-02
-1.366546191275119781e-02
9.697955846786499023e-02
1.179367825388908386e-01
1.805528849363327026e-01
5.157008394598960876e-02
-2.204873226583003998e-02
-8.654481172561645508e-02
-6.836828589439392090e-02
9.007569402456283569e-02
-1.043198071420192719e-02
-1.002162471413612366e-01
9.145577251911163330e-02
1.416403502225875854e-01
3.689309814944863319e-03
-6.075455620884895325e-02
4.687091708183288574e-02
3.572839545086026192e-03
1.795697212219238281e-01
-1.694749854505062103e-02
-1.794803738594055176e-01
-5.174986273050308228e-02
1.659308522939682007e-01
-4.317531362175941467e-02
4.162698611617088318e-02
1.581899821758270264e-02
-2.598768472671508789e-02
-5.462957546114921570e-02
1.299567073583602905e-01
-2.535365223884582520e-01
-1.759199798107147217e-02
2.375224791467189789e-02
8.615054935216903687e-02
3.289319202303886414e-02
-1.191626302897930145e-02
-1.768003590404987335e-02
1.168516725301742554e-01
-3.093305602669715881e-02
-1.305409967899322510e-01
4.567452520132064819e-02
-7.016779482364654541e-02
-1.351751238107681274e-01
-1.511744409799575806e-01
1.197709236294031143e-02
-2.297539822757244110e-02
7.812370359897613525e-02
1.357292830944061279e-01
-2.467408776283264160e-02
1.031278967857360840e-01
-1.220293119549751282e-01
4.106411337852478027e-02
1.312843114137649536e-01
6.467905640602111816e-02
8.917264640331268311e-02
-5.389752238988876343e-02
-9.749229997396469116e-02
-1.378939151763916016e-01
2.763864211738109589e-02
-1.829122938215732574e-02
-6.756253540515899658e-02
3.247797954827547073e-03
4.229662939906120300e-02
-7.263150066137313843e-02
-3.638843446969985962e-02
-8.643659949302673340e-02
-2.811058983206748962e-02
-1.782407797873020172e-02
5.084796622395515442e-02
1.849210076034069061e-02
-4.473988898098468781e-03
-7.720743119716644287e-02
1.363910883665084839e-01
-2.073573768138885498e-01
9.144915267825126648e-03
-1.163835003972053528e-01
-6.682933866977691650e-02
