-3.149557486176490784e-02
-1.000226363539695740e-01
-1.048311740159988403e-01
-1.953371334820985794e-03
-3.794068098068237305e-02
1.051429212093353271e-01
-6.025104224681854248e-02
-5.732520669698715210e-02
-3.609504178166389465e-02
2.658860199153423309e-02
-3.743144683539867401e-03
1.132886391133069992e-02
-1.405176967382431030e-01
-3.079355694353580475e-02
7.112132757902145386e-02
4.916219785809516907e-02
-8.817217499017715454e-02
2.773080393671989441e-02
8.847302943468093872e-02
-1.144409924745559692e-01
-2.513127401471138000e-02
1.796784102916717529e-01
-1.690737344324588776e-02
-1.469117850065231323e-01
-8.212056010961532593e-02
1.524223536252975464e-01
1.047751009464263916e-01
-8.375298976898193359e-02
1.432654447853565216e-03
1.161660999059677124e-02
1.290667057037353516e-01
7.103778421878814697e-02
2.807197533547878265e-02
-1.070705950260162354e-01
-5.357392132282257080e-02
-1.264121085405349731e-01
-5.214516818523406982e-02
8.775988593697547913e-03
5.208231974393129349e-03
1.134676486253738403e-01
-1.329458951950073242e-01
-1.598458588123321533e-01
2.303244546055793762e-03
1.198540851473808289e-01
2.629062160849571228e-02
-8.678113669157028198e-02
2.748404256999492645e-02
3.572527691721916199e-02
5.589339509606361389e-02
-4.286527633666992188e-02
1.943789422512054443e-01
-4.597919806838035583e-02
2.546448260545730591e-02
-9.449915960431098938e-03
1.218979954719543457e-01
-8.737406693398952484e-03
1.908045113086700439e-01
7.741013914346694946e-02
1.049533188343048096e-01
4.635744169354438782e-02
-3.419507294893264771e-02
1.250222623348236084e-01
-3.754765540361404419e-02
-1.193761639297008514e-02
-2.613400295376777649e-02
6.097450386732816696e-03
6.905957125127315521e-03
-4.693288728594779968e-02
1.676618605852127075e-01
5.969801172614097595e-02
3.916762396693229675e-02
2.014569565653800964e-02
-1.391144096851348877e-01
1.170563250780105591e-01
1.709783524274826050e-01
-1.124796196818351746e-01
-2.018340863287448883e-02
-6.309331953525543213e-02
1.409133616834878922e-02
-2.009244859218597412e-01
5.859342962503433228e-02
-1.487897187471389771e-01
-7.632825145265087485e-05
-2.508163452148437500e-02
-3.394652903079986572e-02
3.911345452070236206e-02
-1.134719029068946838e-01
-6.736759096384048462e-02
7.008097320795059204e-02
-3.133386140689253807e-03
-1.031698957085609436e-01
1.094597801566123962e-01
-2.111447155475616455e-01
-7.969107478857040405e-02
-8.361160010099411011e-02
-1.916424036026000977e-01
3.719727322459220886e-02
5.507851392030715942e-02
-5.765929073095321655e-02
2.912744320929050446e-02
6.692695617675781250e-02
-5.571716651320457458e-02
-1.173575520515441895e-01
1.246372796595096588e-02
7.490853220224380493e-02
3.540770336985588074e-02
-8.372498303651809692e-02
-1.124745309352874756e-01
-1.703104674816131592e-01
5.477680638432502747e-02
2.438935637474060059e-02
2.605356508865952492e-03
1.092786639928817749e-01
1.166524067521095276e-01
-7.314185053110122681e-02
-3.833893686532974243e-02
-6.653687357902526855e-02
-1.051146760582923889e-01
-1.514765340834856033e-02
7.013202458620071411e-02
9.089651703834533691e-02
-2.540536038577556610e-02
-5.364542081952095032e-02
1.023346111178398132e-01
-1.499224454164505005e-01
-4.407055303454399109e-02
-7.162753492593765259e-02
-7.813969254493713379e-02
