-1.389772742986679077e-01
-1.621536724269390106e-02
-1.010764688253402710e-01
7.038267701864242554e-02
2.211848460137844086e-02
5.047876015305519104e-02
-1.548172812908887863e-02
-2.315026335418224335e-02
-8.374877274036407471e-02
3.155715763568878174e-03
-5.562042444944381714e-02
-3.158725425601005554e-02
-1.146497726440429688e-01
-9.692166000604629517e-02
4.672207683324813843e-02
-2.959188818931579590e-02
-2.355219796299934387e-02
4.918088018894195557e-02
4.538000375032424927e-02
-9.312052279710769653e-02
-2.886492386460304260e-02
2.126442492008209229e-01
3.389241173863410950e-03
-2.776529081165790558e-02
-1.201175749301910400e-01
1.828258931636810303e-01
3.290877863764762878e-02
-7.957256585359573364e-02
-4.496157914400100708e-02
5.179068818688392639e-02
1.885038912296295166e-01
1.276413053274154663e-01
1.189748272299766541e-01
-1.065287217497825623e-01
-1.042954251170158386e-01
-3.807054087519645691e-02
-7.091836631298065186e-02
3.174231946468353271e-02
-6.083152070641517639e-02
4.073744639754295349e-03
-1.203089207410812378e-01
-1.388068497180938721e-01
-2.792447060346603394e-02
1.339836716651916504e-01
-1.962843351066112518e-02
-3.008528985083103180e-02
-4.006921127438545227e-02
1.830784231424331665e-02
-1.073291525244712830e-02
-4.757114127278327942e-02
1.661731004714965820e-01
5.404612049460411072e-02
6.257376074790954590e-02
-6.603235006332397461e-02
6.027381122112274170e-02
2.501875720918178558e-02
1.228532865643501282e-01
1.388612389564514160e-01
4.956110194325447083e-02
7.120021432638168335e-02
6.979210674762725830e-02
1.437962353229522705e-01
-1.302127987146377563e-01
5.573580414056777954e-02
-1.373379081487655640e-01
-9.572426788508892059e-03
1.129365935921669006e-01
7.699970155954360962e-02
9.031752496957778931e-02
1.127293184399604797e-01
1.414230614900588989e-01
-7.806040346622467041e-03
-4.891440644860267639e-02
1.466661542654037476e-01
1.803475469350814819e-01
-1.888356804847717285e-01
-6.810749322175979614e-02
-1.296049356460571289e-01
-2.120216377079486847e-02
-1.623130589723587036e-01
4.025103524327278137e-02
-5.297323688864707947e-02
-7.084015011787414551e-02
-1.091868877410888672e-01
1.058734208345413208e-02
-4.365685954689979553e-02
-1.227499246597290039e-01
-1.962270215153694153e-02
7.361081428825855255e-03
4.864811524748802185e-02
-1.627843081951141357e-02
1.465272307395935059e-01
-1.087137758731842041e-01
-1.184535622596740723e-01
-8.736575394868850708e-02
-1.311257928609848022e-01
6.555358320474624634e-02
6.305415183305740356e-02
-1.165518304333090782e-03
7.596874237060546875e-02
9.646654129028320312e-03
-7.902616262435913086e-02
-8.566724509000778198e-02
5.249447748064994812e-02
-4.565823078155517578e-02
2.208873257040977478e-02
-1.272352933883666992e-01
-3.627725318074226379e-02
-5.227858200669288635e-02
4.668984934687614441e-02
9.980920702219009399e-02
5.556997284293174744e-02
5.381049588322639465e-02
-2.827722020447254181e-02
-2.958949282765388489e-02
-4.888715688139200211e-03
-1.617109924554824829e-01
-1.637779176235198975e-01
-8.180234581232070923e-02
1.273656636476516724e-01
4.916300624608993530e-02
4.401780664920806885e-02
-5.201115086674690247e-02
-8.167326450347900391e-03
-9.999983012676239014e-02
-1.076036393642425537e-01
-6.001177243888378143e-03
7.649080455303192139e-02
