-8.487415313720703125e-02
-5.568583309650421143e-02
-5.717300623655319214e-02
2.305139005184173584e-01
6.946320831775665283e-02
1.657991111278533936e-01
-1.257310062646865845e-02
-1.576005220413208008e-01
-2.257674634456634521e-01
7.910608500242233276e-02
-2.624535933136940002e-03
-1.454790979623794556e-01
-1.413005143404006958e-01
-2.089166641235351562e-02
-2.966068312525749207e-02
-2.802271209657192230e-02
-2.517544291913509369e-02
2.660402096807956696e-02
7.043596357107162476e-02
-5.524400249123573303e-02
-1.134593412280082703e-01
1.428449451923370361e-01
7.723245024681091309e-02
-1.134121045470237732e-02
-1.208924800157546997e-01
3.203232306987047195e-03
-3.788389265537261963e-02
1.758743077516555786e-02
3.120698221027851105e-02
5.821826308965682983e-02
2.443940378725528717e-02
1.853552460670471191e-02
2.408450469374656677e-02
3.871680051088333130e-02
-1.381898075342178345e-01
5.022281408309936523e-02
-8.933635056018829346e-02
-4.417679086327552795e-02
-2.048697322607040405e-01
9.761854261159896851e-02
-2.721732668578624725e-02
-9.680239111185073853e-02
2.895617391914129257e-03
7.297636568546295166e-02
1.170987263321876526e-01
-5.694758519530296326e-02
-1.283829938620328903e-02
-1.536257714033126831e-01
8.057448081672191620e-03
1.185190528631210327e-01
1.507674008607864380e-01
7.889287918806076050e-02
2.359685301780700684e-02
5.461128428578376770e-03
9.392221271991729736e-02
1.083395257592201233e-01
4.785403981804847717e-02
1.784887164831161499e-01
-1.952021941542625427e-02
2.567038312554359436e-02
8.374552428722381592e-02
1.513898819684982300e-01
2.104804664850234985e-02
8.103280328214168549e-03
-1.107753720134496689e-02
1.448771655559539795e-01
2.533327601850032806e-02
9.439084678888320923e-02
-3.364678472280502319e-03
1.404297053813934326e-01
1.686185151338577271e-01
4.766285046935081482e-02
-1.199258714914321899e-01
6.365067511796951294e-02
-6.189732230268418789e-04
3.448236361145973206e-02
-1.536828745156526566e-02
-5.464698374271392822e-02
9.823399037122726440e-02
-8.136410266160964966e-02
1.333428770303726196e-01
-1.727324128150939941e-01
-6.351728737354278564e-02
-9.541948884725570679e-02
9.299612790346145630e-02
-6.820601969957351685e-02
4.368672519922256470e-02
-5.714470520615577698e-03
1.005841866135597229e-01
1.181155890226364136e-01
-1.003859266638755798e-01
7.500489056110382080e-02
-1.749027520418167114e-02
-4.191244021058082581e-02
-1.530278008431196213e-02
-2.226063236594200134e-02
-8.594833314418792725e-03
1.214730292558670044e-01
1.136613916605710983e-02
3.991934657096862793e-02
7.911581546068191528e-02
-2.218435332179069519e-02
-2.969751507043838501e-02
1.356541514396667480e-01
6.367923319339752197e-02
1.260653324425220490e-02
-4.494794830679893494e-02
-1.783091016113758087e-02
-9.609644114971160889e-02
4.319354891777038574e-02
-1.010743752121925354e-01
-1.202702708542346954e-02
-4.716481640934944153e-02
-9.469603002071380615e-02
-8.763477206230163574e-02
5.460835993289947510e-02
2.905471948906779289e-03
-8.853556215763092041e-02
-9.241213649511337280e-02
-2.445385418832302094e-02
2.219868078827857971e-02
1.100467592477798462e-01
1.558621134608983994e-02
-4.119628667831420898e-02
-2.262384444475173950e-01
-3.051135316491127014e-02
-1.376261860132217407e-01
-1.260527875274419785e-02
