6.622611731290817261e-02
-9.158610552549362183e-02
2.373002655804157257e-02
1.407444775104522705e-01
-5.501019582152366638e-02
3.902182355523109436e-02
-1.334310509264469147e-03
-2.893017046153545380e-02
-1.668422520160675049e-01
1.257066875696182251e-01
-1.701228879392147064e-02
-5.408281832933425903e-02
-1.689175367355346680e-01
-4.033366963267326355e-02
7.515972107648849487e-02
1.104805767536163330e-01
1.404934376478195190e-01
8.764861151576042175e-03
1.178961023688316345e-01
-1.281016469001770020e-01
-7.548532634973526001e-02
-3.545765206217765808e-02
-1.026176568120718002e-02
-2.835868485271930695e-02
-3.694532439112663269e-02
8.848666399717330933e-02
-3.667338564991950989e-02
-3.206302877515554428e-03
1.293151527643203735e-01
-3.866905346512794495e-02
1.661880761384963989e-01
-5.014478415250778198e-02
3.520625457167625427e-02
1.650165952742099762e-02
5.048626288771629333e-02
3.795241191983222961e-02
-5.728437751531600952e-02
3.414639085531234741e-02
-4.951411113142967224e-02
2.094370871782302856e-01
3.638126328587532043e-02
-3.746500611305236816e-02
6.832334399223327637e-02
-6.723724771291017532e-03
1.958752237260341644e-02
6.848960369825363159e-02
4.702111333608627319e-02
-7.830774784088134766e-02
8.413006365299224854e-02
3.702305629849433899e-02
8.237987011671066284e-02
-6.285189837217330933e-02
-1.520608961582183838e-01
1.046778727322816849e-02
1.686405390501022339e-01
-6.378977093845605850e-03
4.254895821213722229e-02
1.081136055290699005e-02
2.097233571112155914e-02
-7.278034090995788574e-02
-3.238039836287498474e-02
1.462541986256837845e-02
4.581545293331146240e-02
1.340456865727901459e-02
8.767604827880859375e-02
1.793276518583297729e-02
-2.502746693789958954e-02
-8.724858611822128296e-02
8.974689990282058716e-02
-2.929269708693027496e-02
1.243918687105178833e-01
-6.264800671488046646e-03
-1.448066532611846924e-01
-3.642560914158821106e-04
1.143037825822830200e-01
-4.393950849771499634e-02
-3.476507216691970825e-02
1.221329569816589355e-01
-5.970030277967453003e-02
-7.521985471248626709e-02
1.905823200941085815e-01
-2.015994936227798462e-01
4.448380786925554276e-03
-8.888436853885650635e-02
5.697764083743095398e-02
1.500686854124069214e-01
-2.868337370455265045e-02
-5.457733944058418274e-02
7.416982203722000122e-03
-4.144463688135147095e-02
-1.447860896587371826e-01
9.121453016996383667e-02
-2.535035461187362671e-02
-1.203909516334533691e-01
-9.953776746988296509e-02
-5.815437063574790955e-02
-1.781317777931690216e-02
7.999069057404994965e-03
1.119360253214836121e-01
-1.047460436820983887e-01
3.990702703595161438e-02
-7.546807080507278442e-02
6.993494182825088501e-02
1.893911063671112061e-01
1.599019765853881836e-01
1.221869289875030518e-01
1.240426376461982727e-01
-1.615423262119293213e-01
-1.971641927957534790e-01
-6.691337376832962036e-02
-2.584546804428100586e-02
-5.749538168311119080e-02
1.045607924461364746e-01
1.035077124834060669e-01
-1.407747566699981689e-01
-5.753380432724952698e-02
-6.585575640201568604e-02
4.227339755743741989e-03
2.068686671555042267e-02
-1.037655165418982506e-03
4.847162961959838867e-02
-6.767922639846801758e-02
-1.203079223632812500e-01
8.833526819944381714e-02
-1.480202823877334595e-01
1.025885120034217834e-01
-1.447117980569601059e-02
-4.379347339272499084e-02
