7.150667905807495117e-02
-1.204220578074455261e-01
3.619324415922164917e-02
1.565196663141250610e-01
-6.392557919025421143e-02
4.670505970716476440e-02
-1.574376598000526428e-02
-1.123147457838058472e-01
-3.169963508844375610e-02
6.900190562009811401e-02
-3.862167522311210632e-02
-9.341612458229064941e-02
-1.385785043239593506e-01
1.157345343381166458e-02
1.279771607369184494e-02
1.113521307706832886e-01
1.108902543783187866e-01
3.272932395339012146e-02
9.592361748218536377e-02
-1.508318632841110229e-01
-1.851434446871280670e-02
5.781921371817588806e-02
2.509480156004428864e-02
-4.389605298638343811e-02
-5.711054429411888123e-02
5.309800803661346436e-02
-3.658857569098472595e-02
-2.968780510127544403e-02
1.681224554777145386e-01
-3.774517029523849487e-02
9.994215518236160278e-02
-5.485814064741134644e-03
8.906137198209762573e-03
3.586877509951591492e-02
8.730524219572544098e-03
4.743299633264541626e-02
-8.432454615831375122e-02
-4.478048533201217651e-02
-7.190584205090999603e-03
2.398017793893814087e-01
1.555326301604509354e-02
-6.712959706783294678e-02
3.601849451661109924e-02
4.160154610872268677e-02
4.447095468640327454e-02
2.010972052812576294e-02
7.346506416797637939e-02
-2.810366265475749969e-02
4.104452207684516907e-02
9.109182283282279968e-03
1.019510477781295776e-01
-9.303290396928787231e-02
-1.353847533464431763e-01
1.281077414751052856e-01
1.824274063110351562e-01
-4.646813962608575821e-03
1.066112443804740906e-01
-3.958831354975700378e-02
8.157717436552047729e-02
-1.156283393502235413e-01
-5.134447664022445679e-02
3.641317039728164673e-02
9.322420507669448853e-02
-7.679127156734466553e-02
1.047993004322052002e-01
3.413155674934387207e-02
1.498325960710644722e-03
-1.202671378850936890e-01
7.197710871696472168e-02
-4.768984019756317139e-02
9.556062519550323486e-02
2.436469774693250656e-03
-1.657675653696060181e-01
4.036510363221168518e-03
1.487729102373123169e-01
-2.704031765460968018e-02
-7.061236537992954254e-03
8.304508775472640991e-02
-4.893782362341880798e-02
8.354127407073974609e-03
2.253986150026321411e-01
-2.321350723505020142e-01
-4.293989390134811401e-02
-4.789618775248527527e-02
7.349038124084472656e-02
1.436157226562500000e-01
-9.087174385786056519e-02
-3.584242984652519226e-02
8.746384829282760620e-02
-5.519658327102661133e-02
-1.337468773126602173e-01
4.972776398062705994e-02
-4.481492191553115845e-02
-1.622227728366851807e-01
-6.775797158479690552e-02
-5.916498228907585144e-02
-4.259465634822845459e-02
-3.020445071160793304e-02
1.356799751520156860e-01
-7.635717093944549561e-02
-2.479283139109611511e-02
-3.655110672116279602e-02
-2.685999264940619469e-03
2.202937453985214233e-01
1.092591062188148499e-01
3.515591844916343689e-02
8.008457720279693604e-02
-1.574771255254745483e-01
-1.353120356798171997e-01
-1.624189782887697220e-03
-4.789695888757705688e-02
-6.529834587126970291e-03
9.020858258008956909e-02
1.446121335029602051e-01
-9.873521327972412109e-02
-6.707946956157684326e-02
-2.923640422523021698e-02
1.082479860633611679e-02
2.277007885277271271e-02
4.742047935724258423e-02
6.851799786090850830e-02
-4.903365671634674072e-02
-7.561101019382476807e-02
7.006868720054626465e-02
-1.665309071540832520e-01
9.678883850574493408e-02
-5.259884521365165710e-03
-4.103827476501464844e-02
