-1.262779384851455688e-01
-4.683705791831016541e-02
-5.879680439829826355e-02
9.597112983465194702e-02
9.556755423545837402e-02
5.603989213705062866e-02
-1.112891286611557007e-01
-2.061671577394008636e-02
-1.157954260706901550e-01
-5.818511825054883957e-03
1.718309521675109863e-02
-4.833432845771312714e-03
-9.048657864332199097e-02
-3.385357558727264404e-02
-3.109646961092948914e-02
-2.967883646488189697e-02
-3.841166570782661438e-02
-5.999663844704627991e-02
9.723696112632751465e-02
-9.436558187007904053e-02
-6.702484190464019775e-02
1.613430082798004150e-01
1.624171435832977295e-02
-3.603151068091392517e-02
-1.607374250888824463e-01
1.281424462795257568e-01
2.732906490564346313e-02
-1.155584529042243958e-01
6.447069346904754639e-02
1.195616641780361533e-05
1.590532809495925903e-01
1.131478026509284973e-01
7.004690170288085938e-02
-7.957161962985992432e-02
-1.056050136685371399e-01
-1.021619827952235937e-04
-9.559389948844909668e-02
4.561474546790122986e-02
-9.545039385557174683e-02
1.083621457219123840e-01
-1.347410380840301514e-01
-1.116131097078323364e-01
-1.588764972984790802e-02
1.355460733175277710e-01
-4.793223459273576736e-03
-1.512691099196672440e-02
-1.036279276013374329e-02
3.295899368822574615e-03
-4.455713555216789246e-02
2.170401439070701599e-02
1.719838678836822510e-01
7.103946059942245483e-02
-5.586094036698341370e-02
-1.506257802248001099e-02
5.918431282043457031e-02
1.966932555660605431e-03
2.172916829586029053e-01
8.118643611669540405e-02
7.269303500652313232e-02
5.448443070054054260e-02
-4.718008637428283691e-02
1.540760695934295654e-01
-5.948695540428161621e-02
2.988830208778381348e-02
8.324709720909595490e-03
5.314426124095916748e-02
-2.109912224113941193e-02
-8.689133822917938232e-02
1.271518468856811523e-01
1.028654128313064575e-01
9.881753474473953247e-02
-3.686049021780490875e-03
-1.200351715087890625e-01
1.351565569639205933e-01
1.789770871400833130e-01
-1.250979900360107422e-01
-8.656268566846847534e-02
-1.169962733983993530e-01
-8.519576862454414368e-03
-1.397332698106765747e-01
2.247433736920356750e-02
-1.501606255769729614e-01
-1.442448943853378296e-01
-1.416073590517044067e-01
1.321406941860914230e-02
1.270069032907485962e-01
-9.151837974786758423e-02
3.073474578559398651e-02
8.443918824195861816e-02
6.407049298286437988e-02
-9.493478387594223022e-02
1.194301992654800415e-01
-1.617600172758102417e-01
-1.129909306764602661e-01
2.042882144451141357e-02
-1.248132660984992981e-01
9.046313166618347168e-02
2.663070801645517349e-03
-4.044959694147109985e-02
1.026535332202911377e-01
2.300329506397247314e-02
2.318582264706492424e-03
-1.401663273572921753e-01
9.119393676519393921e-02
5.002360045909881592e-02
2.114401943981647491e-02
-4.076944664120674133e-02
-9.548166394233703613e-02
-1.398149281740188599e-01
5.297561734914779663e-02
1.588191464543342590e-02
5.876717716455459595e-02
8.540210872888565063e-02
7.410693168640136719e-02
-8.711390197277069092e-03
-1.065665204077959061e-02
-3.155981376767158508e-02
-1.460036039352416992e-01
-8.661298453807830811e-02
4.864494502544403076e-02
5.338559672236442566e-02
1.114771962165832520e-01
1.174366939812898636e-02
-4.571569338440895081e-02
-1.551702469587326050e-01
-3.970291092991828918e-02
-8.318400010466575623e-03
7.066422840580344200e-04
