3.864454105496406555e-02
2.213287353515625000e-02
1.006818929454311728e-04
5.074553936719894409e-02
-6.589352339506149292e-02
8.740428835153579712e-02
-4.450495168566703796e-02
-1.293860524892807007e-01
-1.002273261547088623e-01
-3.981488570570945740e-02
1.742857322096824646e-02
-6.974104791879653931e-02
-1.643981039524078369e-01
-4.557020962238311768e-02
1.485119224525988102e-03
7.221445441246032715e-02
1.537711173295974731e-02
7.967327535152435303e-02
4.216608032584190369e-02
-9.504222869873046875e-02
-6.021477654576301575e-02
1.249597296118736267e-01
-6.391743570566177368e-02
-7.293056696653366089e-02
-2.630576491355895996e-02
1.323751360177993774e-01
-5.631157383322715759e-02
1.434636395424604416e-02
1.503817290067672729e-01
4.511057864874601364e-03
9.536037594079971313e-02
-4.411450028419494629e-02
1.095541045069694519e-01
3.061045426875352859e-03
1.934187486767768860e-02
5.707591306418180466e-03
-1.499634236097335815e-01
-2.012705244123935699e-02
-9.880433231592178345e-02
2.648404836654663086e-01
-1.125283166766166687e-01
-1.034481674432754517e-01
-8.743734098970890045e-03
-3.386173024773597717e-02
2.230591140687465668e-02
9.461572021245956421e-02
1.630767881870269775e-01
-8.217089623212814331e-02
7.310033589601516724e-02
8.815623074769973755e-02
1.261340230703353882e-01
-3.611040115356445312e-02
-1.411197781562805176e-01
4.450821876525878906e-02
1.357836425304412842e-01
2.841574139893054962e-02
9.325175732374191284e-02
3.000490181148052216e-02
-8.750688284635543823e-03
-9.926124662160873413e-02
4.368367791175842285e-02
3.189421072602272034e-02
6.025335937738418579e-02
-3.562496975064277649e-02
8.246244490146636963e-02
5.006399378180503845e-02
-8.567786216735839844e-02
-4.096833989024162292e-02
3.029313683509826660e-02
6.635039299726486206e-02
9.619243443012237549e-02
9.404185228049755096e-03
-1.828655153512954712e-01
1.897908560931682587e-02
5.742574855685234070e-02
-4.783881083130836487e-02
5.028540641069412231e-02
3.464110195636749268e-02
-4.302172735333442688e-02
-1.245013326406478882e-01
1.640515625476837158e-01
-2.186678797006607056e-01
-1.179918460547924042e-02
-1.284156441688537598e-01
7.108259201049804688e-02
1.709555685520172119e-01
4.847474768757820129e-02
7.645181566476821899e-02
1.138615906238555908e-01
1.813591690734028816e-03
-1.694383025169372559e-01
9.278360009193420410e-02
-4.815047979354858398e-02
-3.192266449332237244e-02
-8.387964963912963867e-02
-9.488307684659957886e-02
-7.781261205673217773e-02
4.671547189354896545e-02
1.291016191244125366e-01
-8.698367327451705933e-02
-2.451767912134528160e-03
-8.864035457372665405e-02
2.955578640103340149e-02
9.406433999538421631e-02
-1.981556229293346405e-02
-9.044235572218894958e-03
5.295174941420555115e-02
-1.509980410337448120e-01
-1.852747052907943726e-01
-6.818091869354248047e-02
-7.283680886030197144e-02
-2.499383129179477692e-02
8.338468521833419800e-02
8.196685463190078735e-02
-1.048278883099555969e-01
-8.415421098470687866e-02
-3.726936131715774536e-02
3.638538718223571777e-02
1.328355912119150162e-02
-1.126055493950843811e-01
-2.324363961815834045e-02
1.904189470224082470e-03
-1.110876947641372681e-01
1.063248291611671448e-01
-1.808534711599349976e-01
3.042825870215892792e-02
-8.753368258476257324e-02
-1.055102143436670303e-02
