-3.754559904336929321e-02
-2.913375943899154663e-02
-5.119989067316055298e-02
1.369858086109161377e-01
2.303004264831542969e-02
1.570283919572830200e-01
4.334647580981254578e-02
-1.791165918111801147e-01
-7.371116429567337036e-02
2.927372977137565613e-02
5.834493786096572876e-03
-1.633376032114028931e-01
-7.946185022592544556e-02
7.409285008907318115e-02
1.683645322918891907e-02
-9.782223403453826904e-02
-1.556489150971174240e-02
9.585382044315338135e-02
9.880691021680831909e-02
-1.033167019486427307e-01
-1.079543530941009521e-01
1.864737421274185181e-01
-1.110406685620546341e-02
-7.292025536298751831e-02
2.876696549355983734e-02
4.701015725731849670e-02
-2.809157595038414001e-02
5.484069511294364929e-02
-6.480073183774948120e-02
1.773680001497268677e-01
3.425348177552223206e-02
6.881227344274520874e-02
5.694216862320899963e-02
-1.723331399261951447e-02
-5.250000208616256714e-02
2.165170013904571533e-02
-1.986203342676162720e-01
3.442528098821640015e-02
-1.406541019678115845e-01
9.326930344104766846e-02
-9.623930603265762329e-02
-8.744699507951736450e-02
8.300423622131347656e-02
-4.270080476999282837e-03
-9.645607497077435255e-05
-5.416170135140419006e-02
-2.756873518228530884e-02
-1.326550096273422241e-01
1.161645129323005676e-01
2.335550636053085327e-02
4.720359668135643005e-02
-2.844500727951526642e-02
7.266202941536903381e-03
-5.885158851742744446e-02
9.805254638195037842e-02
1.877878904342651367e-01
9.629850834608078003e-02
1.311954110860824585e-01
2.076746337115764618e-02
-6.905446294695138931e-03
-1.030156016349792480e-01
2.198656648397445679e-01
1.869882084429264069e-02
-5.740908160805702209e-02
7.946766912937164307e-02
1.387583911418914795e-01
-6.592957675457000732e-02
1.188996806740760803e-02
6.332586705684661865e-02
1.393257528543472290e-01
1.179935708642005920e-01
7.685393095016479492e-02
-7.939155399799346924e-02
-1.741429604589939117e-02
5.640394240617752075e-02
7.181337103247642517e-03
9.152599424123764038e-02
-6.856618076562881470e-02
-8.233624510467052460e-03
-1.290207207202911377e-01
9.665670990943908691e-02
-1.779691725969314575e-01
-2.560900710523128510e-02
-5.044374614953994751e-02
7.288285344839096069e-02
-1.189143769443035126e-02
-2.806686237454414368e-02
1.948654279112815857e-02
8.694598078727722168e-02
7.371201366186141968e-02
-1.782211065292358398e-01
1.610342562198638916e-01
-6.011158227920532227e-02
-6.854773312807083130e-02
-7.996246963739395142e-02
-7.855144888162612915e-02
-6.670325249433517456e-02
1.324425041675567627e-01
8.756510913372039795e-02
2.329908497631549835e-02
-1.450808253139257431e-02
2.593965455889701843e-02
-4.717158898711204529e-02
1.243712753057479858e-01
-2.806120924651622772e-02
-3.068744391202926636e-02
-1.043342500925064087e-01
-4.575077444314956665e-02
-8.041732013225555420e-02
-1.215543746948242188e-01
-4.804162308573722839e-02
-1.216559559106826782e-01
1.574217155575752258e-02
-1.547053735703229904e-02
-7.455209642648696899e-02
-2.862559631466865540e-02
1.362450700253248215e-02
8.620946854352951050e-02
-7.630921155214309692e-02
-7.408403605222702026e-02
-4.042563587427139282e-02
1.134374886751174927e-01
-5.316898226737976074e-03
-2.072832547128200531e-02
-1.400748491287231445e-01
8.033044636249542236e-02
-1.792328655719757080e-01
-1.596543751657009125e-02
