6.523017305880784988e-03
2.173487655818462372e-02
-1.265187859535217285e-01
1.890447884798049927e-01
3.362514451146125793e-02
1.313904970884323120e-01
2.129388973116874695e-02
-2.341255843639373779e-01
-1.503103971481323242e-01
5.913982540369033813e-02
-4.993378743529319763e-02
-1.929479241371154785e-01
-1.174703016877174377e-01
1.426678430289030075e-02
-6.072428449988365173e-02
3.514873608946800232e-02
-5.709605291485786438e-03
6.398306787014007568e-02
1.874623596668243408e-01
-1.503761559724807739e-01
1.815575920045375824e-02
1.254497319459915161e-01
7.734809070825576782e-02
-1.276835054159164429e-01
-2.344222925603389740e-02
5.929383635520935059e-02
-2.599897095933556557e-03
2.277931664139032364e-03
-3.176413848996162415e-02
1.330120116472244263e-01
3.966437652707099915e-02
1.091716811060905457e-02
-3.683013468980789185e-02
-1.288805156946182251e-02
-4.178163781762123108e-02
-1.011735526844859123e-03
-4.059684649109840393e-02
-4.182950034737586975e-02
-1.212671995162963867e-01
1.129084154963493347e-01
-1.515104249119758606e-02
2.794978767633438110e-02
5.152772739529609680e-02
8.067337796092033386e-03
7.434644550085067749e-02
-4.632214456796646118e-02
4.873814061284065247e-02
-1.448814421892166138e-01
-3.720735013484954834e-02
7.680641859769821167e-02
1.184908375144004822e-01
-1.241064164787530899e-02
-3.072996810078620911e-02
-4.653348401188850403e-02
1.430547833442687988e-01
1.862345635890960693e-01
1.369923502206802368e-01
6.221709027886390686e-02
-3.363834694027900696e-02
-3.025498427450656891e-02
4.273188486695289612e-02
7.826821506023406982e-02
3.796179965138435364e-02
-1.449484974145889282e-01
2.833064645528793335e-03
5.153794959187507629e-02
5.187285318970680237e-02
3.829821571707725525e-02
2.266094274818897247e-02
5.279492586851119995e-02
1.973829865455627441e-01
2.306292578577995300e-02
-1.455708146095275879e-01
-1.278908364474773407e-02
6.129616498947143555e-02
1.084427256137132645e-02
1.165082212537527084e-02
-1.200864911079406738e-01
6.351373344659805298e-02
-4.113187640905380249e-02
6.833641231060028076e-02
-2.969014048576354980e-01
3.256585821509361267e-02
-7.367116212844848633e-02
1.405329722911119461e-02
-2.086936868727207184e-02
-1.988245733082294464e-02
1.731826737523078918e-02
1.392149180173873901e-01
5.540410429239273071e-02
-1.163372248411178589e-01
8.599860593676567078e-03
3.331395855639129877e-04
-1.307814866304397583e-01
2.014015772147104144e-04
-6.538292765617370605e-02
9.898216230794787407e-04
7.492939382791519165e-02
1.251191366463899612e-02
8.517132140696048737e-03
8.397380262613296509e-02
-7.464279420673847198e-03
1.843344978988170624e-02
2.318831533193588257e-01
7.324472069740295410e-02
6.874015182256698608e-02
-8.111284673213958740e-02
3.277454152703285217e-02
-5.299739912152290344e-02
1.609767228364944458e-02
-7.821489125490188599e-02
-4.806331172585487366e-02
3.098265081644058228e-02
-5.839101504534482956e-03
-1.201636716723442078e-01
7.967735640704631805e-03
-5.633572861552238464e-02
-3.163177147507667542e-02
-1.214011311531066895e-01
-8.122424781322479248e-02
-2.027355693280696869e-02
-4.769789986312389374e-03
-6.290200352668762207e-02
1.883188635110855103e-02
-2.208348065614700317e-01
-5.760256573557853699e-02
-1.165059879422187805e-01
-2.672605449333786964e-03
