-1.096849143505096436e-01
-2.851498313248157501e-02
-1.528299450874328613e-01
1.295999437570571899e-01
3.408626839518547058e-02
1.174306198954582214e-01
-1.447500567883253098e-02
-7.222801446914672852e-02
-1.236451342701911926e-01
1.264667809009552002e-01
5.115520954132080078e-02
-1.747624129056930542e-01
-1.252020001411437988e-01
-2.086853235960006714e-02
5.700275069102644920e-04
1.943788863718509674e-02
-5.307178571820259094e-02
-7.374894618988037109e-02
1.978807598352432251e-01
4.117486625909805298e-02
-4.281622916460037231e-02
1.593931764364242554e-01
7.300402224063873291e-02
-4.864249005913734436e-02
-8.632710576057434082e-02
7.751707732677459717e-02
3.297733515501022339e-02
-8.706480264663696289e-02
-1.380300521850585938e-02
-8.309635519981384277e-02
4.295892640948295593e-02
7.892629504203796387e-02
-5.582643672823905945e-02
9.233745746314525604e-03
-1.372560709714889526e-01
2.504649199545383453e-02
2.804948762059211731e-02
3.257698193192481995e-02
-1.480509638786315918e-01
7.474179565906524658e-02
-1.244679465889930725e-01
9.095014631748199463e-02
4.075822606682777405e-02
1.557654887437820435e-01
-1.355097070336341858e-02
9.082640521228313446e-03
-2.585557103157043457e-02
-7.826833426952362061e-02
-2.595665678381919861e-02
3.477634117007255554e-02
1.710058450698852539e-01
5.819894000887870789e-02
-1.268898788839578629e-02
-7.089763134717941284e-02
2.566141635179519653e-02
1.290004700422286987e-01
3.136814385652542114e-02
1.028792485594749451e-01
3.385227918624877930e-02
7.664540410041809082e-02
4.405260086059570312e-02
1.444587856531143188e-01
-6.419880688190460205e-02
-2.542868256568908691e-03
-1.789662055671215057e-02
6.306434422731399536e-02
-2.813855744898319244e-02
1.376320328563451767e-02
1.481751352548599243e-01
2.138521336019039154e-02
2.620359063148498535e-01
-5.540797021239995956e-03
-1.911827027797698975e-01
4.347407817840576172e-02
-8.578059263527393341e-03
-7.199231535196304321e-02
-2.992913499474525452e-02
-8.847265690565109253e-02
3.598430752754211426e-02
-4.124698042869567871e-02
1.396191418170928955e-01
-2.017684876918792725e-01
-4.513526707887649536e-02
-1.179961562156677246e-01
7.822565734386444092e-03
7.156509160995483398e-02
1.656365953385829926e-02
-4.845513030886650085e-02
1.859883964061737061e-01
1.147204637527465820e-01
-1.051537245512008667e-01
2.461585775017738342e-02
-8.729400485754013062e-02
-5.830642953515052795e-02
2.733341231942176819e-02
-4.143771156668663025e-02
1.085655689239501953e-01
1.048614308238029480e-01
-1.995585858821868896e-02
6.516499072313308716e-02
1.518384367227554321e-01
2.956464700400829315e-02
-1.075990572571754456e-01
3.121732734143733978e-02
3.388344869017601013e-02
3.802705928683280945e-02
-7.253188639879226685e-02
8.421012014150619507e-02
-2.213374823331832886e-01
-8.010001853108406067e-03
-1.726025901734828949e-02
-2.064413391053676605e-02
9.634470939636230469e-02
-6.292097270488739014e-02
-8.317633718252182007e-02
7.611533254384994507e-02
-3.343432769179344177e-02
-9.877629578113555908e-02
-3.032324276864528656e-02
3.432792797684669495e-02
-5.139828845858573914e-02
5.782218277454376221e-02
-1.608331128954887390e-02
4.257038980722427368e-02
-1.389014273881912231e-01
-7.978060096502304077e-02
-5.529548227787017822e-02
-7.343062199652194977e-03
