-4.499670490622520447e-02
8.370684459805488586e-03
1.843659952282905579e-02
1.138006746768951416e-01
-9.286298602819442749e-02
-3.297043591737747192e-02
1.603649929165840149e-02
-1.187518015503883362e-01
-1.835094094276428223e-01
-1.402398943901062012e-01
1.093103457242250443e-02
-2.564693056046962738e-02
-7.026910781860351562e-02
-6.428067386150360107e-02
-2.679524570703506470e-02
-1.516741141676902771e-02
-9.030561149120330811e-02
4.259436950087547302e-02
-2.182613825425505638e-03
-1.399088650941848755e-01
-1.234584823250770569e-01
7.994534075260162354e-02
3.677899017930030823e-02
-7.010110467672348022e-02
-8.861961960792541504e-02
1.185036078095436096e-01
-7.904649525880813599e-02
-1.724932156503200531e-02
4.015994071960449219e-02
-2.657074853777885437e-02
1.142214685678482056e-01
-1.877455413341522217e-02
1.841192245483398438e-01
-5.123841762542724609e-02
2.516446076333522797e-02
7.256473600864410400e-02
-2.775708027184009552e-02
-1.770710945129394531e-01
-5.119831487536430359e-02
1.512266397476196289e-01
-1.184165924787521362e-01
-5.529712140560150146e-02
-7.419460266828536987e-02
4.938424006104469299e-02
7.949399948120117188e-02
1.322050485759973526e-02
7.179491221904754639e-02
-7.250377675518393517e-04
7.427361607551574707e-02
1.202934831380844116e-01
3.146297335624694824e-01
1.891789957880973816e-02
-5.966995283961296082e-02
-9.425456821918487549e-02
4.628062248229980469e-02
-7.108692545443773270e-03
-3.970562666654586792e-02
2.981887757778167725e-02
4.841181635856628418e-02
3.626781050115823746e-03
3.908379748463630676e-02
-4.431675001978874207e-02
-4.150693491101264954e-02
-3.121769428253173828e-02
8.807328529655933380e-03
4.914847388863563538e-02
-4.855770990252494812e-02
8.741177618503570557e-03
6.648776680231094360e-02
5.105269700288772583e-02
2.291812896728515625e-01
5.609557405114173889e-02
-6.615617126226425171e-02
1.756864339113235474e-01
1.283919215202331543e-01
-1.092463880777359009e-01
-5.273213982582092285e-02
-2.485546283423900604e-02
4.606682434678077698e-02
-1.143913790583610535e-01
1.399615854024887085e-01
-1.299793422222137451e-01
-9.637294709682464600e-02
-1.499416828155517578e-01
6.458143144845962524e-02
2.789700962603092194e-02
-7.783399522304534912e-02
2.824945002794265747e-02
6.853612512350082397e-02
-4.810514673590660095e-02
-1.341253221035003662e-01
2.380677163600921631e-01
-4.269737005233764648e-02
-2.523937448859214783e-02
-9.761294722557067871e-02
-3.381115943193435669e-02
7.716088742017745972e-02
2.016374282538890839e-02
8.379282802343368530e-02
-7.067847996950149536e-02
-3.256358206272125244e-03
-1.457851678133010864e-01
-2.938250312581658363e-03
6.904591619968414307e-02
-1.072474056854844093e-03
-5.233620107173919678e-02
-5.403822287917137146e-02
-1.390442699193954468e-01
-2.374260127544403076e-01
2.139184623956680298e-02
4.816324915736913681e-03
3.155491501092910767e-02
6.088712811470031738e-02
3.479520231485366821e-02
5.430511198937892914e-03
1.235423260368406773e-03
-9.631568193435668945e-02
-9.205511212348937988e-02
-8.566536009311676025e-03
-6.629861891269683838e-02
-3.075878508388996124e-02
1.977994665503501892e-02
-2.859817259013652802e-02
2.172821387648582458e-02
-1.191948354244232178e-01
-4.068966954946517944e-02
-1.821080967783927917e-02
1.228434741497039795e-01
