-2.606595866382122040e-02
-1.623854041099548340e-02
-6.004961952567100525e-02
1.092701256275177002e-01
6.542130373418331146e-03
1.545584499835968018e-01
-1.843560673296451569e-02
-1.698447018861770630e-01
-1.876711994409561157e-01
6.829443573951721191e-02
4.624295234680175781e-02
-2.357873320579528809e-01
-7.901114225387573242e-02
-1.391014084219932556e-02
3.165698796510696411e-02
-4.490893334150314331e-02
-7.147553563117980957e-02
-1.573587208986282349e-02
1.037625446915626526e-01
-1.735304668545722961e-02
-1.587386280298233032e-01
2.043818086385726929e-01
9.468498080968856812e-02
-6.786332279443740845e-02
-7.712478190660476685e-02
1.490228925831615925e-03
-8.778901770710945129e-03
8.803281001746654510e-03
1.812224648892879486e-02
1.031074225902557373e-01
1.663508266210556030e-02
3.568810597062110901e-02
2.588591910898685455e-02
3.703180700540542603e-02
-8.509888499975204468e-02
1.028846576809883118e-01
-1.116312891244888306e-01
6.615309417247772217e-02
-1.478227227926254272e-01
1.156010925769805908e-01
-6.642397493124008179e-02
-9.840979427099227905e-02
-3.991226106882095337e-02
8.821897208690643311e-02
2.944537810981273651e-02
-5.422271415591239929e-02
6.828289479017257690e-02
-1.537906378507614136e-01
6.745599955320358276e-02
1.232921555638313293e-01
1.259805411100387573e-01
-2.138022147119045258e-02
-2.041171491146087646e-02
-4.754374176263809204e-02
8.880219538696110249e-04
1.625425368547439575e-01
9.519357234239578247e-02
1.390097141265869141e-01
-2.458946220576763153e-02
2.117876522243022919e-02
-9.607889223843812943e-04
1.222286298871040344e-01
-1.151922345161437988e-01
4.543232545256614685e-02
1.333117950707674026e-02
1.579905301332473755e-01
-5.521275475621223450e-02
6.870400905609130859e-02
1.735859736800193787e-02
8.319295942783355713e-02
2.096743136644363403e-01
6.705641746520996094e-02
-3.437720611691474915e-02
-2.318236976861953735e-02
-4.557484015822410583e-02
-1.739027723670005798e-02
5.491870921105146408e-03
-4.878019168972969055e-02
9.239946305751800537e-02
-6.209577992558479309e-02
1.191032007336616516e-01
-2.037716060876846313e-01
-7.108497619628906250e-02
-1.109803840517997742e-01
9.836393594741821289e-02
-9.388720989227294922e-02
3.275573626160621643e-02
-1.198726706206798553e-02
1.677582859992980957e-01
1.388594508171081543e-01
-1.611095517873764038e-01
1.470845490694046021e-01
-8.708959817886352539e-02
5.446213763207197189e-03
-5.020393803715705872e-02
-1.014430522918701172e-01
-6.350238621234893799e-02
9.618375450372695923e-02
6.920643150806427002e-02
7.118614017963409424e-02
7.667139917612075806e-02
3.773938119411468506e-02
-7.594713568687438965e-02
5.735735222697257996e-02
4.730514809489250183e-02
3.420385345816612244e-02
-1.797295175492763519e-02
5.920249968767166138e-03
-8.247654885053634644e-02
-1.900062523782253265e-02
-9.648894518613815308e-02
-5.103521794080734253e-02
2.710713073611259460e-02
-5.377567186951637268e-02
-1.431866642087697983e-02
-8.015662431716918945e-03
-8.149667829275131226e-02
-2.659845352172851562e-02
-2.982695959508419037e-02
-5.279137566685676575e-02
-1.674212887883186340e-02
1.266581416130065918e-01
-3.058710694313049316e-02
-3.987450152635574341e-02
-1.604876667261123657e-01
6.891040503978729248e-02
-1.133615002036094666e-01
1.209124643355607986e-02
