-1.934091188013553619e-02
-4.536368325352668762e-02
-7.712467759847640991e-02
5.456146225333213806e-02
-4.002843052148818970e-02
2.250602468848228455e-02
-6.483209133148193359e-02
1.225681393407285213e-03
-1.776366233825683594e-01
2.439524978399276733e-02
-8.117164671421051025e-02
-1.113502979278564453e-01
7.289444562047719955e-03
-4.872808232903480530e-02
9.520308673381805420e-02
6.745524704456329346e-02
-8.539747446775436401e-03
-1.385926455259323120e-01
1.364302337169647217e-01
-3.130496293306350708e-02
-1.840834468603134155e-01
1.882999241352081299e-01
2.279230952262878418e-02
-4.857528209686279297e-02
2.216103672981262207e-02
8.658488094806671143e-02
5.735573545098304749e-02
-6.345181167125701904e-02
1.299937218427658081e-01
7.453446835279464722e-02
-8.437683805823326111e-03
1.275043934583663940e-01
-6.491400301456451416e-02
-1.355511248111724854e-01
-1.428820341825485229e-01
1.669271290302276611e-02
7.286641001701354980e-02
5.473738163709640503e-02
8.029090613126754761e-02
2.529184520244598389e-02
-3.910032287240028381e-02
-2.460648678243160248e-02
-3.618396818637847900e-02
1.779094338417053223e-01
-1.150634735822677612e-01
8.622414432466030121e-03
3.185862302780151367e-02
-1.267990171909332275e-01
2.517052739858627319e-02
1.904085092246532440e-02
8.266774564981460571e-02
9.386903792619705200e-02
-1.215138286352157593e-02
-5.306519195437431335e-02
4.204371571540832520e-02
1.023245789110660553e-02
2.119114156812429428e-03
9.579802304506301880e-02
1.919866502285003662e-01
1.257931739091873169e-01
-4.500118270516395569e-02
1.393490880727767944e-01
-1.243803426623344421e-01
-1.720102690160274506e-02
5.150248855352401733e-02
-3.069034963846206665e-02
-7.925707101821899414e-02
-6.101657822728157043e-02
1.399588137865066528e-01
3.944798931479454041e-02
1.158974543213844299e-01
-9.136047959327697754e-02
-1.861692816019058228e-01
-4.700002074241638184e-02
9.570360928773880005e-02
-1.116528883576393127e-01
-1.311333924531936646e-01
-7.745838910341262817e-02
-2.963330969214439392e-02
1.329624559730291367e-02
1.132656484842300415e-01
-1.087883636355400085e-01
-1.486215442419052124e-01
-1.117892190814018250e-01
-5.332657322287559509e-02
9.305401891469955444e-02
-1.563710868358612061e-01
-1.265989243984222412e-01
5.865724012255668640e-02
7.633755356073379517e-02
-2.563888579607009888e-02
3.612526506185531616e-02
1.891181990504264832e-02
-8.467897027730941772e-02
-8.565863966941833496e-02
-6.770303100347518921e-02
8.554377406835556030e-02
1.327922195196151733e-01
-1.450510974973440170e-02
7.831096649169921875e-02
7.418816536664962769e-02
5.660241004079580307e-03
-5.537032708525657654e-02
9.415084123611450195e-02
1.187504753470420837e-01
1.260464936494827271e-01
-5.777854099869728088e-02
4.028483480215072632e-02
-2.367463260889053345e-01
-5.499771609902381897e-02
7.245331257581710815e-02
-3.505472466349601746e-02
1.151814982295036316e-01
-8.226399868726730347e-02
-1.327644884586334229e-01
1.236345395445823669e-01
5.563192814588546753e-02
-1.011888980865478516e-01
-1.026656758040189743e-02
3.714112564921379089e-02
-2.395863458514213562e-02
3.419041633605957031e-02
-4.860734101384878159e-03
1.268507540225982666e-02
-3.081407770514488220e-02
-5.022107437252998352e-02
2.556673809885978699e-02
3.131904825568199158e-02
