-1.007223501801490784e-01
-1.129090264439582825e-01
-1.720049083232879639e-01
8.092294633388519287e-02
6.996567547321319580e-02
6.407102942466735840e-02
-7.808514684438705444e-02
-5.287801474332809448e-02
-4.965667426586151123e-02
-4.883332177996635437e-02
-6.336091458797454834e-02
-7.773589342832565308e-02
-1.372082531452178955e-01
-1.190022602677345276e-01
-1.641838997602462769e-02
1.332173310220241547e-02
-7.137817889451980591e-02
-9.351625293493270874e-02
1.038781553506851196e-01
5.973014608025550842e-02
-9.729427099227905273e-02
2.041286975145339966e-01
-8.666030317544937134e-02
-1.126634180545806885e-01
-5.487013235688209534e-02
1.163349673151969910e-01
1.323346793651580811e-01
-1.289455741643905640e-01
-1.532882545143365860e-02
5.132354050874710083e-02
1.030246838927268982e-01
7.458890229463577271e-02
-1.228961534798145294e-02
-7.872521877288818359e-02
-8.773674815893173218e-02
-3.854933753609657288e-02
6.089994218200445175e-03
1.321480870246887207e-01
-1.135859414935112000e-01
1.142832264304161072e-02
-1.377063691616058350e-01
-5.581393837928771973e-02
-2.824919857084751129e-02
1.158121675252914429e-01
-1.162147745490074158e-01
6.075111217796802521e-03
-2.096490934491157532e-02
-4.306421428918838501e-02
-6.826864928007125854e-02
-7.642126828432083130e-02
5.039976164698600769e-02
-1.279211509972810745e-02
6.089215632528066635e-03
7.946074753999710083e-02
4.964184388518333435e-02
8.133064955472946167e-02
8.987809717655181885e-02
9.661250561475753784e-02
1.076809391379356384e-01
-1.128734555095434189e-03
2.525888010859489441e-02
1.814688742160797119e-01
-1.215826570987701416e-01
4.789056256413459778e-03
7.787597365677356720e-03
1.315558981150388718e-02
5.247516557574272156e-02
2.479682676494121552e-02
2.195284068584442139e-01
2.371222339570522308e-02
4.212783277034759521e-02
-1.999771408736705780e-02
-1.081458479166030884e-01
8.979104459285736084e-02
5.605202168226242065e-02
-1.372732520103454590e-01
2.598369307816028595e-02
-8.849250525236129761e-02
6.102881859987974167e-03
-1.298055350780487061e-01
1.215472817420959473e-01
-9.759745001792907715e-02
-6.205853819847106934e-02
-9.469194710254669189e-02
-6.764063239097595215e-02
6.525175273418426514e-02
-6.447219103574752808e-02
-5.456596612930297852e-02
8.683393150568008423e-02
1.483767181634902954e-01
4.662913735955953598e-03
9.478875994682312012e-02
-4.248733818531036377e-02
-5.664232000708580017e-02
-7.234902679920196533e-02
-9.577969461679458618e-02
6.170011684298515320e-02
6.083554401993751526e-02
4.058399051427841187e-02
8.710084855556488037e-02
9.077554941177368164e-02
6.569853425025939941e-02
-1.501575559377670288e-01
4.552751034498214722e-02
4.849248379468917847e-02
1.154489889740943909e-01
-1.308557242155075073e-01
3.925915434956550598e-02
-1.885047703981399536e-01
8.583112806081771851e-02
4.460731521248817444e-02
6.288910657167434692e-02
1.135615780949592590e-01
-7.165751606225967407e-02
-2.032428532838821411e-01
5.691958218812942505e-02
-1.175288036465644836e-01
-2.167840488255023956e-02
-7.280496507883071899e-02
6.965514272451400757e-02
8.960368111729621887e-03
6.717603653669357300e-02
-6.154267862439155579e-02
6.468335539102554321e-02
-1.299186199903488159e-01
-1.175578236579895020e-01
1.182059384882450104e-02
-3.161547705531120300e-02
