-1.072526723146438599e-01
-1.255103796720504761e-01
-1.376952379941940308e-01
4.332666471600532532e-02
4.860644042491912842e-02
-1.645503193140029907e-02
-5.827682092785835266e-02
-1.671613566577434540e-02
-4.240206629037857056e-02
5.889490246772766113e-02
3.093563206493854523e-02
-4.106722399592399597e-02
-1.371605992317199707e-01
-8.684705942869186401e-02
5.434472113847732544e-02
3.828607127070426941e-02
-6.415687501430511475e-02
2.906094864010810852e-02
8.904946595430374146e-02
2.061285777017474174e-03
-1.389109939336776733e-01
9.428610652685165405e-02
-5.227628722786903381e-02
5.794465914368629456e-02
-5.333816632628440857e-02
1.221598014235496521e-01
9.339229762554168701e-02
-1.267899125814437866e-01
-5.426454171538352966e-02
1.929419464431703091e-03
2.177120894193649292e-01
1.082183867692947388e-01
8.430079370737075806e-02
-1.361108124256134033e-01
-8.503662794828414917e-02
-5.552276223897933960e-02
-1.395790651440620422e-02
9.328988939523696899e-02
2.724406681954860687e-02
2.877649851143360138e-02
-9.546611458063125610e-02
-1.228369101881980896e-01
-3.700647130608558655e-02
1.494843810796737671e-01
-1.022480577230453491e-01
4.826133698225021362e-02
-1.368480175733566284e-01
5.432718247175216675e-02
-3.426467254757881165e-02
-2.160370722413063049e-02
2.009090930223464966e-01
1.456587016582489014e-01
1.032851636409759521e-02
-1.547017414122819901e-02
1.701812446117401123e-02
-4.442916810512542725e-02
8.933679759502410889e-02
1.847015470266342163e-01
1.917449831962585449e-01
1.237908154726028442e-01
-8.438754826784133911e-02
1.137552484869956970e-01
-1.213639527559280396e-01
4.398507997393608093e-02
-1.509316381998360157e-03
7.566019892692565918e-02
4.241202026605606079e-02
-1.215837243944406509e-02
1.665409952402114868e-01
7.863529026508331299e-02
1.189576089382171631e-01
-1.066624745726585388e-02
-5.170120671391487122e-02
7.107156515121459961e-02
5.137100815773010254e-02
-1.721544712781906128e-01
-6.369731575250625610e-02
-5.255832523107528687e-02
-8.844300359487533569e-02
-3.238479793071746826e-02
1.228335425257682800e-01
-3.616806864738464355e-02
-1.597774922847747803e-01
-1.055553033947944641e-01
-5.076206289231777191e-03
2.815018035471439362e-02
-1.160546615719795227e-01
-1.346766054630279541e-01
1.919909380376338959e-02
6.224168464541435242e-03
3.335889056324958801e-02
1.539202481508255005e-01
-9.916499257087707520e-02
-6.666991859674453735e-02
-9.326479583978652954e-02
-4.989986121654510498e-02
1.096901670098304749e-01
1.028174757957458496e-01
-4.264611750841140747e-02
2.615923248231410980e-02
1.226618960499763489e-01
5.948339775204658508e-02
-6.272158771753311157e-02
8.832257986068725586e-02
8.764209598302841187e-02
9.973695874214172363e-02
-6.759908795356750488e-02
-4.547577723860740662e-02
-1.348933726549148560e-01
7.911343709565699100e-04
1.222097501158714294e-01
1.599709503352642059e-02
6.809132546186447144e-02
-5.913081020116806030e-02
-4.311294108629226685e-02
5.101030692458152771e-02
1.721621677279472351e-02
-6.473103165626525879e-02
-6.764365732669830322e-02
5.366604402661323547e-02
-3.722252324223518372e-02
1.241141036152839661e-01
-1.001044064760208130e-01
3.693365678191184998e-02
-9.046830981969833374e-02
-1.886849291622638702e-02
-9.513525292277336121e-03
8.625342696905136108e-02
