-4.092596098780632019e-02
-7.288597524166107178e-02
1.416392531245946884e-02
1.956069469451904297e-01
-2.832364290952682495e-02
1.314531117677688599e-01
9.535569697618484497e-02
-1.121167391538619995e-01
-2.628677189350128174e-01
-3.027129359543323517e-02
4.678968340158462524e-02
-1.085414364933967590e-01
-1.814513802528381348e-01
3.040052019059658051e-02
3.835930675268173218e-02
4.680983349680900574e-02
7.412449270486831665e-02
4.395797383040189743e-03
8.466178923845291138e-02
-1.419775485992431641e-01
-6.207333877682685852e-02
2.809310145676136017e-02
3.516814857721328735e-02
-2.293681539595127106e-02
-6.264159083366394043e-02
-2.219724236056208611e-03
-4.501431435346603394e-02
2.786479331552982330e-02
8.890941739082336426e-02
1.140428781509399414e-01
7.669422030448913574e-02
-3.254581987857818604e-02
1.095377057790756226e-01
7.746125757694244385e-02
2.584481611847877502e-02
6.568593531847000122e-02
-5.272625386714935303e-02
2.383015304803848267e-02
-1.197149530053138733e-01
1.882735937833786011e-01
-6.460063159465789795e-02
-1.685756258666515350e-02
1.150572858750820160e-02
3.645345568656921387e-02
-1.386733911931514740e-02
2.200391516089439392e-02
3.975811228156089783e-02
-8.720153570175170898e-02
5.064636468887329102e-02
1.147589609026908875e-01
7.192490249872207642e-02
-7.898090779781341553e-02
-1.146544516086578369e-01
4.943058639764785767e-02
1.530949771404266357e-01
-3.335547400638461113e-03
7.564019411802291870e-02
5.493672192096710205e-02
1.416158955544233322e-02
-1.671240478754043579e-02
1.553150545805692673e-02
1.497637927532196045e-01
5.024459213018417358e-02
3.248864039778709412e-02
1.052683815360069275e-01
1.298173367977142334e-01
-1.353994570672512054e-02
-1.225203182548284531e-02
2.465195208787918091e-02
5.720512568950653076e-02
1.613427847623825073e-01
6.703173369169235229e-02
-1.383661478757858276e-01
-1.764690503478050232e-02
1.052987873554229736e-01
7.549365516752004623e-03
-2.385897748172283173e-02
8.885007351636886597e-02
4.861127119511365891e-03
-1.009368896484375000e-01
2.229547053575515747e-01
-1.600176542997360229e-01
-1.542027145624160767e-01
-9.705557674169540405e-02
6.335230916738510132e-02
9.242533892393112183e-02
6.600216031074523926e-02
2.745581790804862976e-02
6.820773333311080933e-02
-3.594572842121124268e-02
-1.876600831747055054e-01
9.591314941644668579e-02
-5.233918502926826477e-02
-4.221967607736587524e-02
-1.162343397736549377e-01
-1.016023233532905579e-01
-7.856299728155136108e-02
1.164969131350517273e-01
1.302902847528457642e-01
-9.035033732652664185e-02
2.385024912655353546e-02
-1.068921983242034912e-01
2.723988704383373260e-02
3.558330982923507690e-02
1.158756613731384277e-01
1.703456975519657135e-02
6.339895725250244141e-02
-9.606777131557464600e-02
-1.296768486499786377e-01
6.975039839744567871e-03
-8.745133131742477417e-02
-7.016221433877944946e-02
1.217006705701351166e-02
1.840247772634029388e-02
-1.069777607917785645e-01
-4.338101670145988464e-02
-1.184898838400840759e-01
-1.234857812523841858e-01
-4.454834386706352234e-02
2.659529633820056915e-02
5.041775852441787720e-02
2.264731563627719879e-02
-6.006188690662384033e-02
-1.218864601105451584e-02
-1.646826416254043579e-01
2.190819196403026581e-02
-5.490402877330780029e-02
-1.029014214873313904e-01
