-1.190944686532020569e-01
-6.307234615087509155e-02
-1.390808373689651489e-01
-6.227814592421054840e-03
2.215785160660743713e-02
5.569302663207054138e-02
-7.341351360082626343e-02
4.146040230989456177e-02
-7.143831253051757812e-02
-6.944495718926191330e-03
-6.490335613489151001e-02
3.538905084133148193e-02
-1.142206713557243347e-01
-5.560343340039253235e-02
-5.846208892762660980e-03
3.370826691389083862e-02
-1.694238977506756783e-03
1.208375021815299988e-02
3.657452762126922607e-02
-1.279756426811218262e-02
-1.141390763223171234e-02
2.080112099647521973e-01
-8.289018645882606506e-03
-1.042254418134689331e-01
-8.581186830997467041e-02
1.667605042457580566e-01
9.755427390336990356e-02
-1.233865544199943542e-01
6.034030113369226456e-03
4.755482077598571777e-02
1.731542050838470459e-01
6.074851751327514648e-02
6.737262010574340820e-02
-7.867521792650222778e-02
-1.483482867479324341e-01
-1.145586743950843811e-01
-1.180178578943014145e-02
3.298770636320114136e-02
-3.552712500095367432e-02
7.237717974931001663e-03
-1.560622155666351318e-01
-1.644527912139892578e-01
1.048050727695226669e-02
1.312858909368515015e-01
-4.204251244664192200e-02
-4.479865357279777527e-02
-7.767567783594131470e-02
2.682379074394702911e-02
-1.549695432186126709e-02
-9.052601456642150879e-02
1.250880509614944458e-01
7.030020654201507568e-02
1.017960309982299805e-01
-2.615912631154060364e-02
1.321527212858200073e-01
6.050386000424623489e-03
1.054168716073036194e-01
1.001775041222572327e-01
1.024698242545127869e-01
1.076863408088684082e-01
2.471713535487651825e-02
1.560685932636260986e-01
-5.139616876840591431e-02
7.086186110973358154e-02
-6.882996857166290283e-02
-7.028833031654357910e-02
6.795424222946166992e-02
1.048697456717491150e-01
1.418054550886154175e-01
4.159092903137207031e-02
7.779018580913543701e-02
-7.168241590261459351e-02
-8.028852194547653198e-02
1.520694941282272339e-01
1.174460351467132568e-01
-1.630443632602691650e-01
-4.774768836796283722e-03
-1.220704913139343262e-01
2.735298499464988708e-02
-1.235233992338180542e-01
6.101371720433235168e-02
-4.065669327974319458e-02
-1.164144352078437805e-01
-7.883732765913009644e-02
-6.629890203475952148e-02
1.898061484098434448e-02
-1.608103215694427490e-01
-3.093322925269603729e-02
4.729971988126635551e-04
6.804138422012329102e-02
8.644372224807739258e-03
1.185931563377380371e-01
-1.406886726617813110e-01
-1.447167396545410156e-01
-6.104936450719833374e-02
-1.530650109052658081e-01
5.855689570307731628e-02
2.938956767320632935e-02
-2.013750746846199036e-02
9.326778352260589600e-02
8.008063584566116333e-02
1.271435152739286423e-02
-1.185417324304580688e-01
1.014800220727920532e-01
1.008548866957426071e-02
6.098414212465286255e-02
-9.804567694664001465e-02
-3.363187983632087708e-02
-8.391463011503219604e-02
-3.447246504947543144e-03
7.814933359622955322e-02
7.566388696432113647e-02
1.464567631483078003e-01
-1.660849340260028839e-02
-1.694383919239044189e-01
1.957309618592262268e-02
-8.820832520723342896e-02
-1.222531273961067200e-01
-7.134594023227691650e-02
1.241120100021362305e-01
8.860164880752563477e-02
6.108734011650085449e-02
-5.639804154634475708e-02
5.989143624901771545e-02
-7.579002529382705688e-02
-8.318755030632019043e-02
-6.244503892958164215e-03
7.348134368658065796e-02
