-2.926580607891082764e-02
-5.131946131587028503e-02
-1.816176995635032654e-02
1.921916455030441284e-01
-1.577931642532348633e-01
9.525588154792785645e-02
-2.568897046148777008e-02
-1.411206871271133423e-01
-1.868172883987426758e-01
1.241112723946571350e-01
-1.111952736973762512e-01
-1.476349681615829468e-01
1.696891710162162781e-02
-2.359527908265590668e-02
8.863269537687301636e-02
7.858694344758987427e-02
5.436634644865989685e-02
-8.243300952017307281e-03
1.143412292003631592e-01
-7.900827378034591675e-02
2.593930251896381378e-02
1.089591979980468750e-01
1.260575354099273682e-01
4.546537250280380249e-02
-1.027355268597602844e-01
2.294127456843852997e-02
-1.284666359424591064e-02
-2.982485806569457054e-03
9.269858896732330322e-02
8.013340085744857788e-02
6.167842447757720947e-02
-2.921884320676326752e-02
1.236655842512845993e-02
2.603324828669428825e-03
-3.230067715048789978e-02
1.357806622982025146e-01
-5.725627392530441284e-02
3.697001934051513672e-02
-1.381165385246276855e-01
1.930319815874099731e-01
-1.328341104090213776e-02
-2.927173487842082977e-02
-9.679822623729705811e-02
1.008071750402450562e-01
-1.018647179007530212e-01
-1.115586161613464355e-01
-3.787651658058166504e-02
-7.793601602315902710e-02
9.713708609342575073e-02
7.400954514741897583e-02
2.030115276575088501e-01
-3.385946899652481079e-02
-8.603790402412414551e-02
2.356212399899959564e-02
1.089335605502128601e-01
4.990847408771514893e-02
9.164188802242279053e-02
3.144960477948188782e-02
-2.271954901516437531e-02
3.470747917890548706e-02
-5.383180454373359680e-02
1.100944429636001587e-01
-7.238004356622695923e-02
3.123393468558788300e-02
5.089095979928970337e-02
1.049266383051872253e-01
-6.238770857453346252e-02
3.783178748562932014e-03
6.315303593873977661e-02
-1.580118574202060699e-02
2.154538184404373169e-01
4.019371047616004944e-02
-1.168506126850843430e-02
-5.245264247059822083e-02
1.257105544209480286e-02
-6.227038055658340454e-02
-1.981211826205253601e-03
2.479644119739532471e-02
-2.209408953785896301e-02
-7.806140929460525513e-02
9.236544370651245117e-02
-2.195005416870117188e-01
-6.451261788606643677e-02
1.446259953081607819e-02
7.054583728313446045e-02
5.982884764671325684e-02
-6.545672565698623657e-02
-7.323644310235977173e-02
1.155452355742454529e-01
9.017708897590637207e-02
-1.407105326652526855e-01
1.163812950253486633e-01
-2.192895673215389252e-02
-6.792536377906799316e-02
-5.830761045217514038e-02
-1.313617676496505737e-01
-3.021765314042568207e-02
2.449851483106613159e-03
1.475377827882766724e-01
4.484842345118522644e-02
2.207448706030845642e-02
2.893984876573085785e-02
-1.999839209020137787e-02
1.196217611432075500e-01
6.648445129394531250e-02
-2.165897935628890991e-02
8.662260323762893677e-02
-9.571138769388198853e-02
-2.722510993480682373e-01
-8.675284683704376221e-02
-1.169948801398277283e-01
1.513062883168458939e-02
1.534830331802368164e-01
-2.093440853059291840e-03
-4.920899495482444763e-02
3.287552669644355774e-02
-8.354169130325317383e-02
2.396016381680965424e-02
6.520041823387145996e-02
-2.055418118834495544e-02
6.136892363429069519e-02
3.757655248045921326e-02
-2.451473474502563477e-02
1.774856634438037872e-02
-1.121146604418754578e-01
9.356598556041717529e-02
-9.840547293424606323e-02
1.126673817634582520e-02
