-7.422835379838943481e-02
-1.905872672796249390e-02
-9.158173203468322754e-02
1.774539351463317871e-01
6.821274757385253906e-02
1.423248350620269775e-01
-2.106954716145992279e-02
-1.615147292613983154e-01
-2.103018462657928467e-01
1.093246042728424072e-02
-9.617649763822555542e-02
-1.397876590490341187e-01
-5.500947311520576477e-02
1.203550491482019424e-02
-8.178498595952987671e-02
-9.514240920543670654e-02
-6.863902509212493896e-02
6.197625026106834412e-02
8.475020295009016991e-04
1.413025986403226852e-02
-1.213055327534675598e-01
1.334317624568939209e-01
6.111172214150428772e-02
-1.537188887596130371e-01
-8.222860842943191528e-02
8.085711859166622162e-03
-4.004922509193420410e-02
-1.533319149166345596e-02
-3.170571103692054749e-02
9.128361940383911133e-02
3.959635645151138306e-02
7.081507146358489990e-02
7.581074256449937820e-03
3.088834136724472046e-02
-1.627274900674819946e-01
5.392961949110031128e-02
-9.792871773242950439e-02
6.353394687175750732e-02
-1.398684382438659668e-01
6.408735364675521851e-02
-5.060278251767158508e-02
-1.521861106157302856e-01
1.182155590504407883e-02
3.838299540802836418e-03
2.537814714014530182e-02
-6.874824315309524536e-02
-7.062838226556777954e-02
-1.130292788147926331e-01
6.159378960728645325e-02
9.292144328355789185e-02
8.723311126232147217e-02
1.854353770613670349e-02
4.420642927289009094e-02
1.338408514857292175e-02
5.892734602093696594e-02
1.594274044036865234e-01
1.025205627083778381e-01
1.186945959925651550e-01
2.673864364624023438e-02
-2.823311835527420044e-02
3.943518921732902527e-02
1.900248080492019653e-01
1.956637948751449585e-02
3.288868069648742676e-02
-4.815259203314781189e-02
1.525625735521316528e-01
-9.794387035071849823e-03
-1.904256641864776611e-02
2.169688232243061066e-02
9.629082679748535156e-02
1.468335092067718506e-01
-1.412362512201070786e-02
5.789511278271675110e-02
4.750355705618858337e-02
1.118526887148618698e-02
1.612522639334201813e-02
5.966981127858161926e-02
-9.034810960292816162e-02
9.064785391092300415e-02
-1.059247627854347229e-01
1.487455964088439941e-01
-1.777142435312271118e-01
-6.019850447773933411e-02
-7.388200610876083374e-02
1.108185201883316040e-01
-1.240925788879394531e-01
-3.726831451058387756e-02
1.645036228001117706e-02
1.645211279392242432e-01
1.913583129644393921e-01
-1.311488300561904907e-01
1.016942784190177917e-01
-1.923730410635471344e-02
-6.146938726305961609e-02
-1.131400000303983688e-02
-1.524751354008913040e-02
-4.705724865198135376e-02
6.861145049333572388e-02
9.790029376745223999e-02
6.805253028869628906e-02
-1.835037395358085632e-02
9.606926143169403076e-02
-8.816077560186386108e-02
1.404349952936172485e-01
-1.005083508789539337e-02
2.754255384206771851e-02
-6.619115173816680908e-02
-2.048016525804996490e-02
-1.962895505130290985e-02
-1.257656067609786987e-01
-5.415995046496391296e-02
-2.957843244075775146e-02
-2.582946605980396271e-02
-9.837306290864944458e-02
-1.218942403793334961e-01
-2.111119590699672699e-02
-1.357052382081747055e-02
-8.781326562166213989e-02
-1.451033055782318115e-01
-6.219933554530143738e-02
-3.345867991447448730e-02
1.310739666223526001e-01
8.870957046747207642e-02
-5.024793371558189392e-02
-1.260315924882888794e-01
-3.038391470909118652e-02
-1.173116043210029602e-01
-3.620292991399765015e-03
