-1.119159609079360962e-01
-5.875314027070999146e-02
-5.481670051813125610e-02
9.062604606151580811e-02
2.375204116106033325e-03
9.847115725278854370e-02
-1.471387594938278198e-01
-7.166068255901336670e-02
-2.152443379163742065e-01
-4.352597892284393311e-02
1.162647083401679993e-02
-8.280654251575469971e-02
-2.789143100380897522e-02
2.620633132755756378e-02
4.244434181600809097e-03
-7.087399810552597046e-02
-8.544547110795974731e-02
-1.304346472024917603e-01
-5.613385140895843506e-02
4.419922456145286560e-02
-8.833194524049758911e-02
1.702921986579895020e-01
1.791352033615112305e-02
-1.191331446170806885e-01
-1.698354333639144897e-01
1.689902693033218384e-01
4.074484482407569885e-02
-4.545072093605995178e-02
-1.396011281758546829e-02
6.200525537133216858e-02
1.759816557168960571e-01
-4.549705423414707184e-03
-7.423207629472017288e-03
-7.161179929971694946e-02
-1.013155281543731689e-01
6.729031354188919067e-02
-8.265676349401473999e-02
4.161297157406806946e-02
-4.193895310163497925e-02
1.142276600003242493e-01
-1.093151792883872986e-01
-6.461184471845626831e-02
-1.171934753656387329e-01
1.121892780065536499e-01
-5.746745318174362183e-02
-4.289340972900390625e-02
-1.560801081359386444e-02
-3.182635456323623657e-02
7.121230661869049072e-02
3.552545094862580299e-04
2.544642984867095947e-01
-3.071858175098896027e-02
-2.196213696151971817e-03
3.915913403034210205e-02
2.894794195890426636e-02
5.109793692827224731e-02
5.334802903234958649e-03
8.220656216144561768e-02
4.004331771284341812e-03
-4.045677930116653442e-02
-3.685015439987182617e-02
1.240000128746032715e-01
-4.927771911025047302e-02
1.034504473209381104e-01
-1.045592501759529114e-01
-1.218199543654918671e-02
4.952481016516685486e-02
9.788939356803894043e-02
1.201118454337120056e-01
5.800240114331245422e-02
2.814025431871414185e-02
2.843544818460941315e-02
-1.818853616714477539e-02
8.009780943393707275e-02
1.098843961954116821e-01
-1.072649210691452026e-01
8.725348860025405884e-02
-1.220791935920715332e-01
3.209957852959632874e-02
-1.164459288120269775e-01
1.214425191283226013e-01
-1.420865803956985474e-01
-5.658565834164619446e-02
-1.943932659924030304e-02
2.272129990160465240e-02
2.236511558294296265e-02
-1.134731173515319824e-01
2.708739601075649261e-03
1.458709090948104858e-01
1.999055407941341400e-02
-1.042345240712165833e-01
-4.716543015092611313e-03
-1.110613718628883362e-01
-1.965348571538925171e-01
-4.468418657779693604e-02
-2.208243906497955322e-01
6.536224484443664551e-02
-2.627200447022914886e-02
2.529075928032398224e-02
4.927123337984085083e-02
-5.516342818737030029e-02
3.430899977684020996e-02
-1.067843511700630188e-01
1.411892473697662354e-01
-1.784504950046539307e-02
2.855795249342918396e-02
-1.631861925125122070e-02
-6.687122583389282227e-02
-1.727845519781112671e-01
-6.130634248256683350e-02
7.243373990058898926e-02
3.073070757091045380e-02
9.963568300008773804e-02
-3.224983438849449158e-02
3.796098753809928894e-02
-1.091015990823507309e-02
-1.665003001689910889e-01
-8.252998441457748413e-02
4.342656955122947693e-02
1.074080392718315125e-01
9.116110205650329590e-02
7.115507870912551880e-02
4.770598933100700378e-02
5.370401218533515930e-02
9.444544091820716858e-03
1.471755504608154297e-01
-2.257611602544784546e-02
-6.536219269037246704e-02
