-8.250686526298522949e-02
-4.907473921775817871e-02
-6.560272723436355591e-02
9.130953252315521240e-02
-8.410152979195117950e-03
4.611873999238014221e-02
-9.208972752094268799e-02
-2.697823755443096161e-02
-1.210248023271560669e-01
-9.324347972869873047e-02
-3.534628823399543762e-02
3.883067891001701355e-02
-4.907543584704399109e-02
-1.146451830863952637e-01
5.431897938251495361e-02
7.163134962320327759e-02
-3.496149182319641113e-02
-8.629797399044036865e-02
6.237626075744628906e-02
-1.286679655313491821e-01
2.095629833638668060e-02
5.250836536288261414e-02
1.038132682442665100e-01
3.031130693852901459e-02
-2.201593369245529175e-01
2.293725311756134033e-01
5.356663465499877930e-02
-6.552673876285552979e-02
-4.567340016365051270e-02
2.109459415078163147e-02
9.754937142133712769e-02
-6.962009519338607788e-02
1.463559567928314209e-01
-1.059631034731864929e-01
1.995826885104179382e-02
-3.792337328195571899e-02
-2.316620945930480957e-02
-5.880897119641304016e-02
-5.435284692794084549e-03
5.398533493280410767e-02
-2.312368154525756836e-01
-1.157263964414596558e-01
-1.133671849966049194e-01
1.643217056989669800e-01
1.134589985013008118e-01
-1.696257619187235832e-03
1.826425641775131226e-02
-1.562891714274883270e-02
8.338137716054916382e-02
-9.958552569150924683e-02
2.492169290781021118e-01
1.596387848258018494e-02
3.685415908694267273e-02
-4.873867332935333252e-02
6.230810657143592834e-02
5.857545882463455200e-03
4.373525455594062805e-02
3.927296772599220276e-02
3.061046823859214783e-03
7.949086278676986694e-02
9.003007411956787109e-02
9.425773471593856812e-02
-1.070590224117040634e-02
1.186690777540206909e-01
-1.056682616472244263e-01
5.407928675413131714e-02
5.270159989595413208e-02
2.213029377162456512e-02
9.432133287191390991e-02
-6.611929088830947876e-02
6.424379069358110428e-03
1.490179263055324554e-02
-8.186465501785278320e-02
1.396416872739791870e-01
1.824550628662109375e-01
-9.572191536426544189e-02
-3.658794239163398743e-02
-2.093732170760631561e-02
-5.046249553561210632e-02
-1.956963837146759033e-01
2.115601301193237305e-02
-4.340198263525962830e-02
-1.522126942873001099e-01
-5.172867327928543091e-02
-9.447718039155006409e-03
4.052315652370452881e-02
-1.405054181814193726e-01
1.085938736796379089e-01
1.372044086456298828e-01
-3.144226223230361938e-02
-7.281512022018432617e-02
1.437921971082687378e-01
-6.825903803110122681e-02
-4.091052338480949402e-02
-4.386724531650543213e-02
-1.805164963006973267e-01
1.625724434852600098e-01
-5.938766151666641235e-02
-3.720101714134216309e-02
4.096067324280738831e-02
-2.018257789313793182e-02
1.778791286051273346e-02
-6.299038417637348175e-03
3.042435273528099060e-02
-1.809008186683058739e-03
9.879604913294315338e-03
-4.698656871914863586e-02
3.211335744708776474e-03
-8.709102123975753784e-02
5.078174918889999390e-02
3.123394958674907684e-02
1.101857200264930725e-01
1.914010792970657349e-01
1.147607639431953430e-01
-4.439149424433708191e-02
-7.677668333053588867e-02
-9.022295475006103516e-02
-5.550834909081459045e-02
4.373165220022201538e-02
7.037689536809921265e-02
1.196811273694038391e-01
-2.969419211149215698e-02
-3.672717139124870300e-02
-1.392489019781351089e-02
-5.581377819180488586e-02
1.358693931251764297e-02
-3.673020005226135254e-02
1.034833118319511414e-01
