-5.443914234638214111e-02
-1.382747441530227661e-01
-1.027080640196800232e-01
6.349254399538040161e-02
-1.467631664127111435e-02
-3.885771380737423897e-03
-6.121456995606422424e-02
-1.906513050198554993e-02
-4.945636540651321411e-02
2.844607271254062653e-02
4.311768338084220886e-02
-1.213358417153358459e-01
-1.339528560638427734e-01
-9.886324405670166016e-02
6.166505068540573120e-02
1.024483963847160339e-01
-1.018686816096305847e-01
-1.065097972750663757e-01
1.033951863646507263e-01
8.303301781415939331e-02
-4.592403024435043335e-02
9.572142362594604492e-02
1.408435124903917313e-02
4.409023374319076538e-02
-5.131134390830993652e-02
1.438047140836715698e-01
1.075101569294929504e-01
-1.310342252254486084e-01
-7.591541856527328491e-02
1.194719504565000534e-02
1.472200006246566772e-01
7.163137197494506836e-02
1.597830280661582947e-02
-1.671779006719589233e-01
-7.584913074970245361e-02
1.299082022160291672e-02
-7.802389096468687057e-03
1.493673175573348999e-01
-1.413062587380409241e-02
1.020298898220062256e-02
-9.420246630907058716e-02
9.548868983983993530e-03
-8.472675830125808716e-02
1.516085267066955566e-01
-8.650968968868255615e-02
-3.494131937623023987e-02
-9.273859672248363495e-03
1.607955992221832275e-02
-1.825258508324623108e-02
-3.713778778910636902e-02
1.875291466712951660e-01
6.897126883268356323e-02
-3.092214651405811310e-02
-2.505911886692047119e-02
2.782976813614368439e-02
3.211772534996271133e-03
4.179617017507553101e-02
1.144720911979675293e-01
1.086238995194435120e-01
1.340485513210296631e-01
-1.154479086399078369e-01
6.683935225009918213e-02
-1.982664912939071655e-01
2.983276732265949249e-02
4.334567114710807800e-02
-1.889058947563171387e-02
4.357691854238510132e-03
2.383630163967609406e-02
2.026724070310592651e-01
-2.353566326200962067e-02
1.218250393867492676e-01
3.308385610580444336e-02
-1.596678346395492554e-01
2.084846608340740204e-02
7.392367720603942871e-02
-1.343518197536468506e-01
-1.120921373367309570e-01
-4.337912797927856445e-02
-1.096929386258125305e-01
-5.380486324429512024e-02
2.710393629968166351e-02
-9.454455971717834473e-02
-1.524743139743804932e-01
-4.709947481751441956e-02
-1.049282178282737732e-01
5.550344660878181458e-02
-1.185120865702629089e-01
-1.402850151062011719e-01
5.014515668153762817e-02
1.723529212176799774e-02
-1.403247192502021790e-02
1.508977562189102173e-01
-9.282397478818893433e-02
-4.096302762627601624e-02
-9.564530849456787109e-02
-9.296294301748275757e-02
9.049262106418609619e-02
2.214027568697929382e-02
-3.512763231992721558e-02
4.431064799427986145e-02
1.649164557456970215e-01
1.212890297174453735e-01
-4.807959124445915222e-02
-2.446845918893814087e-02
9.391411393880844116e-02
7.580607384443283081e-02
-3.592519834637641907e-02
9.383212029933929443e-02
-1.923491358757019043e-01
6.919017527252435684e-03
7.797324657440185547e-02
4.780109971761703491e-02
1.918738037347793579e-01
2.313134493306279182e-03
-7.758010178804397583e-02
1.103662624955177307e-01
-1.023674979805946350e-01
9.397719055414199829e-03
9.251030161976814270e-03
2.281857840716838837e-02
-3.010276332497596741e-02
7.413871586322784424e-02
-1.011330559849739075e-01
4.564804211258888245e-02
-1.150016635656356812e-01
1.759292557835578918e-02
4.661430791020393372e-02
6.828612834215164185e-02
