-7.589615881443023682e-02
-2.623916603624820709e-02
-1.691901497542858124e-02
9.480512142181396484e-02
6.523635704070329666e-03
-1.311057209968566895e-01
-5.900965258479118347e-02
-6.899315863847732544e-02
7.898704148828983307e-03
-8.749409765005111694e-02
4.191022366285324097e-02
-6.333960592746734619e-02
-1.272440999746322632e-01
-2.369482070207595825e-02
-3.878574445843696594e-02
-3.749538585543632507e-02
-1.615790426731109619e-01
4.439380764961242676e-02
3.857076540589332581e-02
-2.835678867995738983e-02
-2.187602967023849487e-01
1.077508777379989624e-01
-1.697724014520645142e-01
-8.901493251323699951e-02
-1.999038085341453552e-02
9.970507025718688965e-02
-1.674348488450050354e-02
-5.620538070797920227e-02
6.632342934608459473e-02
-1.083247810602188110e-01
1.013411432504653931e-01
1.467555202543735504e-02
1.385690867900848389e-01
-4.790131375193595886e-02
9.080518968403339386e-03
-7.133309729397296906e-03
-6.364773958921432495e-02
-2.236739173531532288e-02
-1.428400576114654541e-01
1.735757291316986084e-01
-1.186310574412345886e-01
-1.158969104290008545e-01
6.202931050211191177e-03
5.497497320175170898e-02
-1.038582064211368561e-02
5.777497589588165283e-02
1.007720232009887695e-01
-5.139438062906265259e-02
5.846219509840011597e-02
4.924513772130012512e-02
1.187537759542465210e-01
8.097541332244873047e-02
-9.085679799318313599e-02
-2.968905493617057800e-02
5.466687306761741638e-02
3.408694639801979065e-03
-4.996583983302116394e-02
1.609143316745758057e-01
7.521005719900131226e-02
-1.018045237287878990e-03
1.295529538765549660e-03
1.034573465585708618e-02
-4.316933453083038330e-02
-6.891816854476928711e-02
1.826607063412666321e-02
7.405941188335418701e-02
-1.251126080751419067e-01
-6.436233967542648315e-02
4.517746716737747192e-02
1.100746095180511475e-01
2.587380073964595795e-02
-4.947822168469429016e-02
-1.554145663976669312e-01
8.957497775554656982e-02
1.487299203872680664e-01
-9.662745147943496704e-02
-7.034465670585632324e-02
-1.693173125386238098e-02
3.511107712984085083e-02
1.317288447171449661e-02
2.007946968078613281e-01
-9.866143763065338135e-02
3.830870985984802246e-02
-2.507190704345703125e-01
1.165498793125152588e-02
9.694816917181015015e-02
-1.630304940044879913e-02
5.660586431622505188e-02
1.939607262611389160e-01
1.522861979901790619e-02
-7.201459258794784546e-03
2.115874737501144409e-01
-1.858996041119098663e-02
-6.869404762983322144e-02
-9.459874778985977173e-02
-2.530672773718833923e-02
8.797499537467956543e-02
1.022609174251556396e-01
9.732571989297866821e-02
3.254025941714644432e-03
-2.020605839788913727e-03
-1.365187615156173706e-01
-9.361116588115692139e-02
4.537051171064376831e-02
-4.622862979886122048e-05
-3.639113903045654297e-02
-7.610660791397094727e-02
-6.039941683411598206e-02
-1.952338665723800659e-01
-2.856850391253829002e-03
3.245327388867735863e-03
6.365802139043807983e-02
3.589285910129547119e-02
4.101136326789855957e-02
-1.240418404340744019e-01
-3.715569153428077698e-02
-3.366247564554214478e-02
-1.036169379949569702e-01
-3.508231788873672485e-02
-4.333875328302383423e-02
-1.738904565572738647e-01
7.439465075731277466e-02
-4.037681221961975098e-02
1.185070499777793884e-01
-8.501599729061126709e-02
1.036036666482686996e-02
-1.159233693033456802e-02
1.189105361700057983e-01
