-3.522357344627380371e-02
1.118584945797920227e-01
-1.434806361794471741e-02
6.817284226417541504e-02
-9.035274386405944824e-02
5.934103205800056458e-02
-3.678866475820541382e-02
-1.010793298482894897e-01
-2.111146450042724609e-01
2.300132531672716141e-03
-1.143282353878021240e-01
-2.710649743676185608e-02
-1.259815134108066559e-02
-6.385914236307144165e-02
3.081613779067993164e-02
-6.544559448957443237e-02
-8.014039136469364166e-03
-6.302264984697103500e-03
-8.883974701166152954e-02
-5.164084490388631821e-03
-7.520226389169692993e-02
1.133784204721450806e-01
-6.604239344596862793e-02
-1.117008626461029053e-01
-4.629756510257720947e-02
1.049260422587394714e-01
-8.908924460411071777e-02
5.155142396688461304e-02
6.323921680450439453e-02
2.324181981384754181e-02
1.123359799385070801e-01
1.840169541537761688e-02
6.976197939366102219e-03
3.365582227706909180e-02
-4.300499334931373596e-03
1.193552985787391663e-01
-5.633487179875373840e-02
2.727918699383735657e-02
-1.282753199338912964e-01
1.918532848358154297e-01
1.533426437526941299e-02
3.236558288335800171e-02
-6.760923564434051514e-02
1.093732379376888275e-02
-9.386593848466873169e-02
7.112755626440048218e-02
1.406766325235366821e-01
-2.763819321990013123e-02
7.973905652761459351e-02
1.570083200931549072e-01
8.177524060010910034e-02
-5.069957673549652100e-02
-1.200823038816452026e-01
1.546666584908962250e-02
8.991511911153793335e-02
9.170038253068923950e-02
8.415322005748748779e-02
2.107893116772174835e-02
-1.943602971732616425e-02
-1.326233297586441040e-01
4.893855191767215729e-03
-3.169579803943634033e-02
-9.426461905241012573e-02
-6.048395857214927673e-02
-3.553512319922447205e-02
-8.299782872200012207e-02
-6.726174056529998779e-02
8.359355479478836060e-02
5.839250236749649048e-02
3.998465463519096375e-02
1.197630092501640320e-01
4.317668080329895020e-02
-7.080875337123870850e-02
6.556989252567291260e-02
6.675048172473907471e-02
-7.773339003324508667e-02
4.588432982563972473e-02
-4.220449551939964294e-02
9.492541849613189697e-02
-1.437199264764785767e-01
1.872193366289138794e-01
-2.334469258785247803e-01
-3.532720357179641724e-02
-1.258126795291900635e-01
1.085992306470870972e-01
8.671055734157562256e-02
-1.898981630802154541e-02
-9.278001263737678528e-03
1.321867853403091431e-01
3.744021803140640259e-02
-1.563673615455627441e-01
-2.832444198429584503e-02
-7.528390735387802124e-02
-1.196580082178115845e-01
-5.253125727176666260e-02
-1.790737658739089966e-01
-4.713053628802299500e-02
-5.942660570144653320e-02
2.014988064765930176e-01
-6.440307945013046265e-02
-4.452569782733917236e-02
-2.296817302703857422e-02
-6.574777513742446899e-02
2.196924835443496704e-01
-2.826695330440998077e-02
-1.204203348606824875e-03
4.237255454063415527e-02
-9.140457212924957275e-02
-1.442100405693054199e-01
-9.187992662191390991e-02
6.081670150160789490e-02
-8.326804637908935547e-02
1.733493357896804810e-01
3.442969918251037598e-02
-6.388166919350624084e-03
-3.182771429419517517e-02
-1.693535149097442627e-01
3.592751175165176392e-02
4.161741584539413452e-02
-2.073485404253005981e-02
3.804970905184745789e-02
1.828506216406822205e-02
1.498171687126159668e-02
7.684081792831420898e-02
-1.476200073957443237e-01
9.228384494781494141e-02
3.964727371931076050e-02
-4.426971077919006348e-02
