-1.546777635812759399e-01
4.515084251761436462e-02
-4.042946919798851013e-02
2.742866054177284241e-02
-7.806396484375000000e-02
-4.290881380438804626e-02
2.266005985438823700e-02
-1.477301865816116333e-01
-1.314205825328826904e-01
2.896807901561260223e-02
-6.253936886787414551e-02
-1.020043790340423584e-01
6.681045889854431152e-02
-9.160768985748291016e-02
1.256222575902938843e-01
-5.690257996320724487e-02
-3.412113711237907410e-02
-3.557114861905574799e-03
1.932526379823684692e-02
-1.479116231203079224e-01
-2.800448425114154816e-02
1.455675661563873291e-01
4.922894760966300964e-02
-1.236949637532234192e-01
7.597794756293296814e-03
5.968291684985160828e-02
-5.907335877418518066e-02
6.784053891897201538e-02
-4.987701401114463806e-02
6.555300205945968628e-02
1.133711487054824829e-01
1.756090112030506134e-02
1.512304246425628662e-01
-6.579722464084625244e-02
1.770127564668655396e-02
5.809698253870010376e-02
-1.887091249227523804e-01
3.272477909922599792e-02
-1.969436928629875183e-02
1.458537131547927856e-01
-5.927249044179916382e-02
-6.465362757444381714e-02
3.133749961853027344e-02
1.254736036062240601e-01
2.851610444486141205e-02
1.013623178005218506e-01
8.312738686800003052e-02
4.485505074262619019e-02
1.364745348691940308e-01
1.259892433881759644e-01
1.347749233245849609e-01
-5.013964325189590454e-02
-9.325660765171051025e-02
-9.843238443136215210e-02
-9.865035116672515869e-02
2.757102064788341522e-02
-8.474605530500411987e-02
-6.365078967064619064e-03
9.857407957315444946e-02
4.951720312237739563e-02
-1.823368854820728302e-02
7.944725453853607178e-02
-2.036674320697784424e-02
2.349841967225074768e-02
2.949404064565896988e-03
-7.191834039986133575e-03
-6.607472151517868042e-02
2.827999414876103401e-03
1.180372163653373718e-01
1.376165598630905151e-01
5.954216420650482178e-02
1.196103021502494812e-01
-1.103419736027717590e-01
8.854722231626510620e-02
1.007751822471618652e-01
-7.325433194637298584e-02
9.997922927141189575e-02
-3.826922178268432617e-02
-1.027045547962188721e-01
-1.367980092763900757e-01
2.272287160158157349e-01
-1.016536280512809753e-01
-1.169223263859748840e-01
-6.896917521953582764e-02
1.302956789731979370e-01
-1.861365139484405518e-02
-8.743724226951599121e-02
5.194243416190147400e-02
1.484002619981765747e-01
-3.999496623873710632e-02
-1.431615948677062988e-01
1.200945600867271423e-01
-8.254379965364933014e-03
-2.882695943117141724e-02
-1.880151778459548950e-01
-1.396308243274688721e-01
4.004471004009246826e-02
5.913696438074111938e-02
1.343658268451690674e-01
-5.085527524352073669e-02
4.887019842863082886e-02
-8.076136000454425812e-03
-9.463755413889884949e-03
1.654504537582397461e-01
2.285214141011238098e-02
-1.121487021446228027e-01
-4.322103224694728851e-03
2.019507251679897308e-02
-1.051184982061386108e-01
-1.091447100043296814e-01
5.631766468286514282e-02
-7.052401453256607056e-02
1.395927369594573975e-01
7.675185799598693848e-02
9.837453253567218781e-03
-1.113474741578102112e-01
-1.285340189933776855e-01
-1.091619394719600677e-02
-8.787547703832387924e-04
-9.222735464572906494e-02
-7.808500528335571289e-02
-8.386502042412757874e-03
1.010034531354904175e-01
-2.711691334843635559e-02
-1.877509057521820068e-02
5.806909874081611633e-03
5.868004169315099716e-03
5.452961102128028870e-02
