-9.052430093288421631e-02
4.156252741813659668e-02
4.518758039921522141e-03
6.968598812818527222e-02
-9.166649729013442993e-02
4.704379662871360779e-02
4.099583998322486877e-02
-1.591281145811080933e-01
-6.025196239352226257e-02
-7.461239397525787354e-02
3.567844629287719727e-02
-6.013335287570953369e-02
-3.418828174471855164e-02
-1.811171136796474457e-02
-6.505160708911716938e-04
-8.353377878665924072e-02
-6.621041684411466122e-04
7.462953776121139526e-02
-2.370101027190685272e-02
-9.007000923156738281e-02
-5.422580242156982422e-02
1.375112384557723999e-01
2.687576413154602051e-02
-9.621195495128631592e-02
-5.561384838074445724e-03
5.848344787955284119e-02
-7.020886987447738647e-02
5.480968952178955078e-02
1.650662347674369812e-02
-9.105616249144077301e-03
5.717287585139274597e-02
-2.457440458238124847e-02
1.392189115285873413e-01
-1.821524649858474731e-02
-4.643091186881065369e-02
9.923102706670761108e-02
-2.049706429243087769e-01
-8.785900473594665527e-02
-1.622453033924102783e-01
2.045751363039016724e-01
-1.398435682058334351e-01
-4.798661917448043823e-02
-8.638042025268077850e-03
7.372580468654632568e-02
1.057029068470001221e-01
-1.592966541647911072e-02
7.833793014287948608e-02
4.159749299287796021e-02
1.528184860944747925e-01
1.343624442815780640e-01
1.749511212110519409e-01
-2.749650366604328156e-02
-9.785573929548263550e-02
-4.259391129016876221e-02
-2.714093029499053955e-02
2.726608328521251678e-02
2.973243966698646545e-02
-1.660230383276939392e-02
2.978062070906162262e-02
-2.135370112955570221e-02
-3.660087659955024719e-02
5.042771995067596436e-02
-6.053964048624038696e-02
-2.145696245133876801e-02
4.680895246565341949e-03
1.134658604860305786e-01
-1.221048310399055481e-01
-4.932961426675319672e-03
1.140698641538619995e-01
9.899894893169403076e-02
1.514511108398437500e-01
1.962700039148330688e-01
-3.914418444037437439e-02
8.073063194751739502e-02
6.789591908454895020e-02
-3.529347479343414307e-02
5.604925006628036499e-02
5.517276935279369354e-03
-3.938946872949600220e-03
-1.985266655683517456e-01
2.148898988962173462e-01
-1.145497187972068787e-01
-1.334663182497024536e-01
-7.489469647407531738e-02
1.459177136421203613e-01
2.431138185784220695e-03
7.757146377116441727e-03
1.771004498004913330e-02
7.012127339839935303e-02
6.340954452753067017e-02
-2.000391632318496704e-01
1.202181950211524963e-01
-9.431222081184387207e-02
-1.846121437847614288e-02
-1.739297956228256226e-01
-1.854541897773742676e-01
-1.789383217692375183e-02
-1.738954149186611176e-02
1.094047427177429199e-01
-1.239036992192268372e-01
-1.248023472726345062e-02
-2.086224034428596497e-02
-2.918834425508975983e-02
1.329618245363235474e-01
-1.482750661671161652e-02
-1.326600462198257446e-01
1.531916391104459763e-02
-1.249332055449485779e-01
-8.684051781892776489e-02
-1.076435148715972900e-01
-7.945867627859115601e-02
-5.976916477084159851e-02
3.276256099343299866e-02
8.727781474590301514e-02
2.368373330682516098e-03
-5.322406068444252014e-02
-5.921571515500545502e-03
-2.019714564085006714e-03
6.809227168560028076e-02
-7.218056917190551758e-02
-1.589702558703720570e-03
3.048876486718654633e-02
4.883391410112380981e-02
-9.605062752962112427e-02
-1.043752282857894897e-01
6.135911867022514343e-02
-3.750027716159820557e-02
-2.908409200608730316e-02
