-1.258455030620098114e-02
-1.202086433768272400e-01
-7.810384780168533325e-02
2.965892478823661804e-02
-3.233189927414059639e-03
4.437823593616485596e-02
-1.445680111646652222e-01
-6.223569810390472412e-02
-8.460296317934989929e-03
9.423351287841796875e-02
-5.418307264335453510e-04
-3.406916558742523193e-02
-1.939331181347370148e-02
-3.168508782982826233e-02
1.862124167382717133e-02
4.720962047576904297e-02
-2.863260172307491302e-02
-5.085190758109092712e-02
3.738453984260559082e-02
-4.962416365742683411e-02
-4.838284477591514587e-02
1.525324136018753052e-01
4.031027108430862427e-02
-4.245146736502647400e-02
-2.202700674533843994e-01
6.648301333189010620e-02
4.676714539527893066e-03
-8.577628433704376221e-02
1.347641795873641968e-01
-3.189596161246299744e-02
1.816714182496070862e-02
1.636778004467487335e-02
-1.351807499304413795e-03
5.872591398656368256e-03
2.084147371351718903e-02
1.533905509859323502e-02
9.874949231743812561e-03
-4.830984771251678467e-02
-1.224619969725608826e-01
1.492933481931686401e-01
-1.459734886884689331e-01
-1.992928236722946167e-02
-7.057053595781326294e-02
2.058782577514648438e-01
-1.612607762217521667e-02
-1.051075533032417297e-01
2.298105135560035706e-02
-4.480198770761489868e-02
-5.079251155257225037e-02
1.731263101100921631e-02
1.085456609725952148e-01
7.474552839994430542e-02
-2.463552914559841156e-02
2.014201506972312927e-02
9.584263712167739868e-02
7.878029346466064453e-02
9.563501924276351929e-02
3.244178742170333862e-02
1.169300451874732971e-01
3.007502481341362000e-02
-7.565480470657348633e-02
4.971086978912353516e-02
-3.341929614543914795e-02
-2.092416398227214813e-02
1.146092638373374939e-01
1.387725919485092163e-01
-9.289544075727462769e-02
1.407119911164045334e-02
2.028992176055908203e-01
-3.297590836882591248e-02
1.799031496047973633e-01
-3.648481890559196472e-02
-1.675858348608016968e-01
-4.255881533026695251e-03
1.138962954282760620e-01
-9.393660724163055420e-02
-6.000684201717376709e-02
-4.389391839504241943e-02
1.645153015851974487e-01
-6.500354409217834473e-02
6.418159604072570801e-02
-2.194598913192749023e-01
-1.134875863790512085e-01
-8.951119333505630493e-02
8.277897723019123077e-03
1.461389660835266113e-01
-1.492080092430114746e-01
2.928925305604934692e-02
7.489227503538131714e-02
9.917515516281127930e-02
-3.655366972088813782e-02
1.823089718818664551e-01
-8.843994885683059692e-02
-1.421301215887069702e-01
2.243404462933540344e-02
-1.637779921293258667e-01
-9.525869973003864288e-03
-8.305512368679046631e-02
7.783393561840057373e-02
3.586997091770172119e-02
-1.576802320778369904e-02
-2.422755397856235504e-02
-1.447883695363998413e-01
7.387285679578781128e-02
1.756416074931621552e-02
-5.660082213580608368e-03
-2.707429602742195129e-02
-2.094247378408908844e-02
-1.737887412309646606e-01
8.948563784360885620e-02
-1.991836912930011749e-02
1.181109771132469177e-01
1.186616048216819763e-01
2.735532633960247040e-02
-9.185542166233062744e-02
3.195372968912124634e-02
4.823412746191024780e-02
-1.082858219742774963e-01
-1.199158374220132828e-02
-4.404694959521293640e-02
5.466376245021820068e-02
2.303542755544185638e-02
-1.416368130594491959e-02
4.240665212273597717e-02
-1.422485411167144775e-01
1.334480196237564087e-01
-3.559962660074234009e-02
1.370855718851089478e-01
