-7.356444001197814941e-02
8.696576952934265137e-02
8.131202310323715210e-02
7.861971110105514526e-02
-1.127050668001174927e-01
-5.231476202607154846e-02
-3.453407436609268188e-02
-8.253921568393707275e-02
-2.056647241115570068e-01
4.954884573817253113e-02
-9.341473132371902466e-02
-5.005209892988204956e-02
-3.057297877967357635e-02
-1.468738317489624023e-01
1.116920933127403259e-01
5.735460668802261353e-02
4.110979288816452026e-02
9.236789494752883911e-02
-8.568983525037765503e-03
-6.635551899671554565e-02
-3.669141978025436401e-02
7.537994533777236938e-02
9.304613620042800903e-02
4.653120785951614380e-02
-6.011352688074111938e-02
7.180216908454895020e-02
-5.529231578111648560e-02
-1.563185453414916992e-02
1.070055272430181503e-02
6.140247453004121780e-03
1.050662547349929810e-01
2.655814401805400848e-02
1.231003999710083008e-01
-8.048173040151596069e-02
-7.015105336904525757e-02
6.529056280851364136e-02
-1.813893169164657593e-01
2.762578241527080536e-02
-1.168920006603002548e-02
1.820553243160247803e-01
-1.035814136266708374e-01
2.528997324407100677e-02
-1.664239466190338135e-01
1.098365988582372665e-02
1.099342182278633118e-01
7.739957422018051147e-02
1.161989718675613403e-01
-3.311461582779884338e-02
2.289288789033889771e-01
6.939731538295745850e-02
2.764956355094909668e-01
4.591552540659904480e-02
-1.050392389297485352e-01
-6.705196201801300049e-02
-6.018105428665876389e-03
2.824940718710422516e-03
2.635608240962028503e-02
-2.021421678364276886e-03
7.567981630563735962e-02
1.114380806684494019e-01
1.899607293307781219e-02
6.062762439250946045e-02
-2.834923192858695984e-02
5.792408064007759094e-02
-9.860478341579437256e-03
2.436922490596771240e-02
-4.602749645709991455e-02
-1.542563177645206451e-02
1.824027858674526215e-02
1.136521100997924805e-01
9.618761390447616577e-02
1.432778686285018921e-01
-4.577687010169029236e-02
6.319964677095413208e-02
5.339285731315612793e-02
-6.456819176673889160e-02
-1.430958043783903122e-02
2.069612964987754822e-02
-1.341007351875305176e-01
-1.202584728598594666e-01
1.394410282373428345e-01
-1.200596243143081665e-01
-8.817239850759506226e-02
-7.328597363084554672e-03
8.428625762462615967e-02
1.142145507037639618e-02
-3.260010853409767151e-02
-1.311617195606231689e-01
6.945118308067321777e-02
1.767900139093399048e-01
-1.435955017805099487e-01
1.973197609186172485e-01
-1.508611813187599182e-02
1.922060176730155945e-02
-1.060474365949630737e-01
-2.266922406852245331e-02
-1.727072335779666901e-02
4.913498088717460632e-02
-1.560718566179275513e-02
-3.766995389014482498e-03
1.090001761913299561e-01
-2.725214697420597076e-02
-1.353023573756217957e-02
1.071058437228202820e-01
5.733216553926467896e-02
3.320082649588584900e-02
5.649282038211822510e-02
-1.074376925826072693e-01
-1.828235685825347900e-01
-1.123110577464103699e-01
-2.668661624193191528e-02
-5.497672781348228455e-02
1.260634064674377441e-01
6.675884872674942017e-02
4.420272633433341980e-02
-1.586341559886932373e-01
-5.397894233465194702e-02
8.734904229640960693e-02
6.402914226055145264e-02
-5.415561795234680176e-02
1.278994139283895493e-02
-6.899353861808776855e-02
-4.382986202836036682e-02
4.961060732603073120e-02
-4.628362134099006653e-02
5.927693098783493042e-02
-8.604632318019866943e-02
-3.162088990211486816e-02
