-9.725726395845413208e-02
-9.235996752977371216e-02
-1.390577852725982666e-01
3.979598730802536011e-02
-2.891179872676730156e-03
3.532488271594047546e-02
-8.647369593381881714e-02
-4.408862441778182983e-02
-1.641052812337875366e-01
-7.649056613445281982e-02
-6.298629194498062134e-02
1.832405850291252136e-02
-4.368852451443672180e-02
-1.694860756397247314e-01
1.092092767357826233e-01
9.341102093458175659e-02
-8.154928684234619141e-02
-7.583721727132797241e-02
6.318609416484832764e-02
-8.332662284374237061e-02
-3.172034770250320435e-02
1.050603091716766357e-01
8.129786700010299683e-03
-1.129893306642770767e-02
-1.584020256996154785e-01
1.486160606145858765e-01
8.448969572782516479e-02
-8.798614889383316040e-02
-3.712258487939834595e-02
-4.804207012057304382e-02
1.609557271003723145e-01
-6.488887220621109009e-02
4.179833829402923584e-02
-1.274294853210449219e-01
-5.223546549677848816e-02
-5.759378522634506226e-02
-3.745793551206588745e-02
5.542010068893432617e-02
3.845486789941787720e-02
2.765805087983608246e-02
-1.769476234912872314e-01
-5.510847643017768860e-02
-9.389792382717132568e-02
1.645027995109558105e-01
3.839201852679252625e-02
2.899043634533882141e-02
-8.533632382750511169e-03
1.048092916607856750e-02
6.394112855195999146e-02
-6.878238171339035034e-02
2.118835449218750000e-01
2.249001152813434601e-02
3.725129738450050354e-02
2.833274891600012779e-03
2.421463653445243835e-02
1.989935711026191711e-02
-2.929994091391563416e-02
5.621061101555824280e-02
1.066032424569129944e-01
6.373663246631622314e-02
1.151767671108245850e-01
1.285745799541473389e-01
1.473529078066349030e-02
8.829863369464874268e-02
-1.092056110501289368e-01
9.655149653553962708e-03
1.275441348552703857e-01
1.087238863110542297e-01
1.161616668105125427e-01
-6.333734095096588135e-02
-6.714373081922531128e-02
5.084747448563575745e-03
-1.315657943487167358e-01
1.067756637930870056e-01
1.873344928026199341e-01
-1.436139792203903198e-01
3.727592155337333679e-02
-5.678093805909156799e-02
-8.261622488498687744e-02
-4.616807028651237488e-02
1.280457973480224609e-01
-4.575229436159133911e-02
-8.520056307315826416e-02
-2.408931031823158264e-02
-2.643108181655406952e-02
6.576567888259887695e-02
-1.076123565435409546e-01
5.889421701431274414e-02
2.065046727657318115e-01
-2.060117200016975403e-02
-3.238259255886077881e-02
5.599563196301460266e-02
-1.666591153480112553e-03
-9.709464758634567261e-02
-1.040242314338684082e-01
-1.148584634065628052e-01
1.356925666332244873e-01
1.220005215145647526e-03
-2.435990050435066223e-02
8.834934793412685394e-03
2.994233369827270508e-02
2.480047754943370819e-02
-1.694314368069171906e-02
1.105350777506828308e-01
9.871079586446285248e-03
4.945458844304084778e-02
-8.012699335813522339e-02
6.620214879512786865e-02
-1.281450390815734863e-01
2.506713196635246277e-02
5.591166764497756958e-02
7.311046868562698364e-02
1.944386214017868042e-01
9.550811722874641418e-03
-1.527159214019775391e-01
-3.545994311571121216e-02
-2.127990871667861938e-01
-4.026849567890167236e-02
8.252510428428649902e-02
1.007439568638801575e-01
6.808900833129882812e-02
-8.812627196311950684e-02
-5.740823224186897278e-02
1.028121188282966614e-01
-5.903753452003002167e-03
-8.801425807178020477e-03
-1.912273652851581573e-02
3.126844018697738647e-02
