-1.777740661054849625e-03
-5.961978435516357422e-02
-2.699884586036205292e-02
1.387830376625061035e-01
4.123748093843460083e-02
6.461480259895324707e-02
-5.261505395174026489e-02
-9.060386568307876587e-02
-1.933960020542144775e-01
1.010791137814521790e-01
-9.130670875310897827e-02
-1.365094482898712158e-01
-1.463641524314880371e-01
-7.569914311170578003e-02
1.992155797779560089e-02
-5.429580342024564743e-03
6.770735234022140503e-02
3.488122299313545227e-02
1.642726063728332520e-01
-1.509476453065872192e-01
-5.157595500349998474e-02
1.175315976142883301e-01
2.741411700844764709e-02
2.962789870798587799e-02
-1.304798126220703125e-01
4.608500376343727112e-02
-2.986174263060092926e-02
2.684754692018032074e-02
7.994969189167022705e-02
6.430297344923019409e-02
1.497026979923248291e-01
-9.134041145443916321e-03
2.307541668415069580e-03
-2.226352877914905548e-02
-4.966538399457931519e-02
3.066429309546947479e-02
-1.169344857335090637e-01
3.417415544390678406e-02
-8.932925015687942505e-02
1.876846402883529663e-01
1.176293194293975830e-02
-9.847945719957351685e-02
4.714135080575942993e-02
4.037924855947494507e-02
-8.170744404196739197e-03
-2.286118222400546074e-03
-1.446824334561824799e-02
-1.340358853340148926e-01
6.858845800161361694e-02
9.152269363403320312e-02
1.195931881666183472e-01
7.362172473222017288e-04
-5.790337920188903809e-02
-2.377456054091453552e-02
1.534477770328521729e-01
5.488643050193786621e-02
3.552905842661857605e-02
9.720315784215927124e-02
2.549830265343189240e-02
-1.287527475506067276e-02
-2.965917438268661499e-02
1.228808537125587463e-01
5.810020118951797485e-02
-2.005427889525890350e-02
6.083755195140838623e-02
8.743024617433547974e-02
-2.507199067622423172e-03
5.696974694728851318e-02
1.075364500284194946e-01
2.449815720319747925e-02
1.816848963499069214e-01
1.806297339498996735e-02
7.916705682873725891e-03
3.403602167963981628e-02
6.514963507652282715e-02
-3.537792712450027466e-02
-1.589724421501159668e-02
3.804805502295494080e-02
-3.563484549522399902e-02
-1.011316627264022827e-01
1.939743161201477051e-01
-2.074272632598876953e-01
6.829620688222348690e-04
-1.770262271165847778e-01
8.197212219238281250e-02
5.230078473687171936e-02
-5.782957375049591064e-02
7.092357147485017776e-03
1.016389653086662292e-01
6.205684319138526917e-02
-1.356793940067291260e-01
1.621629446744918823e-01
4.246672615408897400e-02
-1.604145020246505737e-01
-3.682160377502441406e-02
-6.459821015596389771e-02
-6.005802750587463379e-02
3.705929219722747803e-02
7.763178646564483643e-02
-4.954079166054725647e-02
-2.440048381686210632e-02
-2.745736204087734222e-02
1.386484946124255657e-03
1.478351056575775146e-01
1.607181578874588013e-01
2.413338050246238708e-02
7.376660406589508057e-02
-5.350500717759132385e-02
-2.513502836227416992e-01
1.581474579870700836e-02
-3.692492097616195679e-02
-5.203204229474067688e-02
1.014536544680595398e-01
1.176869031041860580e-02
-8.684381097555160522e-02
8.866818621754646301e-03
5.336948204785585403e-03
-8.384950459003448486e-02
-8.734425157308578491e-02
-4.596079234033823013e-03
1.277559157460927963e-02
-3.525326773524284363e-02
-9.702464938163757324e-02
7.271800935268402100e-02
-1.803941577672958374e-01
9.090900421142578125e-02
-1.424190253019332886e-01
3.593389689922332764e-02
