-9.049617499113082886e-02
7.271054387092590332e-02
2.828483656048774719e-02
6.658250093460083008e-02
-1.153753027319908142e-01
-4.303887858986854553e-02
3.422260284423828125e-02
-1.371240019798278809e-01
-1.105122640728950500e-01
-1.207388564944267273e-02
1.762269437313079834e-02
-1.323073264211416245e-02
-8.832568675279617310e-02
-8.156935870647430420e-02
7.707439828664064407e-03
-4.042507708072662354e-02
4.577078670263290405e-02
1.150464564561843872e-01
3.398080822080373764e-03
-6.070508435368537903e-02
-3.152898699045181274e-02
9.254364669322967529e-02
7.588996738195419312e-02
-5.785507336258888245e-02
-3.680923208594322205e-02
9.501786530017852783e-02
-8.618757128715515137e-02
2.669779211282730103e-02
5.712964758276939392e-02
-1.635967753827571869e-02
5.782265961170196533e-02
-2.497136406600475311e-02
1.917653232812881470e-01
-2.129600755870342255e-02
-6.490530818700790405e-02
7.065624743700027466e-02
-1.962002515792846680e-01
-9.275592863559722900e-02
-1.449127495288848877e-01
1.848204880952835083e-01
-1.615858972072601318e-01
-3.397953882813453674e-02
-6.049602106213569641e-02
5.493608117103576660e-02
1.240842118859291077e-01
3.474175930023193359e-02
1.544904857873916626e-01
4.952267929911613464e-02
1.200468987226486206e-01
8.970319479703903198e-02
1.968633234500885010e-01
3.839655593037605286e-02
-6.742049753665924072e-02
-7.742650806903839111e-02
4.960402846336364746e-02
-9.075479209423065186e-02
4.666021559387445450e-03
-3.171620145440101624e-02
1.683470606803894043e-02
3.204461187124252319e-02
-4.270809888839721680e-02
3.486680239439010620e-02
-3.297375142574310303e-02
-2.270920388400554657e-02
4.382384568452835083e-02
1.535948365926742554e-01
-1.234833225607872009e-01
9.189939126372337341e-03
1.037499532103538513e-01
1.055977940559387207e-01
1.153808534145355225e-01
1.960389465093612671e-01
-9.504596143960952759e-02
9.066993743181228638e-02
8.724482357501983643e-02
-3.823058307170867920e-02
-1.748422905802726746e-02
2.877072058618068695e-02
-4.985775426030158997e-02
-2.430776357650756836e-01
1.864723712205886841e-01
-1.047577708959579468e-01
-1.076137647032737732e-01
-8.443988114595413208e-02
1.050261482596397400e-01
4.060140624642372131e-02
7.837852835655212402e-02
-2.657873369753360748e-02
5.949814990162849426e-02
4.436507821083068848e-02
-1.612556576728820801e-01
1.282950192689895630e-01
-9.475503861904144287e-02
4.142248630523681641e-02
-1.389839947223663330e-01
-8.064854145050048828e-02
-5.983894690871238708e-02
-7.320928573608398438e-02
6.073703616857528687e-02
-1.249235123395919800e-01
6.128133833408355713e-02
-7.871603965759277344e-02
1.302323024719953537e-02
2.502126619219779968e-02
1.493566203862428665e-03
-1.143372729420661926e-01
9.477618150413036346e-03
-1.518964022397994995e-01
-9.927833080291748047e-02
-4.649788141250610352e-02
-1.081258878111839294e-01
-1.097028609365224838e-02
4.689773544669151306e-02
1.255523562431335449e-01
2.609262801706790924e-02
-9.689048677682876587e-02
-1.694344729185104370e-02
6.594010442495346069e-02
5.934074521064758301e-02
-6.405495107173919678e-02
4.286671057343482971e-03
-3.229792043566703796e-02
6.228602025657892227e-03
-4.925742745399475098e-02
-1.424975693225860596e-01
2.119856141507625580e-02
3.653800860047340393e-02
-4.133173264563083649e-03
