1.061540842056274414e-02
4.499091580510139465e-02
-6.420268118381500244e-02
8.751323819160461426e-02
6.315571814775466919e-02
-2.485403977334499359e-02
-7.971546798944473267e-02
-1.150346621870994568e-01
-8.130376040935516357e-02
5.200174637138843536e-03
1.244511920958757401e-02
-1.413418799638748169e-01
-9.438303858041763306e-02
5.903855711221694946e-02
-1.052506119012832642e-01
-5.074280127882957458e-02
-2.052713558077812195e-02
1.147714536637067795e-02
1.689831167459487915e-01
-1.450143903493881226e-01
-1.606007367372512817e-01
9.957516938447952271e-02
-1.202998384833335876e-01
-1.305476427078247070e-01
8.283861912786960602e-03
5.763136595487594604e-02
-3.365809842944145203e-02
-7.617510855197906494e-03
3.533246740698814392e-02
6.056575104594230652e-02
6.684190779924392700e-02
6.717872619628906250e-02
6.847824901342391968e-03
-8.232750743627548218e-02
3.555225208401679993e-02
-3.936247155070304871e-02
-9.851007908582687378e-02
-2.912746183574199677e-02
-1.245565116405487061e-01
1.322245001792907715e-01
-1.504301745444536209e-02
5.229119211435317993e-03
1.552514433860778809e-01
4.316568747162818909e-02
-6.878077518194913864e-03
2.453166618943214417e-02
6.946954876184463501e-02
-1.387760639190673828e-01
2.510766126215457916e-02
5.306392908096313477e-02
8.599197119474411011e-02
3.612748533487319946e-02
-7.198581844568252563e-02
-1.221861839294433594e-01
7.915199548006057739e-02
1.184279024600982666e-01
1.176363136619329453e-02
1.329431384801864624e-01
1.342795491218566895e-01
-1.713429018855094910e-02
6.906695198267698288e-04
9.493000805377960205e-02
3.956623002886772156e-02
-1.691502928733825684e-01
4.548239707946777344e-02
-1.185362786054611206e-02
-2.908506430685520172e-02
6.003590300679206848e-02
8.966962993144989014e-02
1.536871790885925293e-01
4.455434903502464294e-02
-7.077416032552719116e-02
-1.556629538536071777e-01
4.831892251968383789e-02
1.438722610473632812e-01
5.778848659247159958e-03
-1.295739412307739258e-02
-8.090064674615859985e-02
2.017514780163764954e-02
1.735039986670017242e-02
1.799569725990295410e-01
-2.180937677621841431e-01
5.061312392354011536e-02
-2.060092240571975708e-01
-6.666553206741809845e-03
8.874978125095367432e-02
-5.471574142575263977e-02
3.193287923932075500e-02
1.589007377624511719e-01
-1.006929390132427216e-02
-8.262340724468231201e-02
1.149705052375793457e-01
2.195180859416723251e-03
-1.387134045362472534e-01
2.610403113067150116e-02
-5.003304779529571533e-02
2.057177945971488953e-02
1.447813361883163452e-01
7.615468651056289673e-02
2.478626556694507599e-02
-5.959543958306312561e-02
-1.207447797060012817e-01
-6.886689364910125732e-02
1.664923578500747681e-01
9.453207999467849731e-02
3.138726204633712769e-02
-4.948893189430236816e-02
-2.526532299816608429e-02
-1.470385044813156128e-01
-5.024951696395874023e-02
-4.397078976035118103e-02
1.768678426742553711e-03
-1.000649295747280121e-03
-2.142532356083393097e-02
-1.201822683215141296e-01
3.837388381361961365e-02
-3.387912362813949585e-02
1.071793842129409313e-03
-1.112962663173675537e-01
-3.985822200775146484e-02
-1.079198867082595825e-01
4.787560552358627319e-02
5.418591573834419250e-02
9.524645656347274780e-02
-1.611316949129104614e-01
-5.186226963996887207e-02
-1.440507173538208008e-01
1.101771071553230286e-01
