6.325541436672210693e-02
-1.942247897386550903e-01
-6.381016224622726440e-02
8.454571664333343506e-02
-5.917355045676231384e-02
8.059151470661163330e-03
7.508419454097747803e-03
-1.476472914218902588e-01
-2.227530255913734436e-02
6.868309527635574341e-02
-3.239407017827033997e-02
-9.735400974750518799e-02
-1.003865748643875122e-01
-5.554366111755371094e-02
1.085727512836456299e-01
7.070931047201156616e-02
8.001721650362014771e-02
-4.930174350738525391e-02
9.504693746566772461e-02
-1.489789485931396484e-01
-1.953297667205333710e-02
6.741756945848464966e-02
5.642772093415260315e-02
-6.354965269565582275e-02
-5.708553269505500793e-02
8.602668344974517822e-02
1.152948290109634399e-02
-2.798240073025226593e-02
9.434893727302551270e-02
-7.075810432434082031e-02
2.083031386137008667e-01
-4.064342007040977478e-02
-3.170293942093849182e-02
-1.263598725199699402e-02
-7.345805061049759388e-04
3.050405159592628479e-02
-6.308323144912719727e-02
4.463660717010498047e-02
-1.039510406553745270e-02
1.792498081922531128e-01
-4.948521777987480164e-02
6.902327388525009155e-02
-5.356979556381702423e-03
1.253771334886550903e-01
2.663036063313484192e-02
8.649419061839580536e-03
9.231333434581756592e-02
3.942588344216346741e-02
6.512406282126903534e-03
3.099055774509906769e-02
8.761576563119888306e-02
-6.880466639995574951e-02
-1.131143420934677124e-01
1.191468983888626099e-01
9.619099646806716919e-02
2.083695493638515472e-02
5.716125294566154480e-02
-9.278962761163711548e-02
5.917973443865776062e-02
-7.117921859025955200e-02
-1.404555235058069229e-02
5.221959203481674194e-02
-1.497190631926059723e-02
-9.205847978591918945e-02
7.000610232353210449e-02
2.263345383107662201e-02
3.334274515509605408e-02
-8.866409957408905029e-02
1.491264104843139648e-01
-4.246137663722038269e-02
1.492884606122970581e-01
5.559454113245010376e-02
-1.621617376804351807e-01
-2.367871627211570740e-02
1.911833584308624268e-01
-1.004158258438110352e-01
1.336981449276208878e-02
3.228807356208562851e-03
-1.736576482653617859e-02
-5.161768198013305664e-02
2.069520503282546997e-01
-2.051394581794738770e-01
-4.700420424342155457e-02
-3.154678642749786377e-02
7.008357346057891846e-02
1.635971665382385254e-01
-8.970222622156143188e-02
-2.924970164895057678e-02
8.386605978012084961e-02
-7.836357504129409790e-02
-1.117802634835243225e-01
-3.541499748826026917e-02
-4.566977545619010925e-02
-2.257687747478485107e-01
-1.413714587688446045e-01
-6.778232753276824951e-02
-3.402582835406064987e-03
-4.714493453502655029e-02
9.632829576730728149e-02
-1.161580681800842285e-01
-9.409631602466106415e-04
-2.166632376611232758e-02
2.302954159677028656e-02
1.011980846524238586e-01
1.517196893692016602e-01
3.186307847499847412e-02
3.847201913595199585e-02
-1.123444736003875732e-01
-2.092800140380859375e-01
1.998860156163573265e-03
-4.041377454996109009e-02
-1.418552361428737640e-02
1.391892731189727783e-01
8.523689955472946167e-02
-8.874045312404632568e-02
9.073330089449882507e-03
-1.297924965620040894e-01
2.617766521871089935e-02
7.662314176559448242e-02
-1.982231158763170242e-03
6.918659806251525879e-02
-5.769157409667968750e-02
-9.320066869258880615e-02
1.050281599164009094e-01
-1.148509457707405090e-01
2.923478372395038605e-02
-4.012939333915710449e-02
-4.122914001345634460e-02
