-1.085103750228881836e-01
-3.010801784694194794e-02
-4.360061511397361755e-02
8.173255622386932373e-02
4.700341448187828064e-02
1.024519130587577820e-01
6.840695440769195557e-02
-2.099070101976394653e-01
-1.767281144857406616e-01
4.787479341030120850e-02
-9.630039334297180176e-02
-1.677335053682327271e-01
-1.262200176715850830e-01
4.649799317121505737e-02
3.406199067831039429e-02
-9.466457366943359375e-02
-4.622136056423187256e-02
8.768950402736663818e-02
9.481070190668106079e-02
-2.460034377872943878e-02
-8.949122577905654907e-02
1.214919835329055786e-01
7.855604588985443115e-02
-9.424869716167449951e-02
-8.970677852630615234e-02
2.028590254485607147e-02
-9.696522355079650879e-02
2.459402382373809814e-02
1.046915631741285324e-02
1.037710607051849365e-01
8.583083748817443848e-02
7.689722627401351929e-02
4.599957913160324097e-02
-6.544808275066316128e-04
-1.058321222662925720e-01
8.069211244583129883e-02
-1.045729592442512512e-01
7.106185425072908401e-03
-2.119397372007369995e-02
4.633393511176109314e-02
-7.404280453920364380e-02
-1.244536489248275757e-01
1.184449181891977787e-03
4.606277495622634888e-02
1.024461984634399414e-01
4.268050251994282007e-04
-1.743408292531967163e-02
-8.683694899082183838e-02
3.311418741941452026e-02
1.209703162312507629e-01
6.707724928855895996e-02
-2.174405939877033234e-02
2.000448061153292656e-03
7.731824181973934174e-03
6.005060300230979919e-02
1.277042180299758911e-01
9.282820671796798706e-02
1.288639307022094727e-01
7.307545840740203857e-02
2.097078971564769745e-02
2.974339388310909271e-02
1.658706665039062500e-01
3.173329308629035950e-02
4.425175487995147705e-02
1.596813648939132690e-02
1.731544882059097290e-01
-3.200875967741012573e-02
-6.760996580123901367e-02
-1.510668639093637466e-02
1.388006061315536499e-01
1.816665381193161011e-01
5.091485753655433655e-02
1.775769330561161041e-02
1.020737141370773315e-01
-1.773168705403804779e-02
3.499484807252883911e-02
1.012663077563047409e-02
-7.675586640834808350e-02
9.383270516991615295e-03
-1.583508849143981934e-01
1.037564203143119812e-01
-1.328655481338500977e-01
-1.460054069757461548e-01
-6.758273392915725708e-02
1.207823008298873901e-01
-1.342127621173858643e-01
-5.064996331930160522e-02
-2.423688396811485291e-02
2.237301319837570190e-01
1.675808876752853394e-01
-1.080997362732887268e-01
1.092001348733901978e-01
-4.519014060497283936e-02
9.323728154413402081e-04
-5.989870801568031311e-02
-5.376517772674560547e-02
-1.512978132814168930e-02
7.513780891895294189e-02
5.107785388827323914e-02
1.883210428059101105e-02
-7.079393602907657623e-03
1.050497815012931824e-01
-8.836505562067031860e-02
4.894894361495971680e-02
4.028110578656196594e-02
1.029862370342016220e-02
-5.892557650804519653e-02
-6.614490598440170288e-02
-3.134411945939064026e-02
-7.782205194234848022e-02
-6.711264699697494507e-02
-8.453612774610519409e-02
-3.675194829702377319e-02
-3.468609414994716644e-03
-7.011991925537586212e-03
-7.232190668582916260e-02
-2.830458432435989380e-02
-1.505361646413803101e-01
-1.780390143394470215e-01
-4.827364534139633179e-02
1.889093691715970635e-04
1.906294524669647217e-01
7.485361397266387939e-02
-1.373265534639358521e-01
-9.587849676609039307e-02
-3.978491947054862976e-02
-9.795607626438140869e-02
-4.479217156767845154e-02
