-1.026685237884521484e-01
-7.517510652542114258e-02
-1.967658847570419312e-01
3.445642441511154175e-02
2.690316364169120789e-02
-1.482345443218946457e-02
-7.684261351823806763e-02
-3.047013096511363983e-02
-9.739507734775543213e-02
3.284591482952237129e-03
-1.648154854774475098e-01
-4.323271661996841431e-02
-6.203608959913253784e-02
-1.616716235876083374e-01
-5.752031225711107254e-03
-6.200243160128593445e-02
5.100621841847896576e-03
-2.369289472699165344e-02
1.513898931443691254e-02
-8.682221174240112305e-03
-1.121829003095626831e-01
2.008878439664840698e-01
-1.135224103927612305e-02
-9.380859881639480591e-02
-1.232626736164093018e-01
1.429317891597747803e-01
6.630956381559371948e-02
-8.250798285007476807e-02
-4.079281538724899292e-02
-1.565138995647430420e-02
2.268052399158477783e-01
8.061474561691284180e-02
4.805111512541770935e-02
-6.151772662997245789e-02
-1.311560869216918945e-01
-3.751784190535545349e-02
-7.469560205936431885e-02
5.227326974272727966e-02
1.170321716926991940e-03
4.704100079834461212e-03
-1.143908128142356873e-01
-1.014892384409904480e-01
-3.637783229351043701e-02
1.122753769159317017e-01
-5.349439755082130432e-02
4.159057512879371643e-02
-1.119930669665336609e-01
-2.633955888450145721e-02
3.208109363913536072e-02
-2.461357600986957550e-02
1.355529874563217163e-01
5.359192192554473877e-02
6.826860457658767700e-02
-1.057617831975221634e-02
-5.349050275981426239e-03
5.222982168197631836e-02
1.264110207557678223e-02
1.046932563185691833e-01
1.201981455087661743e-01
1.812479831278324127e-02
8.252310752868652344e-02
1.673887372016906738e-01
-2.257632091641426086e-02
2.515507116913795471e-02
-1.091230362653732300e-01
6.759814918041229248e-03
1.539398580789566040e-01
1.470770388841629028e-01
1.279931664466857910e-01
1.431025564670562744e-02
5.086024478077888489e-02
-8.147886395454406738e-02
-7.222046703100204468e-02
1.486812531948089600e-01
8.899192512035369873e-02
-1.707643568515777588e-01
9.643246978521347046e-02
-1.138079017400741577e-01
-6.185121834278106689e-02
-3.371888399124145508e-02
1.594383716583251953e-01
-2.018826268613338470e-02
-8.704321831464767456e-02
-6.800572574138641357e-02
-2.164351986721158028e-03
4.619999229907989502e-02
-1.455700695514678955e-01
-8.408942259848117828e-03
1.656632423400878906e-01
9.684584289789199829e-02
1.677675172686576843e-02
1.007577553391456604e-01
1.009902916848659515e-02
-1.956842690706253052e-01
-3.013629466295242310e-02
-1.018567904829978943e-01
3.292297199368476868e-02
7.352498173713684082e-02
5.800973623991012573e-03
8.247270435094833374e-02
4.021106287837028503e-02
5.711362697184085846e-03
-7.331717759370803833e-02
1.576032340526580811e-01
-2.953312173485755920e-02
9.399399161338806152e-02
-9.633216261863708496e-02
-1.307489164173603058e-02
-1.423769742250442505e-01
2.291125012561678886e-03
6.845565885305404663e-02
4.849578812718391418e-02
9.386993199586868286e-02
-8.687008172273635864e-02
-1.380283981561660767e-01
-2.144070528447628021e-02
-1.070822030305862427e-01
-5.204073339700698853e-02
-8.572439849376678467e-02
6.988804042339324951e-02
2.258675172924995422e-02
4.285730794072151184e-02
-8.495640754699707031e-02
7.863412797451019287e-02
-2.291468530893325806e-02
-4.166449606418609619e-02
-1.148161664605140686e-02
9.317679703235626221e-02
