7.674122601747512817e-02
-4.441774263978004456e-02
-2.909098938107490540e-02
1.584714055061340332e-01
-3.820253908634185791e-02
7.742007821798324585e-02
-1.686690002679824829e-02
-1.629557013511657715e-01
-1.013727858662605286e-01
1.268153190612792969e-01
-7.717791944742202759e-02
-7.232481986284255981e-02
-8.605062216520309448e-02
-1.659275218844413757e-02
-1.090728095732629299e-03
7.549372315406799316e-02
7.055731862783432007e-02
4.074759408831596375e-02
1.199768409132957458e-01
-1.062712743878364563e-01
-2.909939363598823547e-02
6.865900009870529175e-02
9.453704953193664551e-02
-3.725139051675796509e-02
-6.664628535509109497e-02
8.046162128448486328e-02
-6.690800189971923828e-02
-7.067232392728328705e-03
1.503160148859024048e-01
-3.782567102462053299e-03
6.534891575574874878e-02
-4.259514063596725464e-02
-3.823951259255409241e-02
3.397945687174797058e-02
-7.106305565685033798e-03
7.101299613714218140e-02
-5.504361912608146667e-02
-1.570788212120532990e-02
-8.363353461027145386e-02
2.524704039096832275e-01
2.843055129051208496e-02
-1.462263055145740509e-02
3.540087863802909851e-02
4.562839400023221970e-03
3.207626193761825562e-02
-4.482850432395935059e-02
1.290031820535659790e-01
-1.212815046310424805e-01
3.058461844921112061e-02
7.548651099205017090e-02
1.118127033114433289e-01
-9.603983908891677856e-02
-1.457642763853073120e-01
6.925164163112640381e-02
1.650183051824569702e-01
5.458106100559234619e-02
1.371405571699142456e-01
8.300212770700454712e-02
-2.229945547878742218e-02
-9.758084267377853394e-02
-1.834997534751892090e-02
2.403713017702102661e-02
-1.005362719297409058e-02
-4.086212441325187683e-02
7.239802926778793335e-02
5.785941705107688904e-02
-2.534241974353790283e-02
-5.384240299463272095e-02
6.278402358293533325e-02
-7.377002388238906860e-02
1.909125298261642456e-01
4.206860437989234924e-02
-9.972967207431793213e-02
-1.317161507904529572e-02
1.071555316448211670e-01
-5.166034027934074402e-02
-2.430708520114421844e-02
3.097094967961311340e-02
3.097740747034549713e-02
-2.946702577173709869e-02
1.818459481000900269e-01
-2.820873260498046875e-01
-5.187485367059707642e-03
-3.852345049381256104e-02
9.323751181364059448e-02
6.310271471738815308e-02
-5.701721087098121643e-02
2.016814611852169037e-02
1.100301295518875122e-01
8.344902889803051949e-04
-1.729691922664642334e-01
9.079904854297637939e-02
-2.852819859981536865e-02
-1.119237393140792847e-01
-7.386478781700134277e-02
-6.275993585586547852e-02
-6.581231951713562012e-02
-6.774299591779708862e-02
1.163324490189552307e-01
-7.570378482341766357e-02
2.244981192052364349e-02
-1.108279358595609665e-02
3.578934073448181152e-02
2.106356173753738403e-01
9.897425025701522827e-02
3.408194333314895630e-02
5.193137377500534058e-02
-1.376284062862396240e-01
-1.970777660608291626e-01
-2.527175098657608032e-02
-4.330705851316452026e-02
-1.000471320003271103e-02
8.952213078737258911e-02
9.752722829580307007e-02
-7.084642350673675537e-02
-7.859296351671218872e-02
-1.091424748301506042e-02
6.613643467426300049e-02
-2.171208150684833527e-03
-5.996286869049072266e-02
6.078189611434936523e-02
-2.919905353337526321e-03
-8.453928679227828979e-02
9.559340775012969971e-02
-1.696987301111221313e-01
1.018706411123275757e-01
-8.659736067056655884e-02
6.580524891614913940e-02
