-5.040074139833450317e-02
-5.425682663917541504e-02
-4.071606695652008057e-02
1.400902569293975830e-01
-1.630192995071411133e-02
6.940628588199615479e-02
4.130494967103004456e-02
-1.737507581710815430e-01
-1.053562611341476440e-01
5.011617392301559448e-02
2.146729035302996635e-03
-1.141410544514656067e-01
3.824792802333831787e-02
-1.666007214225828648e-03
9.672784060239791870e-02
-8.483936637639999390e-02
1.924427039921283722e-02
-1.687287539243698120e-02
8.149337023496627808e-02
-1.209571287035942078e-01
-9.335092455148696899e-02
1.319764554500579834e-01
-4.259581863880157471e-02
-6.351838260889053345e-02
-4.059416800737380981e-02
5.080447718501091003e-02
-2.202689461410045624e-02
3.479998186230659485e-02
-2.900560759007930756e-02
1.711600422859191895e-01
1.548241227865219116e-01
4.178452864289283752e-02
7.420497387647628784e-02
-7.856340706348419189e-02
-9.832981228828430176e-02
1.113685742020606995e-01
-1.507788449525833130e-01
1.025095954537391663e-01
-4.756998643279075623e-02
1.469619721174240112e-01
-9.774384647607803345e-02
-1.776399463415145874e-02
3.984362632036209106e-02
9.540557116270065308e-02
-5.262766778469085693e-02
-4.865007102489471436e-02
-1.943409629166126251e-02
-3.582394495606422424e-02
1.352331787347793579e-01
6.917301565408706665e-02
1.104031130671501160e-01
-8.075819909572601318e-02
-1.153787001967430115e-01
1.329804956912994385e-01
5.238339304924011230e-02
1.060693114995956421e-01
7.764673233032226562e-02
5.443449318408966064e-02
6.712729483842849731e-02
-3.969122841954231262e-02
-9.226525574922561646e-02
2.095496058464050293e-01
-3.770820097997784615e-03
1.152240671217441559e-02
8.183533698320388794e-02
1.247763633728027344e-01
-6.233736127614974976e-02
-8.857362717390060425e-02
1.606924980878829956e-01
2.431778609752655029e-02
1.375026851892471313e-01
8.869392424821853638e-02
-8.650846034288406372e-02
2.994658984243869781e-02
8.400867879390716553e-02
-9.188044816255569458e-02
1.079558506608009338e-01
8.417177945375442505e-03
-5.632108449935913086e-02
-1.296807378530502319e-01
1.901336461305618286e-01
-1.904938966035842896e-01
-9.086573868989944458e-02
-7.838424295186996460e-02
1.229777336120605469e-01
3.690077364444732666e-02
-1.231714710593223572e-01
-2.172196283936500549e-02
8.009874820709228516e-02
5.656100064516067505e-02
-1.625820696353912354e-01
7.303282618522644043e-02
-3.594303503632545471e-02
-1.775003671646118164e-01
-1.134785115718841553e-01
-5.241191014647483826e-02
2.684719301760196686e-02
3.175870701670646667e-02
1.016338989138603210e-01
-8.316518366336822510e-02
-2.299220673739910126e-02
2.372104674577713013e-02
-8.268427848815917969e-02
1.072119846940040588e-01
2.492044307291507721e-02
2.168410457670688629e-03
1.041358057409524918e-02
-9.180293977260589600e-02
-1.336019933223724365e-01
-1.471166461706161499e-01
3.914625197649002075e-02
-1.079956814646720886e-01
9.547672420740127563e-02
4.463058337569236755e-02
5.755884107202291489e-03
-3.947629779577255249e-02
-5.842474475502967834e-02
8.549927175045013428e-02
3.883028402924537659e-02
-6.661608815193176270e-02
5.324549973011016846e-03
4.158275201916694641e-02
6.128161400556564331e-02
7.049333304166793823e-03
3.317527705803513527e-03
1.094087511301040649e-01
-4.498079046607017517e-02
-5.039897561073303223e-02
