-8.601728826761245728e-02
3.653710708022117615e-02
-1.226218342781066895e-01
2.606353349983692169e-02
2.281126566231250763e-02
2.330632507801055908e-02
-7.441227883100509644e-02
-1.387050282210111618e-02
2.012782916426658630e-02
7.329099625349044800e-02
7.531514856964349747e-03
-1.677756197750568390e-02
-1.043425202369689941e-01
2.763596549630165100e-02
-9.381788969039916992e-02
-2.257585339248180389e-02
-7.832740992307662964e-02
4.746129363775253296e-02
1.494082808494567871e-01
-5.187421292066574097e-02
-2.858830615878105164e-02
2.150394469499588013e-01
-8.450414985418319702e-02
-1.254851371049880981e-01
-2.277650870382785797e-02
1.273931264877319336e-01
8.565939217805862427e-02
-1.042310148477554321e-01
-6.641128566116094589e-03
3.544928878545761108e-02
8.623149245977401733e-02
1.430018693208694458e-01
2.640929073095321655e-02
-1.382821500301361084e-01
-7.114719599485397339e-02
-1.470509916543960571e-01
-4.275367781519889832e-02
3.145937621593475342e-02
-1.049307286739349365e-01
4.095962271094322205e-02
-6.331929564476013184e-02
-1.328108012676239014e-01
1.331227272748947144e-01
1.308767795562744141e-01
-2.784004993736743927e-02
-9.120976924896240234e-02
-2.885915897786617279e-02
1.510374434292316437e-02
-6.337052583694458008e-02
-2.667033672332763672e-02
1.299327015876770020e-01
1.283577084541320801e-01
9.542177617549896240e-02
-1.612105816602706909e-01
1.224770247936248779e-01
1.299043465405702591e-02
1.047275289893150330e-01
1.131533831357955933e-01
1.356857270002365112e-01
1.119028925895690918e-01
-5.528505146503448486e-02
7.810311019420623779e-02
-8.790206164121627808e-02
-6.213305518031120300e-02
-5.289206281304359436e-02
-5.998587235808372498e-02
1.959988288581371307e-02
7.325477153062820435e-02
1.353165954351425171e-01
9.898395091295242310e-02
1.165804117918014526e-01
-6.769881397485733032e-02
-1.387225240468978882e-01
1.139879226684570312e-01
1.554456800222396851e-01
-7.612615823745727539e-02
-7.615516334772109985e-02
-1.432693898677825928e-01
3.637738525867462158e-02
-9.332864731550216675e-02
1.632473245263099670e-02
-8.831009268760681152e-02
-2.502427808940410614e-02
-1.688403487205505371e-01
-8.743488043546676636e-02
1.286962721496820450e-02
-7.647381722927093506e-02
-1.069665774703025818e-01
-6.565184146165847778e-02
-1.942519913427531719e-03
7.290549110621213913e-03
6.869965791702270508e-02
-2.300204783678054810e-01
-7.383431494235992432e-02
4.859458282589912415e-02
-1.486932486295700073e-01
4.243259504437446594e-02
6.923012435436248779e-02
-6.758674979209899902e-02
8.566833287477493286e-02
1.203461065888404846e-01
-1.183829363435506821e-02
-1.268902271986007690e-01
8.019374310970306396e-02
1.398416608572006226e-01
3.439499065279960632e-02
-1.217213124036788940e-01
-2.173032239079475403e-02
-3.552399575710296631e-02
2.679710648953914642e-02
6.356520950794219971e-02
4.120189324021339417e-02
6.902220845222473145e-02
1.884114556014537811e-02
-7.106267660856246948e-02
7.162557542324066162e-02
3.629676066339015961e-03
-1.086580678820610046e-01
-8.790723234415054321e-02
2.913113310933113098e-02
-8.994069881737232208e-03
3.146163001656532288e-02
1.321742497384548187e-02
1.071312278509140015e-02
-1.682105511426925659e-01
-6.596133112907409668e-02
-2.674140222370624542e-02
2.674833685159683228e-02
