-7.289676368236541748e-02
4.655457288026809692e-02
-1.264480873942375183e-02
-2.552934223785996437e-03
-1.229179650545120239e-01
2.576596476137638092e-02
2.414814010262489319e-02
-1.308315396308898926e-01
-1.724519729614257812e-01
-1.155306771397590637e-02
-3.727245703339576721e-02
-1.096308529376983643e-01
6.325871497392654419e-02
-6.109497323632240295e-02
5.801193416118621826e-02
-7.010345160961151123e-02
-1.459499727934598923e-02
2.350502647459506989e-02
-7.873057574033737183e-02
-5.760254338383674622e-02
-9.580922871828079224e-02
1.647283434867858887e-01
-2.294193767011165619e-02
-5.976291373372077942e-02
5.173933459445834160e-04
9.382780641317367554e-02
-4.028061032295227051e-02
3.169867396354675293e-02
6.426189839839935303e-02
6.107438355684280396e-02
1.637696325778961182e-01
-6.469925493001937866e-02
1.076796576380729675e-01
-4.705788567662239075e-02
5.375995533540844917e-04
1.269334554672241211e-01
-1.901347786188125610e-01
1.933082193136215210e-02
-7.295009493827819824e-02
2.084020972251892090e-01
-8.729718625545501709e-02
-3.670934215188026428e-02
-3.568757325410842896e-03
5.992042645812034607e-02
-8.348146080970764160e-02
8.180190809071063995e-03
1.371997781097888947e-02
-1.303319167345762253e-02
1.649159789085388184e-01
9.795125573873519897e-02
5.968705937266349792e-02
-1.430423557758331299e-01
-1.162382811307907104e-01
-3.394543752074241638e-02
3.055753931403160095e-02
8.550230413675308228e-02
2.763341553509235382e-02
-2.396990358829498291e-02
1.971984095871448517e-02
-6.635560095310211182e-02
-6.320288032293319702e-02
3.277241066098213196e-02
-7.685351371765136719e-02
1.625269837677478790e-02
-1.034357771277427673e-02
2.959426958113908768e-03
-9.213332831859588623e-02
9.536449797451496124e-03
9.570458531379699707e-02
9.444086998701095581e-02
6.556142866611480713e-02
8.978687226772308350e-02
9.118691086769104004e-03
1.409560721367597580e-02
1.317269355058670044e-01
-8.914163708686828613e-02
1.114804223179817200e-01
5.096915364265441895e-02
-1.313809864223003387e-02
-1.424438655376434326e-01
2.138397991657257080e-01
-1.521552056074142456e-01
-1.038037911057472229e-01
-4.900315776467323303e-02
1.415199488401412964e-01
1.996123231947422028e-02
4.070371855050325394e-03
1.044559478759765625e-01
9.238224476575851440e-02
7.717253267765045166e-02
-1.830187290906906128e-01
7.377249002456665039e-02
-9.614528715610504150e-02
-1.929714530706405640e-01
-1.260556876659393311e-01
-1.645312607288360596e-01
-5.553265288472175598e-02
-4.049927368760108948e-02
1.541231721639633179e-01
-5.058478936553001404e-02
-6.969533115625381470e-02
1.230376213788986206e-02
-1.919074915349483490e-02
1.742634624242782593e-01
-2.554984390735626221e-02
-8.732923120260238647e-02
2.218556031584739685e-02
-8.681375533342361450e-02
-6.009641662240028381e-02
-1.328861266374588013e-01
3.265617787837982178e-02
-9.429620951414108276e-02
1.525693684816360474e-01
4.230982437729835510e-02
-2.666121907532215118e-02
-8.973606675863265991e-02
-7.788512110710144043e-02
7.755678612738847733e-03
6.254123896360397339e-02
-8.206614106893539429e-02
-4.105568863451480865e-03
-9.102634154260158539e-03
5.792493745684623718e-02
9.094830602407455444e-03
-2.957094460725784302e-02
1.618373692035675049e-01
-5.568252503871917725e-02
-8.500295132398605347e-02
