7.747666444629430771e-03
-1.103268861770629883e-01
-6.086017563939094543e-02
2.552766725420951843e-02
4.986111447215080261e-02
7.536828517913818359e-02
-1.877314448356628418e-01
-5.077116191387176514e-02
4.563935799524188042e-04
6.311075389385223389e-02
1.234945878386497498e-01
-8.581496030092239380e-02
-9.700738638639450073e-02
1.808048970997333527e-02
-3.441809117794036865e-02
2.544401958584785461e-02
-8.839458972215652466e-02
-8.670447021722793579e-02
5.018657818436622620e-02
-8.070429414510726929e-02
-7.729288935661315918e-02
1.828812360763549805e-01
2.084195800125598907e-02
-1.679804772138595581e-01
-7.606668025255203247e-02
2.705527655780315399e-02
5.045125260949134827e-02
-9.855994582176208496e-02
3.980025276541709900e-02
3.960713371634483337e-02
8.743759244680404663e-02
8.348964899778366089e-02
-4.281953722238540649e-02
-4.617811366915702820e-02
1.364486850798130035e-02
3.965068608522415161e-03
-1.107083037495613098e-01
1.070354366675019264e-03
-9.937367588281631470e-02
1.235426738858222961e-01
-9.457986056804656982e-02
-1.201267316937446594e-01
4.515071213245391846e-02
1.711738705635070801e-01
-9.620539844036102295e-03
-1.550570428371429443e-01
8.874527178704738617e-03
-4.669664800167083740e-02
-5.768196284770965576e-02
-3.399456664919853210e-02
1.236216574907302856e-01
-5.753987468779087067e-03
1.343042589724063873e-02
6.387006957083940506e-03
1.319948136806488037e-01
1.122373044490814209e-01
2.116671055555343628e-01
1.040420755743980408e-01
1.641041636466979980e-01
8.874177932739257812e-02
-1.113202422857284546e-01
1.417164951562881470e-01
7.998265209607779980e-04
-2.190631348639726639e-03
5.844769999384880066e-02
-2.054243814200162888e-03
-4.979361221194267273e-02
6.585798412561416626e-02
1.985162496566772461e-01
8.083688467741012573e-02
1.172467768192291260e-01
-1.897945441305637360e-02
-1.143431141972541809e-01
7.352811843156814575e-02
9.553922712802886963e-02
-5.975019931793212891e-02
1.583893597126007080e-02
-8.232925087213516235e-02
1.073241680860519409e-01
-1.016334593296051025e-01
-1.960634626448154449e-02
-2.082894742488861084e-01
5.789627879858016968e-02
-1.196391973644495010e-02
-2.421686798334121704e-02
9.721524082124233246e-03
-1.188881993293762207e-01
-7.408647798001766205e-03
4.526823386549949646e-02
1.088484749197959900e-02
-8.496410399675369263e-02
1.337278187274932861e-01
-1.266311556100845337e-01
-1.539077311754226685e-01
-2.654012851417064667e-02
-2.124419808387756348e-01
5.600198637694120407e-03
2.029958553612232208e-02
1.277602463960647583e-02
9.168354421854019165e-02
-1.868014596402645111e-02
2.721774391829967499e-03
-1.766973137855529785e-01
1.349813938140869141e-01
1.030058786273002625e-01
3.391356393694877625e-02
-2.381666377186775208e-02
1.609059050679206848e-02
-6.887240707874298096e-02
2.693437598645687103e-02
-2.904623746871948242e-02
1.115591973066329956e-01
6.061758100986480713e-02
4.498816654086112976e-02
-9.505420178174972534e-02
4.771809279918670654e-02
-4.691031575202941895e-02
-1.236636713147163391e-01
-2.953526191413402557e-02
1.895872317254543304e-02
4.531408473849296570e-02
8.424616418778896332e-03
3.813724964857101440e-02
6.024537235498428345e-02
-1.296844631433486938e-01
4.729310050606727600e-02
-1.222488358616828918e-01
4.738980904221534729e-02
