-1.726744920015335083e-01
7.642328273504972458e-03
-4.307709634304046631e-02
5.963191390037536621e-02
-1.021293476223945618e-01
3.372225910425186157e-02
5.201557651162147522e-02
-1.902948468923568726e-01
-1.010775417089462280e-01
3.516942635178565979e-02
-1.850582845509052277e-02
-1.230379566550254822e-01
3.999965265393257141e-02
-1.920876838266849518e-02
1.345394253730773926e-01
-6.918980926275253296e-02
-3.645020723342895508e-02
1.545718777924776077e-02
-2.955091476906090975e-04
-1.471659094095230103e-01
-5.125805363059043884e-02
2.046943902969360352e-01
1.434163190424442291e-02
-1.171030178666114807e-01
6.298743933439254761e-02
5.468960478901863098e-02
-3.248218819499015808e-02
7.393939793109893799e-02
-7.226973772048950195e-02
1.009535640478134155e-01
6.653797626495361328e-02
-5.129493307322263718e-03
1.130539402365684509e-01
-3.699409216642379761e-02
2.066308632493019104e-03
8.588501065969467163e-02
-1.751666516065597534e-01
4.491858556866645813e-02
-1.128191128373146057e-02
1.191045045852661133e-01
-8.069641143083572388e-02
-1.050961390137672424e-01
3.064688295125961304e-02
1.434006839990615845e-01
2.198351919651031494e-02
6.935910880565643311e-02
1.159473787993192673e-02
3.111016191542148590e-02
1.313390880823135376e-01
5.000048130750656128e-02
5.270630121231079102e-02
-6.372159719467163086e-02
-6.336812674999237061e-02
-1.090627238154411316e-01
-5.617118999361991882e-02
1.026101633906364441e-01
1.113421656191349030e-02
2.394944429397583008e-02
5.454580485820770264e-02
3.860751911997795105e-02
-1.713256537914276123e-02
9.973368048667907715e-02
1.778341084718704224e-02
4.409867152571678162e-02
-2.408999949693679810e-03
2.993874065577983856e-02
-6.890084594488143921e-02
-2.419937029480934143e-02
8.638730645179748535e-02
1.162988841533660889e-01
8.341218531131744385e-02
1.099754422903060913e-01
-3.462516143918037415e-02
3.863863274455070496e-02
1.235567480325698853e-01
-5.711503699421882629e-02
1.308343857526779175e-01
-8.005858212709426880e-02
-5.340526625514030457e-02
-1.457791775465011597e-01
2.064204365015029907e-01
-1.190475896000862122e-01
-1.323662847280502319e-01
-3.462338820099830627e-02
1.347953826189041138e-01
-6.753443926572799683e-02
-5.994902178645133972e-02
1.387202292680740356e-01
1.807858347892761230e-01
-2.552079968154430389e-02
-1.529120653867721558e-01
1.000180467963218689e-01
-6.404431164264678955e-02
-7.852660119533538818e-02
-1.890827715396881104e-01
-1.672031879425048828e-01
-1.991502707824110985e-03
4.220561310648918152e-02
1.583829224109649658e-01
-5.765630677342414856e-02
-1.091437228024005890e-02
1.864620298147201538e-02
-5.744145065546035767e-02
1.340338438749313354e-01
-8.837824687361717224e-03
-1.175963804125785828e-01
-7.414500415325164795e-02
2.158061601221561432e-02
-1.093962695449590683e-02
-1.380449086427688599e-01
6.908123195171356201e-02
-7.513795047998428345e-02
6.926955282688140869e-02
8.002708852291107178e-02
-5.578972399234771729e-03
-1.439233869314193726e-01
-1.241614967584609985e-01
-3.064957074820995331e-02
-1.106039062142372131e-02
-8.729860186576843262e-02
-4.189632833003997803e-02
-3.655297041404992342e-04
1.242435798048973083e-01
-4.556059837341308594e-02
1.627086661756038666e-02
2.860132046043872833e-02
-6.542053818702697754e-02
2.466262318193912506e-02
