-9.840195626020431519e-02
-9.088245034217834473e-02
-9.218291938304901123e-02
1.020784080028533936e-01
1.885413378477096558e-02
7.579915225505828857e-02
-1.452997177839279175e-01
-1.238366938196122646e-03
-1.171578988432884216e-01
-1.728023774921894073e-02
1.971585117280483246e-02
1.780282333493232727e-02
-8.714454621076583862e-02
-7.011047005653381348e-02
-6.780025549232959747e-03
5.644959211349487305e-02
-3.613223508000373840e-02
-7.721269875764846802e-02
3.858895227313041687e-02
-6.758490204811096191e-02
4.897163063287734985e-02
1.269097775220870972e-01
4.097710922360420227e-02
-6.531127542257308960e-02
-1.919963657855987549e-01
2.227560430765151978e-01
9.498082101345062256e-02
-1.107807829976081848e-01
-6.101816147565841675e-02
-2.221364760771393776e-03
1.004932224750518799e-01
-2.146380394697189331e-02
4.568024724721908569e-02
-1.117806360125541687e-01
-1.191112697124481201e-01
-2.611489407718181610e-02
-7.000627368688583374e-02
6.410438567399978638e-02
-4.126648604869842529e-02
9.949728846549987793e-03
-1.595766246318817139e-01
-1.331516802310943604e-01
-4.303796961903572083e-02
1.753357499837875366e-01
2.745518647134304047e-02
-4.630677402019500732e-02
1.751519506797194481e-03
7.160389423370361328e-02
2.891375869512557983e-02
-4.409562796354293823e-02
2.315751910209655762e-01
7.738356944173574448e-03
2.669083513319492340e-02
-7.326036691665649414e-02
3.235746175050735474e-02
2.705072239041328430e-02
8.121022582054138184e-02
1.396716665476560593e-02
5.160034820437431335e-02
1.094791665673255920e-01
9.378789924085140228e-03
1.157063394784927368e-01
-5.051070451736450195e-02
7.240229845046997070e-02
-9.926091879606246948e-02
-3.268936276435852051e-02
3.474770858883857727e-02
5.597640946507453918e-02
1.325209289789199829e-01
-1.817251741886138916e-02
4.150749742984771729e-02
6.589574273675680161e-03
-1.298180371522903442e-01
1.312360018491744995e-01
1.751703917980194092e-01
-1.137398779392242432e-01
-6.383348256349563599e-02
-6.996703147888183594e-02
-7.696934044361114502e-02
-1.977446824312210083e-01
4.077745229005813599e-02
-1.026767641305923462e-01
-1.647944301366806030e-01
-7.971301674842834473e-02
-1.944896019995212555e-02
2.952246926724910736e-02
-1.146971359848976135e-01
2.700057998299598694e-02
3.873955458402633667e-02
-1.727325655519962311e-02
-5.763290077447891235e-02
8.602343499660491943e-02
-1.754392981529235840e-01
-8.126356452703475952e-02
-6.968845427036285400e-02
-1.986010968685150146e-01
1.301986575126647949e-01
-7.625004649162292480e-02
-5.802336335182189941e-02
7.099109143018722534e-02
5.806627869606018066e-02
5.524056404829025269e-02
-8.273081481456756592e-02
8.010404556989669800e-02
6.562966108322143555e-02
5.273528769612312317e-02
-5.678492411971092224e-02
3.363030776381492615e-02
-1.009216085076332092e-01
2.162729762494564056e-02
7.278310507535934448e-02
1.100079566240310669e-01
1.700201481580734253e-01
1.017468497157096863e-01
-4.500531405210494995e-02
1.038808282464742661e-02
-1.252402961254119873e-01
-5.899075791239738464e-02
2.939920872449874878e-02
8.714125305414199829e-02
1.472074240446090698e-01
-2.929694578051567078e-02
-8.039589039981365204e-03
-4.250520467758178711e-02
-9.030887484550476074e-02
-2.100668475031852722e-02
2.942209597676992416e-03
2.145631052553653717e-02
