-1.009658500552177429e-01
-4.153572395443916321e-02
-1.061851009726524353e-01
2.871798165142536163e-02
-1.660400256514549255e-02
-1.689846813678741455e-02
-9.022219479084014893e-02
-2.416750416159629822e-03
-4.449938982725143433e-02
-4.913779348134994507e-02
-1.014806553721427917e-01
1.490751467645168304e-02
-9.988410025835037231e-02
-1.316855698823928833e-01
2.773726545274257660e-02
6.489162147045135498e-02
-9.521047770977020264e-02
-1.875174418091773987e-02
3.526019677519798279e-02
-6.265268474817276001e-02
6.545608630403876305e-04
1.720164716243743896e-01
-9.376538917422294617e-03
-1.416573673486709595e-02
-1.356937289237976074e-01
2.497013956308364868e-01
6.010600179433822632e-02
-8.556625247001647949e-02
-7.391723990440368652e-02
4.883397743105888367e-02
1.860000342130661011e-01
1.843654364347457886e-02
9.360338002443313599e-02
-1.121563315391540527e-01
-5.618974193930625916e-02
-6.564762443304061890e-02
-6.186877936124801636e-02
6.240284536033868790e-03
-6.832894403487443924e-03
1.813341304659843445e-02
-1.996804028749465942e-01
-1.440176963806152344e-01
-4.921419546008110046e-02
1.260417997837066650e-01
2.909420430660247803e-02
3.499770164489746094e-02
2.929071895778179169e-02
3.496572375297546387e-02
8.851554244756698608e-02
-6.699213385581970215e-02
2.130375355482101440e-01
2.451057545840740204e-02
6.764397025108337402e-02
-4.760431125760078430e-02
8.913217484951019287e-02
-1.730790478177368641e-03
7.156684249639511108e-02
5.373296141624450684e-02
1.084509938955307007e-01
4.867228120565414429e-02
7.734530419111251831e-02
1.052774861454963684e-01
-3.760732710361480713e-02
7.949110120534896851e-02
-1.020583882927894592e-01
-2.710642665624618530e-02
4.414789006114006042e-02
8.739456534385681152e-02
1.226635426282882690e-01
1.360573153942823410e-02
-3.924096748232841492e-02
-4.979618266224861145e-02
-1.013949587941169739e-01
1.141343936324119568e-01
1.682494878768920898e-01
-1.800768524408340454e-01
1.427095662802457809e-02
-5.425579845905303955e-02
-1.218618303537368774e-01
-1.571710556745529175e-01
4.599793255329132080e-02
-2.457858435809612274e-02
-1.186841949820518494e-01
-1.166747733950614929e-01
-5.334301665425300598e-02
1.923346146941184998e-02
-1.896397620439529419e-01
3.054254502058029175e-02
1.295943558216094971e-01
4.434585943818092346e-02
-2.294451557099819183e-02
1.718580424785614014e-01
-4.381304606795310974e-02
-7.455696165561676025e-02
-1.229988038539886475e-01
-1.712869554758071899e-01
6.161212176084518433e-02
1.606156677007675171e-02
-2.037234045565128326e-02
6.609051674604415894e-02
4.668630659580230713e-02
-6.497138645499944687e-03
-2.245821245014667511e-02
-4.007791727781295776e-02
-4.278444219380617142e-03
1.481904368847608566e-02
-7.633099704980850220e-02
1.555572543293237686e-02
-4.595539718866348267e-02
1.777357235550880432e-02
7.471100240945816040e-02
6.072729825973510742e-02
2.168644368648529053e-01
5.843506753444671631e-02
-5.466105416417121887e-02
-4.256521910429000854e-02
-1.886131167411804199e-01
-2.892283909022808075e-02
-2.773817861452698708e-03
8.376798033714294434e-02
7.566199451684951782e-02
4.154207184910774231e-03
-1.236415654420852661e-01
3.420353680849075317e-02
-7.611760497093200684e-02
-4.578121751546859741e-02
-7.349922321736812592e-03
8.321687579154968262e-02
