-5.424920842051506042e-02
5.221582576632499695e-02
-7.307775318622589111e-02
1.088974699378013611e-01
-9.037394076585769653e-02
7.888915389776229858e-02
6.148761138319969177e-02
-1.933757066726684570e-01
-1.344830244779586792e-01
4.909208789467811584e-02
-1.451096534729003906e-01
-2.159275859594345093e-02
3.707192139700055122e-03
-5.870265886187553406e-03
5.608005449175834656e-02
-7.114902883768081665e-02
1.142629012465476990e-01
9.970955550670623779e-02
1.474980544298887253e-02
-8.406908810138702393e-02
1.199958194047212601e-02
1.554961204528808594e-01
7.139351218938827515e-02
3.114415332674980164e-02
-9.480139613151550293e-02
9.170718491077423096e-02
-5.617659166455268860e-02
4.270843416452407837e-02
1.104361144825816154e-03
1.298437267541885376e-01
4.018373787403106689e-02
8.060331642627716064e-02
1.005664020776748657e-01
-7.683086208999156952e-03
-6.610005348920822144e-02
1.090205535292625427e-01
-1.568994522094726562e-01
-6.040538847446441650e-02
-5.197142064571380615e-02
1.524946540594100952e-01
-1.154690831899642944e-01
-1.493594888597726822e-02
-3.087005764245986938e-02
5.318909510970115662e-02
2.543104626238346100e-02
-2.085237763822078705e-03
7.566828280687332153e-02
-3.875348344445228577e-02
8.740667253732681274e-02
-7.010066416114568710e-03
1.274931281805038452e-01
-3.602799773216247559e-02
-7.398313283920288086e-02
4.428652673959732056e-02
-3.159946575760841370e-02
7.446949183940887451e-02
1.044670417904853821e-01
3.980895970016717911e-03
3.947638347744941711e-02
7.966475561261177063e-03
-7.301136851310729980e-02
6.311572343111038208e-02
-6.727485358715057373e-02
-7.256790529936552048e-03
6.321259588003158569e-02
1.046147868037223816e-01
-3.728210180997848511e-02
3.364137932658195496e-02
8.313477039337158203e-02
8.251821994781494141e-02
1.166253089904785156e-01
1.811173409223556519e-01
-5.105443671345710754e-02
2.160586416721343994e-02
9.123662859201431274e-02
-1.197107788175344467e-02
3.338004648685455322e-02
-3.517029434442520142e-02
-2.168819122016429901e-02
-2.192831486463546753e-01
1.877632290124893188e-01
-1.857047975063323975e-01
-1.395151317119598389e-01
-7.878089696168899536e-02
1.036573275923728943e-01
2.644518576562404633e-02
-4.903211817145347595e-02
5.491036549210548401e-02
1.630600988864898682e-01
2.049341797828674316e-02
-1.903535425662994385e-01
-4.529148340225219727e-02
-6.354908645153045654e-02
-7.210156321525573730e-02
-6.485480070114135742e-02
-6.107567623257637024e-02
-7.941875606775283813e-02
-2.911261469125747681e-02
7.512420415878295898e-02
-7.483998686075210571e-02
-1.475174129009246826e-01
4.945540800690650940e-02
2.690474689006805420e-02
1.886052936315536499e-01
-1.293511539697647095e-01
-8.673051744699478149e-02
-9.207604825496673584e-02
-1.245037615299224854e-01
-8.015214651823043823e-02
-7.432800531387329102e-02
7.449680124409496784e-04
-1.145624220371246338e-01
8.950805664062500000e-02
6.952770054340362549e-02
-3.446519840508699417e-03
-8.358608186244964600e-02
2.112810499966144562e-02
6.094276160001754761e-02
-1.161215268075466156e-02
-3.101468645036220551e-02
8.647896349430084229e-02
1.004856601357460022e-01
1.061221882700920105e-01
-9.037644416093826294e-02
-8.996894955635070801e-02
1.165722832083702087e-01
-1.128067076206207275e-01
-9.073980897665023804e-02
