-1.250161677598953247e-01
-2.741558291018009186e-02
-1.689971238374710083e-01
1.244125217199325562e-01
9.688112884759902954e-02
-1.160534191876649857e-02
-3.323560580611228943e-02
-5.830629542469978333e-02
-2.973881550133228302e-02
1.390091031789779663e-01
-4.517883062362670898e-02
-7.976456731557846069e-02
-1.753125488758087158e-01
-1.125406175851821899e-01
-5.005276203155517578e-02
5.535955727100372314e-02
9.726339951157569885e-03
-7.829891890287399292e-02
1.600923389196395874e-01
4.952453821897506714e-02
-1.160699054598808289e-01
1.295753866434097290e-01
-1.047441288828849792e-01
-4.704361036419868469e-02
-1.060603037476539612e-01
1.082804799079895020e-01
6.507099419832229614e-02
-1.001342684030532837e-01
-7.687055319547653198e-02
-1.525677973404526711e-03
1.338892728090286255e-01
1.386668533086776733e-01
-1.246462482959032059e-02
-9.774175286293029785e-02
-4.264763370156288147e-02
-5.373679846525192261e-02
1.958778128027915955e-02
1.458645910024642944e-01
1.991329342126846313e-02
-9.108335711061954498e-03
-1.177660524845123291e-01
-9.236294776201248169e-03
3.373969346284866333e-02
1.454604566097259521e-01
-1.030710265040397644e-01
1.086153164505958557e-01
-7.933939248323440552e-02
-4.643203690648078918e-02
-9.302835911512374878e-02
-6.465979386121034622e-03
8.613507449626922607e-02
1.231422200798988342e-01
-1.855594478547573090e-02
-6.454542279243469238e-03
-8.955772966146469116e-02
9.639821201562881470e-02
8.237081766128540039e-02
8.376296609640121460e-02
1.032394692301750183e-01
8.639573934487998486e-06
4.666180536150932312e-02
1.048526391386985779e-01
-1.440899670124053955e-01
-6.895162910223007202e-02
-3.377307206392288208e-02
6.956347078084945679e-02
4.810990020632743835e-02
-2.466440759599208832e-02
1.335995048284530640e-01
-1.114298962056636810e-02
8.872056752443313599e-02
-1.735341176390647888e-02
-1.779707372188568115e-01
5.592837557196617126e-02
1.046756729483604431e-01
-1.161041036248207092e-01
-1.029171869158744812e-01
-7.453000545501708984e-02
-2.345953881740570068e-02
-3.521778853610157967e-03
1.374975889921188354e-01
-1.011273786425590515e-01
-1.025506854057312012e-01
-1.811588108539581299e-01
-2.408319897949695587e-02
8.514904975891113281e-02
-5.556360632181167603e-02
-1.184802949428558350e-01
1.336563229560852051e-01
3.519706055521965027e-02
8.639723062515258789e-02
3.892771899700164795e-02
-1.202466059476137161e-02
-5.673776194453239441e-02
6.770493090152740479e-02
3.114480897784233093e-02
2.631400711834430695e-02
4.773633927106857300e-02
2.045767754316329956e-02
5.573046207427978516e-02
1.221022084355354309e-01
4.109399020671844482e-02
-9.907822310924530029e-02
1.527016311883926392e-01
2.703617326915264130e-02
7.587385177612304688e-02
-1.125965565443038940e-01
1.010258644819259644e-01
-1.647969931364059448e-01
9.869916737079620361e-02
8.997302502393722534e-02
7.003574818372726440e-02
8.126202970743179321e-02
-1.147562488913536072e-01
-8.039349317550659180e-02
8.672194927930831909e-02
-1.289874780923128128e-02
-5.140025541186332703e-02
-7.947216928005218506e-02
-6.130855064839124680e-03
-9.432061761617660522e-02
8.992420881986618042e-02
-8.203831501305103302e-03
1.054195128381252289e-02
-1.377691179513931274e-01
-7.507152110338211060e-02
5.207927152514457703e-02
7.609323412179946899e-02
