-1.191701665520668030e-01
-4.288651421666145325e-02
-6.110628321766853333e-02
2.055336833000183105e-01
1.356273293495178223e-01
1.092182025313377380e-01
-1.110996827483177185e-01
-8.685059845447540283e-02
-5.994011834263801575e-02
-6.440533697605133057e-02
9.958352893590927124e-02
-1.033620387315750122e-01
-9.389098733663558960e-02
4.765271395444869995e-02
-8.249396830797195435e-02
-4.038747400045394897e-02
-1.008081287145614624e-01
-8.895985037088394165e-02
2.390327118337154388e-02
-2.483978169038891792e-04
-1.717969030141830444e-02
1.648454964160919189e-01
5.325281992554664612e-02
-1.593574732542037964e-01
-1.358218640089035034e-01
9.709454327821731567e-02
8.761709928512573242e-02
-1.043710708618164062e-01
2.608781494200229645e-02
-4.953017830848693848e-02
5.677948519587516785e-02
1.242638230323791504e-01
-5.203757062554359436e-02
-9.985499083995819092e-02
-1.494925916194915771e-01
4.201536625623703003e-02
-1.046170219779014587e-01
2.205365151166915894e-02
-7.711461931467056274e-02
4.479281231760978699e-02
-6.761181168258190155e-03
-8.768139779567718506e-02
3.257894515991210938e-02
1.100095808506011963e-01
-6.122424080967903137e-02
-1.197652593255043030e-01
-3.920899331569671631e-02
-1.939885667525231838e-03
2.296837556059472263e-05
1.022222684696316719e-03
1.488440632820129395e-01
2.303042681887745857e-03
-2.495839260518550873e-02
2.844816073775291443e-02
-2.219939604401588440e-03
1.141848340630531311e-01
1.469598561525344849e-01
7.785739377140998840e-03
5.743720754981040955e-02
3.367638960480690002e-02
-1.383647024631500244e-01
9.298558533191680908e-02
-7.584997266530990601e-02
-5.930715799331665039e-02
-5.696061067283153534e-03
2.014395780861377716e-02
2.092706039547920227e-02
7.136299461126327515e-02
1.736963242292404175e-01
5.180370435118675232e-02
1.243269070982933044e-01
-8.330062963068485260e-03
-1.252966523170471191e-01
1.281197071075439453e-01
6.980492919683456421e-02
-3.199392557144165039e-02
-7.318905740976333618e-02
-1.180123314261436462e-01
6.731323897838592529e-02
-1.577953100204467773e-01
6.437055766582489014e-02
-1.644345521926879883e-01
-1.138355806469917297e-01
-1.258998811244964600e-01
1.126036327332258224e-02
-8.219080977141857147e-03
-6.582680344581604004e-02
-3.158588334918022156e-02
2.639613114297389984e-02
7.643694430589675903e-02
-8.101499080657958984e-02
4.761524125933647156e-02
-1.586256027221679688e-01
-1.455352604389190674e-01
4.534814506769180298e-02
-1.581821739673614502e-01
9.537603706121444702e-02
-5.342125147581100464e-02
3.137757256627082825e-02
4.799659550189971924e-02
-7.624192535877227783e-02
8.434887230396270752e-02
-1.819050461053848267e-01
1.522020548582077026e-01
9.990894794464111328e-02
1.124005839228630066e-01
-4.729257151484489441e-02
-3.113758191466331482e-02
-1.335272938013076782e-01
4.200505092740058899e-02
1.704945811070501804e-03
6.083817686885595322e-03
5.172808468341827393e-02
1.436868216842412949e-02
1.797113008797168732e-02
9.935459494590759277e-02
-5.741064622998237610e-02
-6.367330253124237061e-02
1.158172916620969772e-02
6.147960945963859558e-02
7.311818748712539673e-02
4.533972218632698059e-02
3.378399461507797241e-02
-4.686123132705688477e-02
-1.580508202314376831e-01
4.150941967964172363e-03
8.514762669801712036e-02
-9.074454754590988159e-02
