4.275732114911079407e-02
-1.875564157962799072e-01
-5.211851000785827637e-02
6.308480352163314819e-02
-3.663010522723197937e-02
5.856434348970651627e-03
-1.472064405679702759e-01
-5.555170774459838867e-02
-1.543495804071426392e-01
-5.479009356349706650e-03
-7.046546041965484619e-02
-3.837969526648521423e-02
-4.134635627269744873e-02
-1.237807571887969971e-01
3.966895118355751038e-02
5.562053620815277100e-02
3.063938347622752190e-03
-6.302041001617908478e-03
1.067065075039863586e-01
-1.484509855508804321e-01
-7.415140420198440552e-02
5.893345549702644348e-02
3.873102366924285889e-02
-5.759193748235702515e-02
-5.553131550550460815e-02
8.602327108383178711e-02
1.100559951737523079e-03
-1.311675366014242172e-02
7.514144480228424072e-02
-5.496758222579956055e-02
1.805018782615661621e-01
-5.494656786322593689e-02
3.042396716773509979e-02
-6.013301387429237366e-02
-4.860465973615646362e-02
1.574160531163215637e-02
-6.205550953745841980e-02
9.688366204500198364e-02
5.230224225670099258e-03
1.792560517787933350e-01
4.157001525163650513e-02
-4.538741335272789001e-02
-1.558700669556856155e-02
9.827972203493118286e-02
-1.343007478863000870e-02
2.268200740218162537e-02
-6.843878072686493397e-04
-2.488011494278907776e-02
8.598038554191589355e-02
4.879283159971237183e-02
1.394815295934677124e-01
-5.702527239918708801e-03
-6.435032188892364502e-02
8.072787523269653320e-02
1.133492067456245422e-01
-4.637986887246370316e-03
3.217916470021009445e-03
2.820897474884986877e-02
1.269048452377319336e-01
3.513093292713165283e-02
2.229485474526882172e-02
6.502252072095870972e-02
6.144680455327033997e-02
-5.157623440027236938e-03
-7.102813571691513062e-03
-1.230134075740352273e-04
9.576098993420600891e-03
-8.491377532482147217e-02
1.774939447641372681e-01
-1.443700958043336868e-02
-9.946141391992568970e-03
-2.174045331776142120e-02
-1.668548285961151123e-01
2.652205526828765869e-02
1.763197481632232666e-01
-1.156968623399734497e-01
5.458350293338298798e-03
3.358117863535881042e-02
-4.843594878911972046e-02
3.920511808246374130e-03
1.922180801630020142e-01
-1.674646735191345215e-01
3.324593231081962585e-02
-4.522788524627685547e-02
2.043507620692253113e-02
1.014990136027336121e-01
-1.547699570655822754e-01
2.437439560890197754e-02
1.365839540958404541e-01
-7.321221381425857544e-02
-6.243667751550674438e-02
9.633704274892807007e-02
-3.334587067365646362e-02
-2.562746703624725342e-01
-1.004556715488433838e-01
-6.059331819415092468e-02
1.000062748789787292e-01
-4.574591293931007385e-02
1.352943293750286102e-02
-3.233893215656280518e-02
6.122585851699113846e-03
1.903767697513103485e-03
-4.662172496318817139e-02
1.887396425008773804e-01
1.895360648632049561e-01
3.770296275615692139e-02
3.602593392133712769e-02
-1.199036836624145508e-01
-1.928745657205581665e-01
-6.937447935342788696e-02
2.951566502451896667e-02
4.268071427941322327e-02
1.363825649023056030e-01
8.732091635465621948e-02
-1.989106088876724243e-01
-8.271191618405282497e-04
-9.115359187126159668e-02
-6.665106862783432007e-02
5.295737832784652710e-02
5.758990067988634109e-03
2.383727394044399261e-02
-1.251179873943328857e-01
-8.182007074356079102e-02
1.825577318668365479e-01
2.008845796808600426e-03
2.190116420388221741e-02
-4.222484305500984192e-02
5.354356020689010620e-02
