-3.740496188402175903e-02
-8.272991515696048737e-03
-1.265177279710769653e-01
2.318720072507858276e-01
4.948932677507400513e-03
8.881795406341552734e-02
-2.491093613207340240e-02
-1.509791463613510132e-01
-8.542145788669586182e-02
2.659475617110729218e-02
-1.392958909273147583e-01
-3.722866624593734741e-02
-1.662950515747070312e-01
-6.097458675503730774e-02
-1.137572452425956726e-01
-8.144582062959671021e-02
3.291592374444007874e-02
1.061699613928794861e-01
1.564187258481979370e-01
-5.534020066261291504e-02
7.725957781076431274e-02
1.273881942033767700e-01
1.128020137548446655e-01
-6.278698891401290894e-02
-1.390120536088943481e-01
1.755078881978988647e-02
-5.146371573209762573e-02
-5.329959094524383545e-02
-8.385691046714782715e-02
1.267109215259552002e-01
3.325201570987701416e-02
7.731337845325469971e-02
3.694859892129898071e-02
3.714100643992424011e-02
-1.879667341709136963e-01
8.823795616626739502e-02
-1.186887621879577637e-01
-8.573811501264572144e-02
-1.297911703586578369e-01
1.285966783761978149e-01
-7.829811424016952515e-02
-3.604405000805854797e-02
-3.365984186530113220e-02
7.274248055182397366e-04
1.286019086837768555e-01
-1.381072551012039185e-01
-4.373068735003471375e-02
-1.033938378095626831e-01
-2.874092024285346270e-04
9.120129048824310303e-02
1.529680043458938599e-01
6.381250917911529541e-02
2.261573635041713715e-02
8.453499525785446167e-02
1.317641735076904297e-01
1.039147078990936279e-01
6.675529479980468750e-02
6.642296165227890015e-02
1.061015855520963669e-02
1.718370802700519562e-02
1.516952365636825562e-02
9.845067560672760010e-02
3.487981855869293213e-02
-5.114927887916564941e-02
2.604050748050212860e-02
1.352514326572418213e-01
1.619204506278038025e-02
2.437159791588783264e-02
1.038214117288589478e-01
5.069296807050704956e-02
1.698232144117355347e-01
1.127957701683044434e-01
-2.179026789963245392e-02
2.936041913926601410e-02
-6.688813120126724243e-02
6.055948324501514435e-03
2.025709114968776703e-02
-8.503839373588562012e-02
1.599493436515331268e-02
-1.578061431646347046e-01
1.243948414921760559e-01
-2.169313728809356689e-01
-7.528797537088394165e-02
-5.138618499040603638e-02
2.013098448514938354e-02
7.875247974880039692e-04
-4.266012832522392273e-02
-4.033546522259712219e-02
1.166416108608245850e-01
1.210255473852157593e-01
-1.124422326683998108e-01
-1.343040959909558296e-03
2.216366492211818695e-02
-3.281975537538528442e-02
8.978073298931121826e-02
-2.874301513656973839e-03
-5.724465474486351013e-03
3.329629451036453247e-02
2.701960504055023193e-02
1.863858848810195923e-02
-4.276843741536140442e-02
4.183774814009666443e-02
-2.361693233251571655e-02
1.738398820161819458e-01
-3.868535533547401428e-02
-2.097553806379437447e-03
-8.831203728914260864e-02
-8.047388494014739990e-02
-6.006104126572608948e-02
-1.004569083452224731e-01
-1.314129233360290527e-01
2.251615934073925018e-02
3.010362572968006134e-02
-3.094992786645889282e-02
-8.066122978925704956e-02
1.418926566839218140e-02
5.605955421924591064e-02
6.775694899260997772e-03
-1.155634298920631409e-01
-5.269852653145790100e-02
4.651523754000663757e-02
1.465459018945693970e-01
6.648815702646970749e-03
-6.285269558429718018e-02
-1.788825094699859619e-01
-6.429534405469894409e-02
-1.309624761343002319e-01
-1.729288697242736816e-02
